Batch	m_SP	21	N7a_L	C5H5	N1a	N1b	N1c	T1a	T1b	T1c	T1d	T1e	T1f	T2	T3	T4a	T4b	T4c	T4d	T4e	T4f	T4g	T4h																																							
2.956219e-11	9.75695285704e-06	0.1	2.956219e-11	5.622374e-10	0.1	2.956219e-11	4.981993e-16	0.1	2.956219e-11	1.190667e-14	0.1	2.956219e-11	4.921355e-15	0.1	2.956219e-11	2.111955e-12	0.1	2.956219e-11	1.987804e-11	0.1	2.956219e-11	2.742775e-11	0.1	2.956219e-11	2.314057e-11	0.1	2.956219e-11	2.128071e-11	0.1	2.956219e-11	1.878706e-11	0.1	2.956219e-11	7.310068e-11	0.1	2.956219e-11	6.669862e-09	0.1	2.956219e-11	2.182085e-08	0.1	2.956219e-11	3.781051e-08	0.1	2.956219e-11	1.619443e-08	0.1	2.956219e-11	2.043315e-08	0.1	2.956219e-11	4.815508e-08	0.1	2.956219e-11	3.862187e-08	0.1	2.956219e-11	4.013807e-08	0.1	2.956219e-11	1.254364e-08	0.1
6.18238e-11	9.49933200956e-06	0.1	6.18238e-11	1.163225e-09	0.1	6.18238e-11	2.124628e-15	0.1	6.18238e-11	5.085577e-14	0.1	6.18238e-11	2.103153e-14	0.1	6.18238e-11	4.372433e-12	0.1	6.18238e-11	4.059689e-11	0.1	6.18238e-11	5.729189e-11	0.1	6.18238e-11	4.832191e-11	0.1	6.18238e-11	4.419962e-11	0.1	6.18238e-11	3.853784e-11	0.1	6.18238e-11	1.517541e-10	0.1	6.18238e-11	1.377728e-08	0.1	6.18238e-11	4.482923e-08	0.1	6.18238e-11	7.826311e-08	0.1	6.18238e-11	3.329138e-08	0.1	6.18238e-11	4.210461e-08	0.1	6.18238e-11	9.997046e-08	0.1	6.18238e-11	7.942363e-08	0.1	6.18238e-11	8.253191e-08	0.1	6.18238e-11	2.532444e-08	0.1
1.416213e-10	8.89375312138e-06	0.1	1.416213e-10	2.595847e-09	0.1	1.416213e-10	1.048024e-14	0.1	1.416213e-10	2.518025e-13	0.1	1.416213e-10	1.042715e-13	0.1	1.416213e-10	9.767649e-12	0.1	1.416213e-10	8.791279e-11	0.1	1.416213e-10	1.306774e-10	0.1	1.416213e-10	1.101463e-10	0.1	1.416213e-10	9.956635e-11	0.1	1.416213e-10	8.432943e-11	0.1	1.416213e-10	3.414241e-10	0.1	1.416213e-10	3.062145e-08	0.1	1.416213e-10	9.835145e-08	0.1	1.416213e-10	1.747301e-07	0.1	1.416213e-10	7.315798e-08	0.1	1.416213e-10	9.305877e-08	0.1	1.416213e-10	2.246703e-07	0.1	1.416213e-10	1.746264e-07	0.1	1.416213e-10	1.81402e-07	0.1	1.416213e-10	5.330038e-08	0.1
2.446536e-10	8.173848519759999e-06	0.1	2.446536e-10	4.339744e-09	0.1	2.446536e-10	2.891216e-14	0.1	2.446536e-10	6.979392e-13	0.1	2.446536e-10	2.894962e-13	0.1	2.446536e-10	1.633458e-11	0.1	2.446536e-10	1.419344e-10	0.1	2.446536e-10	2.239666e-10	0.1	2.446536e-10	1.886593e-10	0.1	2.446536e-10	1.68408e-10	0.1	2.446536e-10	1.378701e-10	0.1	2.446536e-10	5.765223e-10	0.1	2.446536e-10	5.09201e-08	0.1	2.446536e-10	1.609625e-07	0.1	2.446536e-10	2.918888e-07	0.1	2.446536e-10	1.200046e-07	0.1	2.446536e-10	1.537515e-07	0.1	2.446536e-10	3.780243e-07	0.1	2.446536e-10	2.864487e-07	0.1	2.446536e-10	2.974226e-07	0.1	2.446536e-10	8.295866e-08	0.1
3.755112e-10	7.3502987910839995e-06	0.1	3.755112e-10	6.399215e-09	0.1	3.755112e-10	6.176459e-14	0.1	3.755112e-10	1.499629e-12	0.1	3.755112e-10	6.232865e-13	0.1	3.755112e-10	2.4069e-11	0.1	3.755112e-10	2.013975e-10	0.1	3.755112e-10	3.393226e-10	0.1	3.755112e-10	2.856803e-10	0.1	3.755112e-10	2.518501e-10	0.1	3.755112e-10	1.984892e-10	0.1	3.755112e-10	8.602211e-10	0.1	3.755112e-10	7.456045e-08	0.1	3.755112e-10	2.312559e-07	0.1	3.755112e-10	4.291374e-07	0.1	3.755112e-10	1.729751e-07	0.1	3.755112e-10	2.235668e-07	0.1	3.755112e-10	5.599048e-07	0.1	3.755112e-10	4.12439e-07	0.1	3.755112e-10	4.279555e-07	0.1	3.755112e-10	1.124226e-07	0.1
5.393937e-10	6.44467760387e-06	0.1	5.393937e-10	8.762657e-09	0.1	5.393937e-10	1.131006e-13	0.1	5.393937e-10	2.765047e-12	0.1	5.393937e-10	1.151994e-12	0.1	5.393937e-10	3.289852e-11	0.1	5.393937e-10	2.649777e-10	0.1	5.393937e-10	4.780069e-10	0.1	5.393937e-10	4.023193e-10	0.1	5.393937e-10	3.506195e-10	0.1	5.393937e-10	2.653667e-10	0.1	5.393937e-10	1.193863e-09	0.1	5.393937e-10	1.011711e-07	0.1	5.393937e-10	3.069373e-07	0.1	5.393937e-10	5.838635e-07	0.1	5.393937e-10	2.306851e-07	0.1	5.393937e-10	3.012511e-07	0.1	5.393937e-10	7.672565e-07	0.1	5.393937e-10	5.483783e-07	0.1	5.393937e-10	5.685022e-07	0.1	5.393937e-10	1.398104e-07	0.1
7.145871e-10	5.609476908217999e-06	0.1	7.145871e-10	1.10609e-08	0.1	7.145871e-10	1.753886e-13	0.1	7.145871e-10	4.317801e-12	0.1	7.145871e-10	1.803261e-12	0.1	7.145871e-10	4.143245e-11	0.1	7.145871e-10	3.232569e-10	0.1	7.145871e-10	6.18681e-10	0.1	7.145871e-10	5.207272e-10	0.1	7.145871e-10	4.499068e-10	0.1	7.145871e-10	3.285265e-10	0.1	7.145871e-10	1.526264e-09	0.1	7.145871e-10	1.264138e-07	0.1	7.145871e-10	3.752416e-07	0.1	7.145871e-10	7.298349e-07	0.1	7.145871e-10	2.837462e-07	0.1	7.145871e-10	3.743554e-07	0.1	7.145871e-10	9.645947e-07	0.1	7.145871e-10	6.710331e-07	0.1	7.145871e-10	6.949773e-07	0.1	7.145871e-10	1.609124e-07	0.1
9.350244e-10	4.722108055949999e-06	0.1	9.350244e-10	1.367209e-08	0.1	9.350244e-10	2.583936e-13	0.1	9.350244e-10	6.413525e-12	0.1	9.350244e-10	2.686049e-12	0.1	9.350244e-10	5.108258e-11	0.1	9.350244e-10	3.867378e-10	0.1	9.350244e-10	7.847081e-10	0.1	9.350244e-10	6.607202e-10	0.1	9.350244e-10	5.667563e-10	0.1	9.350244e-10	3.9915e-10	0.1	9.350244e-10	1.912453e-09	0.1	9.350244e-10	1.541764e-07	0.1	9.350244e-10	4.462191e-07	0.1	9.350244e-10	8.879421e-07	0.1	9.350244e-10	3.405429e-07	0.1	9.350244e-10	4.545678e-07	0.1	9.350244e-10	1.179698e-06	0.1	9.350244e-10	7.980497e-07	0.1	9.350244e-10	8.255254e-07	0.1	9.350244e-10	1.795211e-07	0.1
1.155462e-09	3.985321691972e-06	0.1	1.155462e-09	1.602605e-08	0.1	1.155462e-09	3.415842e-13	0.1	1.155462e-09	8.542789e-12	0.1	1.155462e-09	3.587021e-12	0.1	1.155462e-09	5.977219e-11	0.1	1.155462e-09	4.427226e-10	0.1	1.155462e-09	9.393994e-10	0.1	1.155462e-09	7.91493e-10	0.1	1.155462e-09	6.758631e-10	0.1	1.155462e-09	4.62707e-10	0.1	1.155462e-09	2.266684e-09	0.1	1.155462e-09	1.781981e-07	0.1	1.155462e-09	5.038349e-07	0.1	1.155462e-09	1.021082e-06	0.1	1.155462e-09	3.887461e-07	0.1	1.155462e-09	5.243154e-07	0.1	1.155462e-09	1.361582e-06	0.1	1.155462e-09	9.004461e-07	0.1	1.155462e-09	9.303857e-07	0.1	1.155462e-09	1.92404e-07	0.1
1.375899e-09	3.371694864754e-06	0.1	1.375899e-09	1.817153e-08	0.1	1.375899e-09	4.217419e-13	0.1	1.375899e-09	1.062145e-11	0.1	1.375899e-09	4.47029e-12	0.1	1.375899e-09	6.771742e-11	0.1	1.375899e-09	4.935854e-10	0.1	1.375899e-09	1.084051e-09	0.1	1.375899e-09	9.141389e-10	0.1	1.375899e-09	7.783992e-10	0.1	1.375899e-09	5.211863e-10	0.1	1.375899e-09	2.592416e-09	0.1	1.375899e-09	1.991077e-07	0.1	1.375899e-09	5.508005e-07	0.1	1.375899e-09	1.132749e-06	0.1	1.375899e-09	4.303598e-07	0.1	1.375899e-09	5.857411e-07	0.1	1.375899e-09	1.51447e-06	0.1	1.375899e-09	9.831382e-07	0.1	1.375899e-09	1.014774e-06	0.1	1.375899e-09	2.016106e-07	0.1
1.596336e-09	2.8592468139199997e-06	0.1	1.596336e-09	2.014816e-08	0.1	1.596336e-09	4.971289e-13	0.1	1.596336e-09	1.260101e-11	0.1	1.596336e-09	5.314738e-12	0.1	1.596336e-09	7.508398e-11	0.1	1.596336e-09	5.40822e-10	0.1	1.596336e-09	1.220022e-09	0.1	1.596336e-09	1.029777e-09	0.1	1.596336e-09	8.753671e-10	0.1	1.596336e-09	5.759043e-10	0.1	1.596336e-09	2.89262e-09	0.1	1.596336e-09	2.174159e-07	0.1	1.596336e-09	5.891839e-07	0.1	1.596336e-09	1.226072e-06	0.1	1.596336e-09	4.668496e-07	0.1	1.596336e-09	6.404385e-07	0.1	1.596336e-09	1.642395e-06	0.1	1.596336e-09	1.049972e-06	0.1	1.596336e-09	1.082765e-06	0.1	1.596336e-09	2.083731e-07	0.1
1.835533e-09	2.397119156658e-06	0.1	1.835533e-09	2.213948e-08	0.1	1.835533e-09	5.726264e-13	0.1	1.835533e-09	1.460826e-11	0.1	1.835533e-09	6.174191e-12	0.1	1.835533e-09	8.256748e-11	0.1	1.835533e-09	5.890907e-10	0.1	1.835533e-09	1.359226e-09	0.1	1.835533e-09	1.148531e-09	0.1	1.835533e-09	9.75275e-10	0.1	1.835533e-09	6.320571e-10	0.1	1.835533e-09	3.192482e-09	0.1	1.835533e-09	2.348234e-07	0.1	1.835533e-09	6.229819e-07	0.1	1.835533e-09	1.309775e-06	0.1	1.835533e-09	5.018916e-07	0.1	1.835533e-09	6.935595e-07	0.1	1.835533e-09	1.757221e-06	0.1	1.835533e-09	1.108066e-06	0.1	1.835533e-09	1.141701e-06	0.1	1.835533e-09	2.138193e-07	0.1
2.102867e-09	1.9747221047679997e-06	0.1	2.102867e-09	2.42159e-08	0.1	2.102867e-09	6.489786e-13	0.1	2.102867e-09	1.666476e-11	0.1	2.102867e-09	7.057998e-12	0.1	2.102867e-09	9.044334e-11	0.1	2.102867e-09	6.403058e-10	0.1	2.102867e-09	1.506245e-09	0.1	2.102867e-09	1.274353e-09	0.1	2.102867e-09	1.081478e-09	0.1	2.102867e-09	6.91776e-10	0.1	2.102867e-09	3.499149e-09	0.1	2.102867e-09	2.517662e-07	0.1	2.102867e-09	6.529812e-07	0.1	2.102867e-09	1.385297e-06	0.1	2.102867e-09	5.366295e-07	0.1	2.102867e-09	7.466024e-07	0.1	2.102867e-09	1.860912e-06	0.1	2.102867e-09	1.15884e-06	0.1	2.102867e-09	1.193093e-06	0.1	2.102867e-09	2.182815e-07	0.1
2.370202e-09	1.632357952188e-06	0.1	2.370202e-09	2.617094e-08	0.1	2.370202e-09	7.171887e-13	0.1	2.370202e-09	1.852595e-11	0.1	2.370202e-09	7.860647e-12	0.1	2.370202e-09	9.791841e-11	0.1	2.370202e-09	6.893351e-10	0.1	2.370202e-09	1.64584e-09	0.1	2.370202e-09	1.394185e-09	0.1	2.370202e-09	1.182923e-09	0.1	2.370202e-09	7.490083e-10	0.1	2.370202e-09	3.779099e-09	0.1	2.370202e-09	2.665245e-07	0.1	2.370202e-09	6.764318e-07	0.1	2.370202e-09	1.445201e-06	0.1	2.370202e-09	5.676454e-07	0.1	2.370202e-09	7.940883e-07	0.1	2.370202e-09	1.943275e-06	0.1	2.370202e-09	1.197839e-06	0.1	2.370202e-09	1.232513e-06	0.1	2.370202e-09	2.215249e-07	0.1
2.670095e-09	1.324094617578e-06	0.1	2.670095e-09	2.825634e-08	0.1	2.670095e-09	7.848719e-13	0.1	2.670095e-09	2.039676e-11	0.1	2.670095e-09	8.67002e-12	0.1	2.670095e-09	1.059316e-10	0.1	2.670095e-09	7.423248e-10	0.1	2.670095e-09	1.79527e-09	0.1	2.670095e-09	1.522823e-09	0.1	2.670095e-09	1.292094e-09	0.1	2.670095e-09	8.108944e-10	0.1	2.670095e-09	4.065054e-09	0.1	2.670095e-09	2.809585e-07	0.1	2.670095e-09	6.965935e-07	0.1	2.670095e-09	1.497425e-06	0.1	2.670095e-09	5.988682e-07	0.1	2.670095e-09	8.418046e-07	0.1	2.670095e-09	2.015268e-06	0.1	2.670095e-09	1.230701e-06	0.1	2.670095e-09	1.265738e-06	0.1	2.670095e-09	2.241173e-07	0.1
2.991692e-09	1.0636782560094001e-06	0.1	2.991692e-09	3.040205e-08	0.1	2.991692e-09	8.483605e-13	0.1	2.991692e-09	2.217501e-11	0.1	2.991692e-09	9.441641e-12	0.1	2.991692e-09	1.141798e-10	0.1	2.991692e-09	7.9728e-10	0.1	2.991692e-09	1.948728e-09	0.1	2.991692e-09	1.65528e-09	0.1	2.991692e-09	1.404743e-09	0.1	2.991692e-09	8.750992e-10	0.1	2.991692e-09	4.342705e-09	0.1	2.991692e-09	2.944159e-07	0.1	2.991692e-09	7.125838e-07	0.1	2.991692e-09	1.539484e-06	0.1	2.991692e-09	6.289062e-07	0.1	2.991692e-09	8.874311e-07	0.1	2.991692e-09	2.073541e-06	0.1	2.991692e-09	1.256127e-06	0.1	2.991692e-09	1.291528e-06	0.1	2.991692e-09	2.260005e-07	0.1
3.31329e-09	8.598368829184001e-07	0.1	3.31329e-09	3.248464e-08	0.1	3.31329e-09	9.038573e-13	0.1	3.31329e-09	2.374943e-11	0.1	3.31329e-09	1.012655e-11	0.1	3.31329e-09	1.221426e-10	0.1	3.31329e-09	8.506688e-10	0.1	3.31329e-09	2.09653e-09	0.1	3.31329e-09	1.783156e-09	0.1	3.31329e-09	1.513675e-09	0.1	3.31329e-09	9.375027e-10	0.1	3.31329e-09	4.594131e-09	0.1	3.31329e-09	3.061878e-07	0.1	3.31329e-09	7.240909e-07	0.1	3.31329e-09	1.570307e-06	0.1	3.31329e-09	6.559596e-07	0.1	3.31329e-09	9.281317e-07	0.1	3.31329e-09	2.116626e-06	0.1	3.31329e-09	1.273875e-06	0.1	3.31329e-09	1.309678e-06	0.1	3.31329e-09	2.272052e-07	0.1
3.687564e-09	6.772792941431999e-07	0.1	3.687564e-09	3.486064e-08	0.1	3.687564e-09	9.601401e-13	0.1	3.687564e-09	2.536664e-11	0.1	3.687564e-09	1.083165e-11	0.1	3.687564e-09	1.311185e-10	0.1	3.687564e-09	9.111726e-10	0.1	3.687564e-09	2.262795e-09	0.1	3.687564e-09	1.927317e-09	0.1	3.687564e-09	1.636646e-09	0.1	3.687564e-09	1.008272e-09	0.1	3.687564e-09	4.858117e-09	0.1	3.687564e-09	3.18192e-07	0.1	3.687564e-09	7.332258e-07	0.1	3.687564e-09	1.595408e-06	0.1	3.687564e-09	6.842437e-07	0.1	3.687564e-09	9.701381e-07	0.1	3.687564e-09	2.152285e-06	0.1	3.687564e-09	1.287371e-06	0.1	3.687564e-09	1.323742e-06	0.1	3.687564e-09	2.279908e-07	0.1
4.075008e-09	5.352270052458e-07	0.1	4.075008e-09	3.729495e-08	0.1	4.075008e-09	1.010807e-12	0.1	4.075008e-09	2.684134e-11	0.1	4.075008e-09	1.147585e-11	0.1	4.075008e-09	1.401372e-10	0.1	4.075008e-09	9.722407e-10	0.1	4.075008e-09	2.429599e-09	0.1	4.075008e-09	2.072233e-09	0.1	4.075008e-09	1.760403e-09	0.1	4.075008e-09	1.079771e-09	0.1	4.075008e-09	5.103464e-09	0.1	4.075008e-09	3.290906e-07	0.1	4.075008e-09	7.391176e-07	0.1	4.075008e-09	1.612301e-06	0.1	4.075008e-09	7.103848e-07	0.1	4.075008e-09	1.008344e-06	0.1	4.075008e-09	2.177048e-06	0.1	4.075008e-09	1.295459e-06	0.1	4.075008e-09	1.332558e-06	0.1	4.075008e-09	2.283107e-07	0.1
4.462452e-09	4.2881706348719994e-07	0.1	4.462452e-09	3.97265e-08	0.1	4.462452e-09	1.055345e-12	0.1	4.462452e-09	2.815324e-11	0.1	4.462452e-09	1.204982e-11	0.1	4.462452e-09	1.489206e-10	0.1	4.462452e-09	1.031926e-09	0.1	4.462452e-09	2.591914e-09	0.1	4.462452e-09	2.213494e-09	0.1	4.462452e-09	1.881147e-09	0.1	4.462452e-09	1.149735e-09	0.1	4.462452e-09	5.324506e-09	0.1	4.462452e-09	3.387578e-07	0.1	4.462452e-09	7.423958e-07	0.1	4.462452e-09	1.622474e-06	0.1	4.462452e-09	7.337317e-07	0.1	4.462452e-09	1.041873e-06	0.1	4.462452e-09	2.192891e-06	0.1	4.462452e-09	1.299316e-06	0.1	4.462452e-09	1.337296e-06	0.1	4.462452e-09	2.282887e-07	0.1
4.928914e-09	3.353432130016e-07	0.1	4.928914e-09	4.267395e-08	0.1	4.928914e-09	1.102628e-12	0.1	4.928914e-09	2.956253e-11	0.1	4.928914e-09	1.266722e-11	0.1	4.928914e-09	1.592246e-10	0.1	4.928914e-09	1.102146e-09	0.1	4.928914e-09	2.782269e-09	0.1	4.928914e-09	2.379426e-09	0.1	4.928914e-09	2.023094e-09	0.1	4.928914e-09	1.232165e-09	0.1	4.928914e-09	5.563281e-09	0.1	4.928914e-09	3.491083e-07	0.1	4.928914e-09	7.439291e-07	0.1	4.928914e-09	1.628459e-06	0.1	4.928914e-09	7.585796e-07	0.1	4.928914e-09	1.076856e-06	0.1	4.928914e-09	2.203714e-06	0.1	4.928914e-09	1.300136e-06	0.1	4.928914e-09	1.339372e-06	0.1	4.928914e-09	2.279705e-07	0.1
5.395376e-09	2.69120667479e-07	0.1	5.395376e-09	4.566248e-08	0.1	5.395376e-09	1.144564e-12	0.1	5.395376e-09	3.082692e-11	0.1	5.395376e-09	1.32218e-11	0.1	5.395376e-09	1.692644e-10	0.1	5.395376e-09	1.170727e-09	0.1	5.395376e-09	2.967776e-09	0.1	5.395376e-09	2.541379e-09	0.1	5.395376e-09	2.161733e-09	0.1	5.395376e-09	1.3128e-09	0.1	5.395376e-09	5.77687e-09	0.1	5.395376e-09	3.583476e-07	0.1	5.395376e-09	7.436987e-07	0.1	5.395376e-09	1.629807e-06	0.1	5.395376e-09	7.802894e-07	0.1	5.395376e-09	1.106756e-06	0.1	5.395376e-09	2.208482e-06	0.1	5.395376e-09	1.298234e-06	0.1	5.395376e-09	1.338915e-06	0.1	5.395376e-09	2.274645e-07	0.1
5.861838e-09	2.221497469162e-07	0.1	5.861838e-09	4.870598e-08	0.1	5.861838e-09	1.182394e-12	0.1	5.861838e-09	3.197901e-11	0.1	5.861838e-09	1.372763e-11	0.1	5.861838e-09	1.790618e-10	0.1	5.861838e-09	1.237768e-09	0.1	5.861838e-09	3.148899e-09	0.1	5.861838e-09	2.699707e-09	0.1	5.861838e-09	2.297349e-09	0.1	5.861838e-09	1.391746e-09	0.1	5.861838e-09	5.969344e-09	0.1	5.861838e-09	3.667069e-07	0.1	5.861838e-09	7.423525e-07	0.1	5.861838e-09	1.628162e-06	0.1	5.861838e-09	7.992406e-07	0.1	5.861838e-09	1.132291e-06	0.1	5.861838e-09	2.209379e-06	0.1	5.861838e-09	1.294669e-06	0.1	5.861838e-09	1.336954e-06	0.1	5.861838e-09	2.268645e-07	0.1
6.428736e-09	1.8299751997639998e-07	0.1	6.428736e-09	5.24916e-08	0.1	6.428736e-09	1.224119e-12	0.1	6.428736e-09	3.326197e-11	0.1	6.428736e-09	1.429149e-11	0.1	6.428736e-09	1.906618e-10	0.1	6.428736e-09	1.31725e-09	0.1	6.428736e-09	3.363516e-09	0.1	6.428736e-09	2.887543e-09	0.1	6.428736e-09	2.458323e-09	0.1	6.428736e-09	1.485498e-09	0.1	6.428736e-09	6.179548e-09	0.1	6.428736e-09	3.759213e-07	0.1	6.428736e-09	7.398415e-07	0.1	6.428736e-09	1.623733e-06	0.1	6.428736e-09	8.190289e-07	0.1	6.428736e-09	1.158334e-06	0.1	6.428736e-09	2.207354e-06	0.1	6.428736e-09	1.289106e-06	0.1	6.428736e-09	1.333506e-06	0.1	6.428736e-09	2.260948e-07	0.1
6.995635e-09	1.5715017693359998e-07	0.1	6.995635e-09	5.638141e-08	0.1	6.995635e-09	1.262237e-12	0.1	6.995635e-09	3.444451e-11	0.1	6.995635e-09	1.481174e-11	0.1	6.995635e-09	2.019386e-10	0.1	6.995635e-09	1.394597e-09	0.1	6.995635e-09	3.572356e-09	0.1	6.995635e-09	3.07053e-09	0.1	6.995635e-09	2.615214e-09	0.1	6.995635e-09	1.576883e-09	0.1	6.995635e-09	6.368123e-09	0.1	6.995635e-09	3.843004e-07	0.1	6.995635e-09	7.368486e-07	0.1	6.995635e-09	1.617866e-06	0.1	6.995635e-09	8.357359e-07	0.1	6.995635e-09	1.179777e-06	0.1	6.995635e-09	2.203499e-06	0.1	6.995635e-09	1.282948e-06	0.1	6.995635e-09	1.329588e-06	0.1	6.995635e-09	2.253411e-07	0.1
7.586714e-09	1.394862802186e-07	0.1	7.586714e-09	6.055339e-08	0.1	7.586714e-09	1.298974e-12	0.1	7.586714e-09	3.559298e-11	0.1	7.586714e-09	1.53175e-11	0.1	7.586714e-09	2.133607e-10	0.1	7.586714e-09	1.472999e-09	0.1	7.586714e-09	3.784108e-09	0.1	7.586714e-09	3.256246e-09	0.1	7.586714e-09	2.774507e-09	0.1	7.586714e-09	1.669654e-09	0.1	7.586714e-09	6.54567e-09	0.1	7.586714e-09	3.923123e-07	0.1	7.586714e-09	7.335566e-07	0.1	7.586714e-09	1.611105e-06	0.1	7.586714e-09	8.503495e-07	0.1	7.586714e-09	1.19808e-06	0.1	7.586714e-09	2.198653e-06	0.1	7.586714e-09	1.276422e-06	0.1	7.586714e-09	1.325476e-06	0.1	7.586714e-09	2.246099e-07	0.1
8.274517e-09	1.265527788938e-07	0.1	8.274517e-09	6.555993e-08	0.1	8.274517e-09	1.338633e-12	0.1	8.274517e-09	3.684151e-11	0.1	8.274517e-09	1.586789e-11	0.1	8.274517e-09	2.262274e-10	0.1	8.274517e-09	1.561362e-09	0.1	8.274517e-09	4.022897e-09	0.1	8.274517e-09	3.465862e-09	0.1	8.274517e-09	2.954363e-09	0.1	8.274517e-09	1.774367e-09	0.1	8.274517e-09	6.731961e-09	0.1	8.274517e-09	4.00864e-07	0.1	8.274517e-09	7.297754e-07	0.1	8.274517e-09	1.603124e-06	0.1	8.274517e-09	8.643081e-07	0.1	8.274517e-09	1.215129e-06	0.1	8.274517e-09	2.192829e-06	0.1	8.274517e-09	1.269099e-06	0.1	8.274517e-09	1.320992e-06	0.1	8.274517e-09	2.238518e-07	0.1
8.96232e-09	1.187036358798e-07	0.1	8.96232e-09	7.072899e-08	0.1	8.96232e-09	1.375563e-12	0.1	8.96232e-09	3.801144e-11	0.1	8.96232e-09	1.638416e-11	0.1	8.96232e-09	2.386416e-10	0.1	8.96232e-09	1.64665e-09	0.1	8.96232e-09	4.253543e-09	0.1	8.96232e-09	3.668492e-09	0.1	8.96232e-09	3.128278e-09	0.1	8.96232e-09	1.875576e-09	0.1	8.96232e-09	6.90009e-09	0.1	8.96232e-09	4.087161e-07	0.1	8.96232e-09	7.262092e-07	0.1	8.96232e-09	1.595466e-06	0.1	8.96232e-09	8.755358e-07	0.1	8.96232e-09	1.228508e-06	0.1	8.96232e-09	2.187328e-06	0.1	8.96232e-09	1.262297e-06	0.1	8.96232e-09	1.317002e-06	0.1	8.96232e-09	2.231989e-07	0.1
9.788025e-09	1.1322210351263999e-07	0.1	9.788025e-09	7.714437e-08	0.1	9.788025e-09	1.41687e-12	0.1	9.788025e-09	3.93276e-11	0.1	9.788025e-09	1.696556e-11	0.1	9.788025e-09	2.529527e-10	0.1	9.788025e-09	1.744994e-09	0.1	9.788025e-09	4.519718e-09	0.1	9.788025e-09	3.902505e-09	0.1	9.788025e-09	3.329182e-09	0.1	9.788025e-09	1.992432e-09	0.1	9.788025e-09	7.082045e-09	0.1	9.788025e-09	4.173554e-07	0.1	9.788025e-09	7.223133e-07	0.1	9.788025e-09	1.587001e-06	0.1	9.788025e-09	8.860793e-07	0.1	9.788025e-09	1.240781e-06	0.1	9.788025e-09	2.181477e-06	0.1	9.788025e-09	1.254944e-06	0.1	9.788025e-09	1.312924e-06	0.1	9.788025e-09	2.225455e-07	0.1
1.061373e-08	1.1018374528101999e-07	0.1	1.061373e-08	8.378087e-08	0.1	1.061373e-08	1.455322e-12	0.1	1.061373e-08	4.055926e-11	0.1	1.061373e-08	1.751018e-11	0.1	1.061373e-08	2.666244e-10	0.1	1.061373e-08	1.838958e-09	0.1	1.061373e-08	4.774267e-09	0.1	1.061373e-08	4.126442e-09	0.1	1.061373e-08	3.521482e-09	0.1	1.061373e-08	2.10422e-09	0.1	1.061373e-08	7.245851e-09	0.1	1.061373e-08	4.252506e-07	0.1	1.061373e-08	7.188614e-07	0.1	1.061373e-08	1.579437e-06	0.1	1.061373e-08	8.940574e-07	0.1	1.061373e-08	1.249879e-06	0.1	1.061373e-08	2.176531e-06	0.1	1.061373e-08	1.248479e-06	0.1	1.061373e-08	1.309574e-06	0.1	1.061373e-08	2.220155e-07	0.1
1.161777e-08	1.0822430447062e-07	0.1	1.161777e-08	9.21345e-08	0.1	1.161777e-08	1.498691e-12	0.1	1.161777e-08	4.195534e-11	0.1	1.161777e-08	1.812814e-11	0.1	1.161777e-08	2.824007e-10	0.1	1.161777e-08	1.947398e-09	0.1	1.161777e-08	5.068297e-09	0.1	1.161777e-08	4.385265e-09	0.1	1.161777e-08	3.743789e-09	0.1	1.161777e-08	2.233377e-09	0.1	1.161777e-08	7.424593e-09	0.1	1.161777e-08	4.339783e-07	0.1	1.161777e-08	7.152249e-07	0.1	1.161777e-08	1.57142e-06	0.1	1.161777e-08	9.010793e-07	0.1	1.161777e-08	1.257778e-06	0.1	1.161777e-08	2.171636e-06	0.1	1.161777e-08	1.241708e-06	0.1	1.161777e-08	1.306328e-06	0.1	1.161777e-08	2.215054e-07	0.1
1.26666e-08	1.071965063069139e-07	0.1	1.26666e-08	1.011745e-07	0.1	1.26666e-08	1.540436e-12	0.1	1.26666e-08	4.330564e-11	0.1	1.26666e-08	1.872642e-11	0.1	1.26666e-08	2.979089e-10	0.1	1.26666e-08	2.053999e-09	0.1	1.26666e-08	5.357611e-09	0.1	1.26666e-08	4.640079e-09	0.1	1.26666e-08	3.962694e-09	0.1	1.26666e-08	2.360483e-09	0.1	1.26666e-08	7.591093e-09	0.1	1.26666e-08	4.421974e-07	0.1	1.26666e-08	7.119969e-07	0.1	1.26666e-08	1.564269e-06	0.1	1.26666e-08	9.060403e-07	0.1	1.26666e-08	1.263355e-06	0.1	1.26666e-08	2.167605e-06	0.1	1.26666e-08	1.235727e-06	0.1	1.26666e-08	1.303701e-06	0.1	1.26666e-08	2.210929e-07	0.1
1.389465e-08	1.065957863816271e-07	0.1	1.389465e-08	1.121383e-07	0.1	1.389465e-08	1.585142e-12	0.1	1.389465e-08	4.475852e-11	0.1	1.389465e-08	1.937078e-11	0.1	1.389465e-08	3.148441e-10	0.1	1.389465e-08	2.170413e-09	0.1	1.389465e-08	5.673843e-09	0.1	1.389465e-08	4.918741e-09	0.1	1.389465e-08	4.20213e-09	0.1	1.389465e-08	2.49943e-09	0.1	1.389465e-08	7.763876e-09	0.1	1.389465e-08	4.507989e-07	0.1	1.389465e-08	7.088223e-07	0.1	1.389465e-08	1.557209e-06	0.1	1.389465e-08	9.096177e-07	0.1	1.389465e-08	1.267494e-06	0.1	1.389465e-08	2.163939e-06	0.1	1.389465e-08	1.229872e-06	0.1	1.389465e-08	1.301347e-06	0.1	1.389465e-08	2.207215e-07	0.1
1.533223e-08	1.062360106132654e-07	0.1	1.533223e-08	1.254503e-07	0.1	1.533223e-08	1.632309e-12	0.1	1.533223e-08	4.629893e-11	0.1	1.533223e-08	2.005465e-11	0.1	1.533223e-08	3.330653e-10	0.1	1.533223e-08	2.295666e-09	0.1	1.533223e-08	6.014403e-09	0.1	1.533223e-08	5.21899e-09	0.1	1.533223e-08	4.46016e-09	0.1	1.533223e-08	2.649078e-09	0.1	1.533223e-08	7.940445e-09	0.1	1.533223e-08	4.596466e-07	0.1	1.533223e-08	7.057492e-07	0.1	1.533223e-08	1.550354e-06	0.1	1.533223e-08	9.116978e-07	0.1	1.533223e-08	1.270191e-06	0.1	1.533223e-08	2.16064e-06	0.1	1.533223e-08	1.22423e-06	0.1	1.533223e-08	1.299259e-06	0.1	1.533223e-08	2.203884e-07	0.1
1.695759e-08	1.0599342448934449e-07	0.1	1.695759e-08	1.410621e-07	0.1	1.695759e-08	1.679613e-12	0.1	1.695759e-08	4.785169e-11	0.1	1.695759e-08	2.07447e-11	0.1	1.695759e-08	3.517026e-10	0.1	1.695759e-08	2.423777e-09	0.1	1.695759e-08	6.363061e-09	0.1	1.695759e-08	5.526524e-09	0.1	1.695759e-08	4.724494e-09	0.1	1.695759e-08	2.802291e-09	0.1	1.695759e-08	8.111972e-09	0.1	1.695759e-08	4.682803e-07	0.1	1.695759e-08	7.028924e-07	0.1	1.695759e-08	1.543964e-06	0.1	1.695759e-08	9.122894e-07	0.1	1.695759e-08	1.271525e-06	0.1	1.695759e-08	2.157712e-06	0.1	1.695759e-08	1.21901e-06	0.1	1.695759e-08	1.297432e-06	0.1	1.695759e-08	2.200927e-07	0.1
1.878605e-08	1.0579011157601621e-07	0.1	1.878605e-08	1.592572e-07	0.1	1.878605e-08	1.726044e-12	0.1	1.878605e-08	4.938374e-11	0.1	1.878605e-08	2.142625e-11	0.1	1.878605e-08	3.703601e-10	0.1	1.878605e-08	2.552025e-09	0.1	1.878605e-08	6.712406e-09	0.1	1.878605e-08	5.834806e-09	0.1	1.878605e-08	4.989513e-09	0.1	1.878605e-08	2.955813e-09	0.1	1.878605e-08	8.275084e-09	0.1	1.878605e-08	4.765122e-07	0.1	1.878605e-08	7.002366e-07	0.1	1.878605e-08	1.538013e-06	0.1	1.878605e-08	9.116354e-07	0.1	1.878605e-08	1.271773e-06	0.1	1.878605e-08	2.15499e-06	0.1	1.878605e-08	1.214182e-06	0.1	1.878605e-08	1.295756e-06	0.1	1.878605e-08	2.198167e-07	0.1
2.092553e-08	1.055834187306259e-07	0.1	2.092553e-08	1.81288e-07	0.1	2.092553e-08	1.772396e-12	0.1	2.092553e-08	5.092175e-11	0.1	2.092553e-08	2.211117e-11	0.1	2.092553e-08	3.893725e-10	0.1	2.092553e-08	2.682709e-09	0.1	2.092553e-08	7.068717e-09	0.1	2.092553e-08	6.149375e-09	0.1	2.092553e-08	5.25998e-09	0.1	2.092553e-08	3.112399e-09	0.1	2.092553e-08	8.432696e-09	0.1	2.092553e-08	4.844752e-07	0.1	2.092553e-08	6.976485e-07	0.1	2.092553e-08	1.532207e-06	0.1	2.092553e-08	9.099407e-07	0.1	2.092553e-08	1.271165e-06	0.1	2.092553e-08	2.152183e-06	0.1	2.092553e-08	1.209503e-06	0.1	2.092553e-08	1.294045e-06	0.1	2.092553e-08	2.195309e-07	0.1
2.314277e-08	1.053842927331389e-07	0.1	2.314277e-08	2.048407e-07	0.1	2.314277e-08	1.812613e-12	0.1	2.314277e-08	5.226395e-11	0.1	2.314277e-08	2.270954e-11	0.1	2.314277e-08	4.062179e-10	0.1	2.314277e-08	2.798493e-09	0.1	2.314277e-08	7.38469e-09	0.1	2.314277e-08	6.428455e-09	0.1	2.314277e-08	5.49997e-09	0.1	2.314277e-08	3.251261e-09	0.1	2.314277e-08	8.56498e-09	0.1	2.314277e-08	4.911562e-07	0.1	2.314277e-08	6.953731e-07	0.1	2.314277e-08	1.527102e-06	0.1	2.314277e-08	9.077217e-07	0.1	2.314277e-08	1.270019e-06	0.1	2.314277e-08	2.149453e-06	0.1	2.314277e-08	1.20541e-06	0.1	2.314277e-08	1.292393e-06	0.1	2.314277e-08	2.192522e-07	0.1
2.586435e-08	1.051526693888617e-07	0.1	2.586435e-08	2.345866e-07	0.1	2.586435e-08	1.852814e-12	0.1	2.586435e-08	5.361423e-11	0.1	2.586435e-08	2.331221e-11	0.1	2.586435e-08	4.234404e-10	0.1	2.586435e-08	2.916866e-09	0.1	2.586435e-08	7.708031e-09	0.1	2.586435e-08	6.71417e-09	0.1	2.586435e-08	5.745704e-09	0.1	2.586435e-08	3.393363e-09	0.1	2.586435e-08	8.69258e-09	0.1	2.586435e-08	4.975885e-07	0.1	2.586435e-08	6.929667e-07	0.1	2.586435e-08	1.521709e-06	0.1	2.586435e-08	9.048321e-07	0.1	2.586435e-08	1.268279e-06	0.1	2.586435e-08	2.146168e-06	0.1	2.586435e-08	1.201103e-06	0.1	2.586435e-08	1.290413e-06	0.1	2.586435e-08	2.189166e-07	0.1
2.891306e-08	1.0490596034781309e-07	0.1	2.891306e-08	2.687929e-07	0.1	2.891306e-08	1.887991e-12	0.1	2.891306e-08	5.480476e-11	0.1	2.891306e-08	2.384429e-11	0.1	2.891306e-08	4.389104e-10	0.1	2.891306e-08	3.023188e-09	0.1	2.891306e-08	7.998761e-09	0.1	2.891306e-08	6.971195e-09	0.1	2.891306e-08	5.9668e-09	0.1	2.891306e-08	3.521133e-09	0.1	2.891306e-08	8.799669e-09	0.1	2.891306e-08	5.029654e-07	0.1	2.891306e-08	6.906194e-07	0.1	2.891306e-08	1.516458e-06	0.1	2.891306e-08	9.016837e-07	0.1	2.891306e-08	1.266135e-06	0.1	2.891306e-08	2.142476e-06	0.1	2.891306e-08	1.196924e-06	0.1	2.891306e-08	1.288191e-06	0.1	2.891306e-08	2.185392e-07	0.1
3.233324e-08	1.0464176919356339e-07	0.1	3.233324e-08	3.080319e-07	0.1	3.233324e-08	1.917599e-12	0.1	3.233324e-08	5.581602e-11	0.1	3.233324e-08	2.429696e-11	0.1	3.233324e-08	4.523389e-10	0.1	3.233324e-08	3.115474e-09	0.1	3.233324e-08	8.251411e-09	0.1	3.233324e-08	7.194676e-09	0.1	3.233324e-08	6.159079e-09	0.1	3.233324e-08	3.632167e-09	0.1	3.233324e-08	8.885409e-09	0.1	3.233324e-08	5.072397e-07	0.1	3.233324e-08	6.882883e-07	0.1	3.233324e-08	1.511257e-06	0.1	3.233324e-08	8.984082e-07	0.1	3.233324e-08	1.263626e-06	0.1	3.233324e-08	2.138276e-06	0.1	3.233324e-08	1.192794e-06	0.1	3.233324e-08	1.285665e-06	0.1	3.233324e-08	2.1811e-07	0.1
3.636691e-08	1.0434324122395019e-07	0.1	3.636691e-08	3.551806e-07	0.1	3.636691e-08	1.942248e-12	0.1	3.636691e-08	5.666849e-11	0.1	3.636691e-08	2.467935e-11	0.1	3.636691e-08	4.639825e-10	0.1	3.636691e-08	3.195487e-09	0.1	3.636691e-08	8.470785e-09	0.1	3.636691e-08	7.388852e-09	0.1	3.636691e-08	6.326183e-09	0.1	3.636691e-08	3.728575e-09	0.1	3.636691e-08	8.952098e-09	0.1	3.636691e-08	5.105193e-07	0.1	3.636691e-08	6.858228e-07	0.1	3.636691e-08	1.505772e-06	0.1	3.636691e-08	8.9491e-07	0.1	3.636691e-08	1.260604e-06	0.1	3.636691e-08	2.133243e-06	0.1	3.636691e-08	1.188446e-06	0.1	3.636691e-08	1.282639e-06	0.1	3.636691e-08	2.175959e-07	0.1
4.132722e-08	1.039901503565298e-07	0.1	4.132722e-08	4.14051e-07	0.1	4.132722e-08	1.961475e-12	0.1	4.132722e-08	5.734715e-11	0.1	4.132722e-08	2.498478e-11	0.1	4.132722e-08	4.736645e-10	0.1	4.132722e-08	3.262013e-09	0.1	4.132722e-08	8.653579e-09	0.1	4.132722e-08	7.550806e-09	0.1	4.132722e-08	6.465604e-09	0.1	4.132722e-08	3.808904e-09	0.1	4.132722e-08	8.998394e-09	0.1	4.132722e-08	5.127244e-07	0.1	4.132722e-08	6.830761e-07	0.1	4.132722e-08	1.499682e-06	0.1	4.132722e-08	8.910543e-07	0.1	4.132722e-08	1.256843e-06	0.1	4.132722e-08	2.126961e-06	0.1	4.132722e-08	1.183624e-06	0.1	4.132722e-08	1.278863e-06	0.1	4.132722e-08	2.169545e-07	0.1
4.718338e-08	1.0358683950357359e-07	0.1	4.718338e-08	4.843307e-07	0.1	4.718338e-08	1.973477e-12	0.1	4.718338e-08	5.778937e-11	0.1	4.718338e-08	2.518512e-11	0.1	4.718338e-08	4.80517e-10	0.1	4.718338e-08	3.309086e-09	0.1	4.718338e-08	8.783418e-09	0.1	4.718338e-08	7.666034e-09	0.1	4.718338e-08	6.564857e-09	0.1	4.718338e-08	3.865954e-09	0.1	4.718338e-08	9.019956e-09	0.1	4.718338e-08	5.136339e-07	0.1	4.718338e-08	6.800973e-07	0.1	4.718338e-08	1.493098e-06	0.1	4.718338e-08	8.869536e-07	0.1	4.718338e-08	1.252369e-06	0.1	4.718338e-08	2.119459e-06	0.1	4.718338e-08	1.178416e-06	0.1	4.718338e-08	1.274352e-06	0.1	4.718338e-08	2.161888e-07	0.1
5.403581e-08	1.031268994814421e-07	0.1	5.403581e-08	5.671083e-07	0.1	5.403581e-08	1.978302e-12	0.1	5.403581e-08	5.799546e-11	0.1	5.403581e-08	2.528039e-11	0.1	5.403581e-08	4.845014e-10	0.1	5.403581e-08	3.336442e-09	0.1	5.403581e-08	8.859533e-09	0.1	5.403581e-08	7.733835e-09	0.1	5.403581e-08	6.623333e-09	0.1	5.403581e-08	3.899388e-09	0.1	5.403581e-08	9.017809e-09	0.1	5.403581e-08	5.132973e-07	0.1	5.403581e-08	6.768361e-07	0.1	5.403581e-08	1.485907e-06	0.1	5.403581e-08	8.825512e-07	0.1	5.403581e-08	1.247112e-06	0.1	5.403581e-08	2.110614e-06	0.1	5.403581e-08	1.172734e-06	0.1	5.403581e-08	1.269034e-06	0.1	5.403581e-08	2.152862e-07	0.1
6.249073e-08	1.025704197782094e-07	0.1	6.249073e-08	6.694838e-07	0.1	6.249073e-08	1.976482e-12	0.1	6.249073e-08	5.798558e-11	0.1	6.249073e-08	2.527974e-11	0.1	6.249073e-08	4.859425e-10	0.1	6.249073e-08	3.346311e-09	0.1	6.249073e-08	8.888083e-09	0.1	6.249073e-08	7.759674e-09	0.1	6.249073e-08	6.645739e-09	0.1	6.249073e-08	3.91191e-09	0.1	6.249073e-08	8.993014e-09	0.1	6.249073e-08	5.117498e-07	0.1	6.249073e-08	6.730062e-07	0.1	6.249073e-08	1.47748e-06	0.1	6.249073e-08	8.774608e-07	0.1	6.249073e-08	1.240616e-06	0.1	6.249073e-08	2.099659e-06	0.1	6.249073e-08	1.166078e-06	0.1	6.249073e-08	1.262447e-06	0.1	6.249073e-08	2.141685e-07	0.1
7.134536e-08	1.0199571424498201e-07	0.1	7.134536e-08	7.765612e-07	0.1	7.134536e-08	1.969827e-12	0.1	7.134536e-08	5.78128e-11	0.1	7.134536e-08	2.520632e-11	0.1	7.134536e-08	4.852832e-10	0.1	7.134536e-08	3.341742e-09	0.1	7.134536e-08	8.877158e-09	0.1	7.134536e-08	7.75061e-09	0.1	7.134536e-08	6.63812e-09	0.1	7.134536e-08	3.907079e-09	0.1	7.134536e-08	8.954077e-09	0.1	7.134536e-08	5.094672e-07	0.1	7.134536e-08	6.691254e-07	0.1	7.134536e-08	1.46895e-06	0.1	7.134536e-08	8.72353e-07	0.1	7.134536e-08	1.233818e-06	0.1	7.134536e-08	2.088178e-06	0.1	7.134536e-08	1.159344e-06	0.1	7.134536e-08	1.255545e-06	0.1	7.134536e-08	2.129972e-07	0.1
8.179884e-08	1.013243118090255e-07	0.1	8.179884e-08	9.024752e-07	0.1	8.179884e-08	1.959103e-12	0.1	8.179884e-08	5.751009e-11	0.1	8.179884e-08	2.507535e-11	0.1	8.179884e-08	4.831634e-10	0.1	8.179884e-08	3.32713e-09	0.1	8.179884e-08	8.838988e-09	0.1	8.179884e-08	7.717537e-09	0.1	8.179884e-08	6.609871e-09	0.1	8.179884e-08	3.890268e-09	0.1	8.179884e-08	8.900652e-09	0.1	8.179884e-08	5.063934e-07	0.1	8.179884e-08	6.646414e-07	0.1	8.179884e-08	1.459101e-06	0.1	8.179884e-08	8.664822e-07	0.1	8.179884e-08	1.225814e-06	0.1	8.179884e-08	2.07465e-06	0.1	8.179884e-08	1.151569e-06	0.1	8.179884e-08	1.24741e-06	0.1	8.179884e-08	2.116171e-07	0.1
9.401728e-08	1.005468377475705e-07	0.1	9.401728e-08	1.04875e-06	0.1	9.401728e-08	1.944995e-12	0.1	9.401728e-08	5.710135e-11	0.1	9.401728e-08	2.489759e-11	0.1	9.401728e-08	4.799206e-10	0.1	9.401728e-08	3.304793e-09	0.1	9.401728e-08	8.779939e-09	0.1	9.401728e-08	7.666095e-09	0.1	9.401728e-08	6.565847e-09	0.1	9.401728e-08	3.864274e-09	0.1	9.401728e-08	8.834399e-09	0.1	9.401728e-08	5.026095e-07	0.1	9.401728e-08	6.594832e-07	0.1	9.401728e-08	1.447774e-06	0.1	9.401728e-08	8.597463e-07	0.1	9.401728e-08	1.2165e-06	0.1	9.401728e-08	2.058898e-06	0.1	9.401728e-08	1.142629e-06	0.1	9.401728e-08	1.23794e-06	0.1	9.401728e-08	2.100104e-07	0.1
