Batch	m_SP	18	T1a_L	C5H5	N1a	N1b	N1c	T2	T3	T4a	T4b	T4c	T4d	T4e	T4f	T4g	T4h	N7a	N7c	N7b																																	
0.0	1.00000011	0.1	0.0	0.0	0.1	0.0	0.0	0.1	0.0	0.0	0.1	0.0	0.0	0.1	0.0	0.0	0.1	0.0	0.0	0.1	0.0	0.0	0.1	0.0	0.0	0.1	0.0	0.0	0.1	0.0	0.0	0.1	0.0	0.0	0.1	0.0	0.0	0.1	0.0	0.0	0.1	0.0	0.0	0.1	0.0	0.0	0.1	0.0	0.0	0.1	0.0	0.0	0.1
8.044855e-13	0.99999999	0.1	8.044855e-13	0.0	0.1	8.044855e-13	0.0	0.1	8.044855e-13	0.0	0.1	8.044855e-13	0.0	0.1	8.044855e-13	0.0	0.1	8.044855e-13	0.0	0.1	8.044855e-13	0.0	0.1	8.044855e-13	0.0	0.1	8.044855e-13	0.0	0.1	8.044855e-13	0.0	0.1	8.044855e-13	0.0	0.1	8.044855e-13	0.0	0.1	8.044855e-13	0.0	0.1	8.044855e-13	0.0	0.1	8.044855e-13	0.0	0.1	8.044855e-13	0.0	0.1	8.044855e-13	0.0	0.1
3.146033e-09	1.0	0.1	3.146033e-09	0.0	0.1	3.146033e-09	0.0	0.1	3.146033e-09	0.0	0.1	3.146033e-09	0.0	0.1	3.146033e-09	0.0	0.1	3.146033e-09	0.0	0.1	3.146033e-09	0.0	0.1	3.146033e-09	0.0	0.1	3.146033e-09	0.0	0.1	3.146033e-09	0.0	0.1	3.146033e-09	0.0	0.1	3.146033e-09	0.0	0.1	3.146033e-09	0.0	0.1	3.146033e-09	0.0	0.1	3.146033e-09	0.0	0.1	3.146033e-09	0.0	0.1	3.146033e-09	0.0	0.1
2.453383e-08	0.9999999100000001	0.1	2.453383e-08	0.0	0.1	2.453383e-08	0.0	0.1	2.453383e-08	0.0	0.1	2.453383e-08	0.0	0.1	2.453383e-08	0.0	0.1	2.453383e-08	0.0	0.1	2.453383e-08	0.0	0.1	2.453383e-08	0.0	0.1	2.453383e-08	0.0	0.1	2.453383e-08	0.0	0.1	2.453383e-08	0.0	0.1	2.453383e-08	0.0	0.1	2.453383e-08	0.0	0.1	2.453383e-08	0.0	0.1	2.453383e-08	0.0	0.1	2.453383e-08	0.0	0.1	2.453383e-08	0.0	0.1
6.417778e-08	0.9999998700000001	0.1	6.417778e-08	0.0	0.1	6.417778e-08	0.0	0.1	6.417778e-08	0.0	0.1	6.417778e-08	0.0	0.1	6.417778e-08	0.0	0.1	6.417778e-08	0.0	0.1	6.417778e-08	0.0	0.1	6.417778e-08	0.0	0.1	6.417778e-08	0.0	0.1	6.417778e-08	0.0	0.1	6.417778e-08	0.0	0.1	6.417778e-08	0.0	0.1	6.417778e-08	0.0	0.1	6.417778e-08	0.0	0.1	6.417778e-08	0.0	0.1	6.417778e-08	0.0	0.1	6.417778e-08	0.0	0.1
1.321598e-07	1.00000007	0.1	1.321598e-07	0.0	0.1	1.321598e-07	0.0	0.1	1.321598e-07	0.0	0.1	1.321598e-07	0.0	0.1	1.321598e-07	0.0	0.1	1.321598e-07	0.0	0.1	1.321598e-07	0.0	0.1	1.321598e-07	0.0	0.1	1.321598e-07	0.0	0.1	1.321598e-07	0.0	0.1	1.321598e-07	0.0	0.1	1.321598e-07	0.0	0.1	1.321598e-07	0.0	0.1	1.321598e-07	0.0	0.1	1.321598e-07	0.0	0.1	1.321598e-07	0.0	0.1	1.321598e-07	0.0	0.1
2.24185e-07	1.00000011	0.1	2.24185e-07	0.0	0.1	2.24185e-07	0.0	0.1	2.24185e-07	0.0	0.1	2.24185e-07	0.0	0.1	2.24185e-07	0.0	0.1	2.24185e-07	0.0	0.1	2.24185e-07	0.0	0.1	2.24185e-07	0.0	0.1	2.24185e-07	0.0	0.1	2.24185e-07	0.0	0.1	2.24185e-07	0.0	0.1	2.24185e-07	0.0	0.1	2.24185e-07	0.0	0.1	2.24185e-07	0.0	0.1	2.24185e-07	0.0	0.1	2.24185e-07	0.0	0.1	2.24185e-07	0.0	0.1
3.162101e-07	0.99999998	0.1	3.162101e-07	0.0	0.1	3.162101e-07	0.0	0.1	3.162101e-07	0.0	0.1	3.162101e-07	0.0	0.1	3.162101e-07	0.0	0.1	3.162101e-07	0.0	0.1	3.162101e-07	0.0	0.1	3.162101e-07	0.0	0.1	3.162101e-07	0.0	0.1	3.162101e-07	0.0	0.1	3.162101e-07	0.0	0.1	3.162101e-07	0.0	0.1	3.162101e-07	0.0	0.1	3.162101e-07	0.0	0.1	3.162101e-07	0.0	0.1	3.162101e-07	0.0	0.1	3.162101e-07	0.0	0.1
4.966582e-07	0.99999994	0.1	4.966582e-07	0.0	0.1	4.966582e-07	0.0	0.1	4.966582e-07	0.0	0.1	4.966582e-07	0.0	0.1	4.966582e-07	0.0	0.1	4.966582e-07	0.0	0.1	4.966582e-07	0.0	0.1	4.966582e-07	0.0	0.1	4.966582e-07	0.0	0.1	4.966582e-07	0.0	0.1	4.966582e-07	0.0	0.1	4.966582e-07	0.0	0.1	4.966582e-07	0.0	0.1	4.966582e-07	0.0	0.1	4.966582e-07	0.0	0.1	4.966582e-07	0.0	0.1	4.966582e-07	0.0	0.1
8.214648e-07	1.00000001	0.1	8.214648e-07	0.0	0.1	8.214648e-07	0.0	0.1	8.214648e-07	0.0	0.1	8.214648e-07	0.0	0.1	8.214648e-07	0.0	0.1	8.214648e-07	0.0	0.1	8.214648e-07	0.0	0.1	8.214648e-07	0.0	0.1	8.214648e-07	0.0	0.1	8.214648e-07	0.0	0.1	8.214648e-07	0.0	0.1	8.214648e-07	0.0	0.1	8.214648e-07	0.0	0.1	8.214648e-07	0.0	0.1	8.214648e-07	0.0	0.1	8.214648e-07	0.0	0.1	8.214648e-07	0.0	0.1
1.217105e-06	0.9999999799999999	0.1	1.217105e-06	0.0	0.1	1.217105e-06	0.0	0.1	1.217105e-06	0.0	0.1	1.217105e-06	0.0	0.1	1.217105e-06	0.0	0.1	1.217105e-06	0.0	0.1	1.217105e-06	0.0	0.1	1.217105e-06	0.0	0.1	1.217105e-06	0.0	0.1	1.217105e-06	0.0	0.1	1.217105e-06	0.0	0.1	1.217105e-06	0.0	0.1	1.217105e-06	0.0	0.1	1.217105e-06	0.0	0.1	1.217105e-06	0.0	0.1	1.217105e-06	0.0	0.1	1.217105e-06	0.0	0.1
1.664862e-06	1.00000003	0.1	1.664862e-06	0.0	0.1	1.664862e-06	0.0	0.1	1.664862e-06	0.0	0.1	1.664862e-06	0.0	0.1	1.664862e-06	0.0	0.1	1.664862e-06	0.0	0.1	1.664862e-06	0.0	0.1	1.664862e-06	0.0	0.1	1.664862e-06	0.0	0.1	1.664862e-06	0.0	0.1	1.664862e-06	0.0	0.1	1.664862e-06	0.0	0.1	1.664862e-06	0.0	0.1	1.664862e-06	0.0	0.1	1.664862e-06	0.0	0.1	1.664862e-06	0.0	0.1	1.664862e-06	0.0	0.1
2.204681e-06	1.0000001000000003	0.1	2.204681e-06	0.0	0.1	2.204681e-06	0.0	0.1	2.204681e-06	0.0	0.1	2.204681e-06	0.0	0.1	2.204681e-06	0.0	0.1	2.204681e-06	0.0	0.1	2.204681e-06	0.0	0.1	2.204681e-06	0.0	0.1	2.204681e-06	0.0	0.1	2.204681e-06	0.0	0.1	2.204681e-06	0.0	0.1	2.204681e-06	0.0	0.1	2.204681e-06	0.0	0.1	2.204681e-06	0.0	0.1	2.204681e-06	0.0	0.1	2.204681e-06	0.0	0.1	2.204681e-06	0.0	0.1
2.744499e-06	1.00000007	0.1	2.744499e-06	0.0	0.1	2.744499e-06	0.0	0.1	2.744499e-06	0.0	0.1	2.744499e-06	0.0	0.1	2.744499e-06	0.0	0.1	2.744499e-06	0.0	0.1	2.744499e-06	0.0	0.1	2.744499e-06	0.0	0.1	2.744499e-06	0.0	0.1	2.744499e-06	0.0	0.1	2.744499e-06	0.0	0.1	2.744499e-06	0.0	0.1	2.744499e-06	0.0	0.1	2.744499e-06	0.0	0.1	2.744499e-06	0.0	0.1	2.744499e-06	0.0	0.1	2.744499e-06	0.0	0.1
3.284318e-06	1.00000008	0.1	3.284318e-06	0.0	0.1	3.284318e-06	0.0	0.1	3.284318e-06	0.0	0.1	3.284318e-06	0.0	0.1	3.284318e-06	0.0	0.1	3.284318e-06	0.0	0.1	3.284318e-06	0.0	0.1	3.284318e-06	0.0	0.1	3.284318e-06	0.0	0.1	3.284318e-06	0.0	0.1	3.284318e-06	0.0	0.1	3.284318e-06	0.0	0.1	3.284318e-06	0.0	0.1	3.284318e-06	0.0	0.1	3.284318e-06	0.0	0.1	3.284318e-06	0.0	0.1	3.284318e-06	0.0	0.1
3.824137e-06	1.00000005	0.1	3.824137e-06	0.0	0.1	3.824137e-06	0.0	0.1	3.824137e-06	0.0	0.1	3.824137e-06	0.0	0.1	3.824137e-06	0.0	0.1	3.824137e-06	0.0	0.1	3.824137e-06	0.0	0.1	3.824137e-06	0.0	0.1	3.824137e-06	0.0	0.1	3.824137e-06	0.0	0.1	3.824137e-06	0.0	0.1	3.824137e-06	0.0	0.1	3.824137e-06	0.0	0.1	3.824137e-06	0.0	0.1	3.824137e-06	0.0	0.1	3.824137e-06	0.0	0.1	3.824137e-06	0.0	0.1
4.363956e-06	0.99999992	0.1	4.363956e-06	0.0	0.1	4.363956e-06	0.0	0.1	4.363956e-06	0.0	0.1	4.363956e-06	0.0	0.1	4.363956e-06	0.0	0.1	4.363956e-06	0.0	0.1	4.363956e-06	0.0	0.1	4.363956e-06	0.0	0.1	4.363956e-06	0.0	0.1	4.363956e-06	0.0	0.1	4.363956e-06	0.0	0.1	4.363956e-06	0.0	0.1	4.363956e-06	0.0	0.1	4.363956e-06	0.0	0.1	4.363956e-06	0.0	0.1	4.363956e-06	0.0	0.1	4.363956e-06	0.0	0.1
4.903774e-06	1.0000000800000002	0.1	4.903774e-06	0.0	0.1	4.903774e-06	0.0	0.1	4.903774e-06	0.0	0.1	4.903774e-06	0.0	0.1	4.903774e-06	0.0	0.1	4.903774e-06	0.0	0.1	4.903774e-06	0.0	0.1	4.903774e-06	0.0	0.1	4.903774e-06	0.0	0.1	4.903774e-06	0.0	0.1	4.903774e-06	0.0	0.1	4.903774e-06	0.0	0.1	4.903774e-06	0.0	0.1	4.903774e-06	0.0	0.1	4.903774e-06	0.0	0.1	4.903774e-06	0.0	0.1	4.903774e-06	0.0	0.1
5.443593e-06	1.00000007	0.1	5.443593e-06	0.0	0.1	5.443593e-06	0.0	0.1	5.443593e-06	0.0	0.1	5.443593e-06	0.0	0.1	5.443593e-06	0.0	0.1	5.443593e-06	0.0	0.1	5.443593e-06	0.0	0.1	5.443593e-06	0.0	0.1	5.443593e-06	0.0	0.1	5.443593e-06	0.0	0.1	5.443593e-06	0.0	0.1	5.443593e-06	0.0	0.1	5.443593e-06	0.0	0.1	5.443593e-06	0.0	0.1	5.443593e-06	0.0	0.1	5.443593e-06	0.0	0.1	5.443593e-06	0.0	0.1
5.983412e-06	1.00000006	0.1	5.983412e-06	0.0	0.1	5.983412e-06	0.0	0.1	5.983412e-06	0.0	0.1	5.983412e-06	0.0	0.1	5.983412e-06	0.0	0.1	5.983412e-06	0.0	0.1	5.983412e-06	0.0	0.1	5.983412e-06	0.0	0.1	5.983412e-06	0.0	0.1	5.983412e-06	0.0	0.1	5.983412e-06	0.0	0.1	5.983412e-06	0.0	0.1	5.983412e-06	0.0	0.1	5.983412e-06	0.0	0.1	5.983412e-06	0.0	0.1	5.983412e-06	0.0	0.1	5.983412e-06	0.0	0.1
6.523231e-06	0.9999999399999999	0.1	6.523231e-06	0.0	0.1	6.523231e-06	0.0	0.1	6.523231e-06	0.0	0.1	6.523231e-06	0.0	0.1	6.523231e-06	0.0	0.1	6.523231e-06	0.0	0.1	6.523231e-06	0.0	0.1	6.523231e-06	0.0	0.1	6.523231e-06	0.0	0.1	6.523231e-06	0.0	0.1	6.523231e-06	0.0	0.1	6.523231e-06	0.0	0.1	6.523231e-06	0.0	0.1	6.523231e-06	0.0	0.1	6.523231e-06	0.0	0.1	6.523231e-06	0.0	0.1	6.523231e-06	0.0	0.1
7.063049e-06	0.99999996	0.1	7.063049e-06	0.0	0.1	7.063049e-06	0.0	0.1	7.063049e-06	0.0	0.1	7.063049e-06	0.0	0.1	7.063049e-06	0.0	0.1	7.063049e-06	0.0	0.1	7.063049e-06	0.0	0.1	7.063049e-06	0.0	0.1	7.063049e-06	0.0	0.1	7.063049e-06	0.0	0.1	7.063049e-06	0.0	0.1	7.063049e-06	0.0	0.1	7.063049e-06	0.0	0.1	7.063049e-06	0.0	0.1	7.063049e-06	0.0	0.1	7.063049e-06	0.0	0.1	7.063049e-06	0.0	0.1
7.602868e-06	0.9999999799999999	0.1	7.602868e-06	0.0	0.1	7.602868e-06	0.0	0.1	7.602868e-06	0.0	0.1	7.602868e-06	0.0	0.1	7.602868e-06	0.0	0.1	7.602868e-06	0.0	0.1	7.602868e-06	0.0	0.1	7.602868e-06	0.0	0.1	7.602868e-06	0.0	0.1	7.602868e-06	0.0	0.1	7.602868e-06	0.0	0.1	7.602868e-06	0.0	0.1	7.602868e-06	0.0	0.1	7.602868e-06	0.0	0.1	7.602868e-06	0.0	0.1	7.602868e-06	0.0	0.1	7.602868e-06	0.0	0.1
8.142687e-06	1.00000002	0.1	8.142687e-06	0.0	0.1	8.142687e-06	0.0	0.1	8.142687e-06	0.0	0.1	8.142687e-06	0.0	0.1	8.142687e-06	0.0	0.1	8.142687e-06	0.0	0.1	8.142687e-06	0.0	0.1	8.142687e-06	0.0	0.1	8.142687e-06	0.0	0.1	8.142687e-06	0.0	0.1	8.142687e-06	0.0	0.1	8.142687e-06	0.0	0.1	8.142687e-06	0.0	0.1	8.142687e-06	0.0	0.1	8.142687e-06	0.0	0.1	8.142687e-06	0.0	0.1	8.142687e-06	0.0	0.1
8.682506e-06	1.00000011	0.1	8.682506e-06	0.0	0.1	8.682506e-06	0.0	0.1	8.682506e-06	0.0	0.1	8.682506e-06	0.0	0.1	8.682506e-06	0.0	0.1	8.682506e-06	0.0	0.1	8.682506e-06	0.0	0.1	8.682506e-06	0.0	0.1	8.682506e-06	0.0	0.1	8.682506e-06	0.0	0.1	8.682506e-06	0.0	0.1	8.682506e-06	0.0	0.1	8.682506e-06	0.0	0.1	8.682506e-06	0.0	0.1	8.682506e-06	0.0	0.1	8.682506e-06	0.0	0.1	8.682506e-06	0.0	0.1
9.222325e-06	1.00000001	0.1	9.222325e-06	0.0	0.1	9.222325e-06	0.0	0.1	9.222325e-06	0.0	0.1	9.222325e-06	0.0	0.1	9.222325e-06	0.0	0.1	9.222325e-06	0.0	0.1	9.222325e-06	0.0	0.1	9.222325e-06	0.0	0.1	9.222325e-06	0.0	0.1	9.222325e-06	0.0	0.1	9.222325e-06	0.0	0.1	9.222325e-06	0.0	0.1	9.222325e-06	0.0	0.1	9.222325e-06	0.0	0.1	9.222325e-06	0.0	0.1	9.222325e-06	0.0	0.1	9.222325e-06	0.0	0.1
9.849895e-06	1.0000000299999998	0.1	9.849895e-06	0.0	0.1	9.849895e-06	0.0	0.1	9.849895e-06	0.0	0.1	9.849895e-06	0.0	0.1	9.849895e-06	0.0	0.1	9.849895e-06	0.0	0.1	9.849895e-06	0.0	0.1	9.849895e-06	0.0	0.1	9.849895e-06	0.0	0.1	9.849895e-06	0.0	0.1	9.849895e-06	0.0	0.1	9.849895e-06	0.0	0.1	9.849895e-06	0.0	0.1	9.849895e-06	0.0	0.1	9.849895e-06	0.0	0.1	9.849895e-06	0.0	0.1	9.849895e-06	0.0	0.1
1.04994e-05	1.0000000900000001	0.1	1.04994e-05	0.0	0.1	1.04994e-05	0.0	0.1	1.04994e-05	0.0	0.1	1.04994e-05	0.0	0.1	1.04994e-05	0.0	0.1	1.04994e-05	0.0	0.1	1.04994e-05	0.0	0.1	1.04994e-05	0.0	0.1	1.04994e-05	0.0	0.1	1.04994e-05	0.0	0.1	1.04994e-05	0.0	0.1	1.04994e-05	0.0	0.1	1.04994e-05	0.0	0.1	1.04994e-05	0.0	0.1	1.04994e-05	0.0	0.1	1.04994e-05	0.0	0.1	1.04994e-05	0.0	0.1
1.114891e-05	1.000000038	0.1	1.114891e-05	0.0	0.1	1.114891e-05	0.0	0.1	1.114891e-05	0.0	0.1	1.114891e-05	0.0	0.1	1.114891e-05	0.0	0.1	1.114891e-05	0.0	0.1	1.114891e-05	0.0	0.1	1.114891e-05	0.0	0.1	1.114891e-05	0.0	0.1	1.114891e-05	0.0	0.1	1.114891e-05	0.0	0.1	1.114891e-05	0.0	0.1	1.114891e-05	0.0	0.1	1.114891e-05	0.0	0.1	1.114891e-05	0.0	0.1	1.114891e-05	0.0	0.1	1.114891e-05	0.0	0.1
1.179842e-05	1.000000051	0.1	1.179842e-05	0.0	0.1	1.179842e-05	0.0	0.1	1.179842e-05	0.0	0.1	1.179842e-05	0.0	0.1	1.179842e-05	0.0	0.1	1.179842e-05	0.0	0.1	1.179842e-05	0.0	0.1	1.179842e-05	0.0	0.1	1.179842e-05	0.0	0.1	1.179842e-05	0.0	0.1	1.179842e-05	0.0	0.1	1.179842e-05	0.0	0.1	1.179842e-05	0.0	0.1	1.179842e-05	0.0	0.1	1.179842e-05	0.0	0.1	1.179842e-05	0.0	0.1	1.179842e-05	0.0	0.1
1.244793e-05	0.999999957	0.1	1.244793e-05	0.0	0.1	1.244793e-05	0.0	0.1	1.244793e-05	0.0	0.1	1.244793e-05	0.0	0.1	1.244793e-05	0.0	0.1	1.244793e-05	0.0	0.1	1.244793e-05	0.0	0.1	1.244793e-05	0.0	0.1	1.244793e-05	0.0	0.1	1.244793e-05	0.0	0.1	1.244793e-05	0.0	0.1	1.244793e-05	0.0	0.1	1.244793e-05	0.0	0.1	1.244793e-05	0.0	0.1	1.244793e-05	0.0	0.1	1.244793e-05	0.0	0.1	1.244793e-05	0.0	0.1
1.309744e-05	1.000000005	0.1	1.309744e-05	0.0	0.1	1.309744e-05	0.0	0.1	1.309744e-05	0.0	0.1	1.309744e-05	0.0	0.1	1.309744e-05	0.0	0.1	1.309744e-05	0.0	0.1	1.309744e-05	0.0	0.1	1.309744e-05	0.0	0.1	1.309744e-05	0.0	0.1	1.309744e-05	0.0	0.1	1.309744e-05	0.0	0.1	1.309744e-05	0.0	0.1	1.309744e-05	0.0	0.1	1.309744e-05	0.0	0.1	1.309744e-05	0.0	0.1	1.309744e-05	0.0	0.1	1.309744e-05	0.0	0.1
1.374695e-05	1.0000000189999998	0.1	1.374695e-05	0.0	0.1	1.374695e-05	0.0	0.1	1.374695e-05	0.0	0.1	1.374695e-05	0.0	0.1	1.374695e-05	0.0	0.1	1.374695e-05	0.0	0.1	1.374695e-05	0.0	0.1	1.374695e-05	0.0	0.1	1.374695e-05	0.0	0.1	1.374695e-05	0.0	0.1	1.374695e-05	0.0	0.1	1.374695e-05	0.0	0.1	1.374695e-05	0.0	0.1	1.374695e-05	0.0	0.1	1.374695e-05	0.0	0.1	1.374695e-05	0.0	0.1	1.374695e-05	0.0	0.1
1.439645e-05	0.999999996	0.1	1.439645e-05	0.0	0.1	1.439645e-05	0.0	0.1	1.439645e-05	0.0	0.1	1.439645e-05	0.0	0.1	1.439645e-05	0.0	0.1	1.439645e-05	0.0	0.1	1.439645e-05	0.0	0.1	1.439645e-05	0.0	0.1	1.439645e-05	0.0	0.1	1.439645e-05	0.0	0.1	1.439645e-05	0.0	0.1	1.439645e-05	0.0	0.1	1.439645e-05	0.0	0.1	1.439645e-05	0.0	0.1	1.439645e-05	0.0	0.1	1.439645e-05	0.0	0.1	1.439645e-05	0.0	0.1
1.504596e-05	1.0000000439999999	0.1	1.504596e-05	0.0	0.1	1.504596e-05	0.0	0.1	1.504596e-05	0.0	0.1	1.504596e-05	0.0	0.1	1.504596e-05	0.0	0.1	1.504596e-05	0.0	0.1	1.504596e-05	0.0	0.1	1.504596e-05	0.0	0.1	1.504596e-05	0.0	0.1	1.504596e-05	0.0	0.1	1.504596e-05	0.0	0.1	1.504596e-05	0.0	0.1	1.504596e-05	0.0	0.1	1.504596e-05	0.0	0.1	1.504596e-05	0.0	0.1	1.504596e-05	0.0	0.1	1.504596e-05	0.0	0.1
1.574774e-05	0.999999976	0.1	1.574774e-05	0.0	0.1	1.574774e-05	0.0	0.1	1.574774e-05	0.0	0.1	1.574774e-05	0.0	0.1	1.574774e-05	0.0	0.1	1.574774e-05	0.0	0.1	1.574774e-05	0.0	0.1	1.574774e-05	0.0	0.1	1.574774e-05	0.0	0.1	1.574774e-05	0.0	0.1	1.574774e-05	0.0	0.1	1.574774e-05	0.0	0.1	1.574774e-05	0.0	0.1	1.574774e-05	0.0	0.1	1.574774e-05	0.0	0.1	1.574774e-05	0.0	0.1	1.574774e-05	0.0	0.1
1.652791e-05	1.000000078	0.1	1.652791e-05	0.0	0.1	1.652791e-05	0.0	0.1	1.652791e-05	0.0	0.1	1.652791e-05	0.0	0.1	1.652791e-05	0.0	0.1	1.652791e-05	0.0	0.1	1.652791e-05	0.0	0.1	1.652791e-05	0.0	0.1	1.652791e-05	0.0	0.1	1.652791e-05	0.0	0.1	1.652791e-05	0.0	0.1	1.652791e-05	0.0	0.1	1.652791e-05	0.0	0.1	1.652791e-05	0.0	0.1	1.652791e-05	0.0	0.1	1.652791e-05	0.0	0.1	1.652791e-05	0.0	0.1
1.730809e-05	0.999999935	0.1	1.730809e-05	0.0	0.1	1.730809e-05	0.0	0.1	1.730809e-05	0.0	0.1	1.730809e-05	0.0	0.1	1.730809e-05	0.0	0.1	1.730809e-05	0.0	0.1	1.730809e-05	0.0	0.1	1.730809e-05	0.0	0.1	1.730809e-05	0.0	0.1	1.730809e-05	0.0	0.1	1.730809e-05	0.0	0.1	1.730809e-05	0.0	0.1	1.730809e-05	0.0	0.1	1.730809e-05	0.0	0.1	1.730809e-05	0.0	0.1	1.730809e-05	0.0	0.1	1.730809e-05	0.0	0.1
1.808826e-05	1.00000004	0.1	1.808826e-05	0.0	0.1	1.808826e-05	0.0	0.1	1.808826e-05	0.0	0.1	1.808826e-05	0.0	0.1	1.808826e-05	0.0	0.1	1.808826e-05	0.0	0.1	1.808826e-05	0.0	0.1	1.808826e-05	0.0	0.1	1.808826e-05	0.0	0.1	1.808826e-05	0.0	0.1	1.808826e-05	0.0	0.1	1.808826e-05	0.0	0.1	1.808826e-05	0.0	0.1	1.808826e-05	0.0	0.1	1.808826e-05	0.0	0.1	1.808826e-05	0.0	0.1	1.808826e-05	0.0	0.1
1.886844e-05	1.0	0.1	1.886844e-05	0.0	0.1	1.886844e-05	0.0	0.1	1.886844e-05	0.0	0.1	1.886844e-05	0.0	0.1	1.886844e-05	0.0	0.1	1.886844e-05	0.0	0.1	1.886844e-05	0.0	0.1	1.886844e-05	0.0	0.1	1.886844e-05	0.0	0.1	1.886844e-05	0.0	0.1	1.886844e-05	0.0	0.1	1.886844e-05	0.0	0.1	1.886844e-05	0.0	0.1	1.886844e-05	0.0	0.1	1.886844e-05	0.0	0.1	1.886844e-05	0.0	0.1	1.886844e-05	0.0	0.1
1.964861e-05	1.000000026	0.1	1.964861e-05	0.0	0.1	1.964861e-05	0.0	0.1	1.964861e-05	0.0	0.1	1.964861e-05	0.0	0.1	1.964861e-05	0.0	0.1	1.964861e-05	0.0	0.1	1.964861e-05	0.0	0.1	1.964861e-05	0.0	0.1	1.964861e-05	0.0	0.1	1.964861e-05	0.0	0.1	1.964861e-05	0.0	0.1	1.964861e-05	0.0	0.1	1.964861e-05	0.0	0.1	1.964861e-05	0.0	0.1	1.964861e-05	0.0	0.1	1.964861e-05	0.0	0.1	1.964861e-05	0.0	0.1
2.042879e-05	1.0000000670000002	0.1	2.042879e-05	0.0	0.1	2.042879e-05	0.0	0.1	2.042879e-05	0.0	0.1	2.042879e-05	0.0	0.1	2.042879e-05	0.0	0.1	2.042879e-05	0.0	0.1	2.042879e-05	0.0	0.1	2.042879e-05	0.0	0.1	2.042879e-05	0.0	0.1	2.042879e-05	0.0	0.1	2.042879e-05	0.0	0.1	2.042879e-05	0.0	0.1	2.042879e-05	0.0	0.1	2.042879e-05	0.0	0.1	2.042879e-05	0.0	0.1	2.042879e-05	0.0	0.1	2.042879e-05	0.0	0.1
2.120896e-05	1.00000004	0.1	2.120896e-05	0.0	0.1	2.120896e-05	0.0	0.1	2.120896e-05	0.0	0.1	2.120896e-05	0.0	0.1	2.120896e-05	0.0	0.1	2.120896e-05	0.0	0.1	2.120896e-05	0.0	0.1	2.120896e-05	0.0	0.1	2.120896e-05	0.0	0.1	2.120896e-05	0.0	0.1	2.120896e-05	0.0	0.1	2.120896e-05	0.0	0.1	2.120896e-05	0.0	0.1	2.120896e-05	0.0	0.1	2.120896e-05	0.0	0.1	2.120896e-05	0.0	0.1	2.120896e-05	0.0	0.1
2.198914e-05	1.00000007	0.1	2.198914e-05	0.0	0.1	2.198914e-05	0.0	0.1	2.198914e-05	0.0	0.1	2.198914e-05	0.0	0.1	2.198914e-05	0.0	0.1	2.198914e-05	0.0	0.1	2.198914e-05	0.0	0.1	2.198914e-05	0.0	0.1	2.198914e-05	0.0	0.1	2.198914e-05	0.0	0.1	2.198914e-05	0.0	0.1	2.198914e-05	0.0	0.1	2.198914e-05	0.0	0.1	2.198914e-05	0.0	0.1	2.198914e-05	0.0	0.1	2.198914e-05	0.0	0.1	2.198914e-05	0.0	0.1
2.292835e-05	0.9999999669999999	0.1	2.292835e-05	0.0	0.1	2.292835e-05	0.0	0.1	2.292835e-05	0.0	0.1	2.292835e-05	0.0	0.1	2.292835e-05	0.0	0.1	2.292835e-05	0.0	0.1	2.292835e-05	0.0	0.1	2.292835e-05	0.0	0.1	2.292835e-05	0.0	0.1	2.292835e-05	0.0	0.1	2.292835e-05	0.0	0.1	2.292835e-05	0.0	0.1	2.292835e-05	0.0	0.1	2.292835e-05	0.0	0.1	2.292835e-05	0.0	0.1	2.292835e-05	0.0	0.1	2.292835e-05	0.0	0.1
2.386757e-05	1.0000000580000001	0.1	2.386757e-05	0.0	0.1	2.386757e-05	0.0	0.1	2.386757e-05	0.0	0.1	2.386757e-05	0.0	0.1	2.386757e-05	0.0	0.1	2.386757e-05	0.0	0.1	2.386757e-05	0.0	0.1	2.386757e-05	0.0	0.1	2.386757e-05	0.0	0.1	2.386757e-05	0.0	0.1	2.386757e-05	0.0	0.1	2.386757e-05	0.0	0.1	2.386757e-05	0.0	0.1	2.386757e-05	0.0	0.1	2.386757e-05	0.0	0.1	2.386757e-05	0.0	0.1	2.386757e-05	0.0	0.1
2.480679e-05	1.0000000329999998	0.1	2.480679e-05	0.0	0.1	2.480679e-05	0.0	0.1	2.480679e-05	0.0	0.1	2.480679e-05	0.0	0.1	2.480679e-05	0.0	0.1	2.480679e-05	0.0	0.1	2.480679e-05	0.0	0.1	2.480679e-05	0.0	0.1	2.480679e-05	0.0	0.1	2.480679e-05	0.0	0.1	2.480679e-05	0.0	0.1	2.480679e-05	0.0	0.1	2.480679e-05	0.0	0.1	2.480679e-05	0.0	0.1	2.480679e-05	0.0	0.1	2.480679e-05	0.0	0.1	2.480679e-05	0.0	0.1
2.574601e-05	0.9999999900000001	0.1	2.574601e-05	0.0	0.1	2.574601e-05	0.0	0.1	2.574601e-05	0.0	0.1	2.574601e-05	0.0	0.1	2.574601e-05	0.0	0.1	2.574601e-05	0.0	0.1	2.574601e-05	0.0	0.1	2.574601e-05	0.0	0.1	2.574601e-05	0.0	0.1	2.574601e-05	0.0	0.1	2.574601e-05	0.0	0.1	2.574601e-05	0.0	0.1	2.574601e-05	0.0	0.1	2.574601e-05	0.0	0.1	2.574601e-05	0.0	0.1	2.574601e-05	0.0	0.1	2.574601e-05	0.0	0.1
2.668523e-05	1.0000000320000002	0.1	2.668523e-05	0.0	0.1	2.668523e-05	0.0	0.1	2.668523e-05	0.0	0.1	2.668523e-05	0.0	0.1	2.668523e-05	0.0	0.1	2.668523e-05	0.0	0.1	2.668523e-05	0.0	0.1	2.668523e-05	0.0	0.1	2.668523e-05	0.0	0.1	2.668523e-05	0.0	0.1	2.668523e-05	0.0	0.1	2.668523e-05	0.0	0.1	2.668523e-05	0.0	0.1	2.668523e-05	0.0	0.1	2.668523e-05	0.0	0.1	2.668523e-05	0.0	0.1	2.668523e-05	0.0	0.1
2.762445e-05	0.999999996	0.1	2.762445e-05	0.0	0.1	2.762445e-05	0.0	0.1	2.762445e-05	0.0	0.1	2.762445e-05	0.0	0.1	2.762445e-05	0.0	0.1	2.762445e-05	0.0	0.1	2.762445e-05	0.0	0.1	2.762445e-05	0.0	0.1	2.762445e-05	0.0	0.1	2.762445e-05	0.0	0.1	2.762445e-05	0.0	0.1	2.762445e-05	0.0	0.1	2.762445e-05	0.0	0.1	2.762445e-05	0.0	0.1	2.762445e-05	0.0	0.1	2.762445e-05	0.0	0.1	2.762445e-05	0.0	0.1
2.856367e-05	1.000000009	0.1	2.856367e-05	0.0	0.1	2.856367e-05	0.0	0.1	2.856367e-05	0.0	0.1	2.856367e-05	0.0	0.1	2.856367e-05	0.0	0.1	2.856367e-05	0.0	0.1	2.856367e-05	0.0	0.1	2.856367e-05	0.0	0.1	2.856367e-05	0.0	0.1	2.856367e-05	0.0	0.1	2.856367e-05	0.0	0.1	2.856367e-05	0.0	0.1	2.856367e-05	0.0	0.1	2.856367e-05	0.0	0.1	2.856367e-05	0.0	0.1	2.856367e-05	0.0	0.1	2.856367e-05	0.0	0.1
2.950289e-05	1.000000025	0.1	2.950289e-05	0.0	0.1	2.950289e-05	0.0	0.1	2.950289e-05	0.0	0.1	2.950289e-05	0.0	0.1	2.950289e-05	0.0	0.1	2.950289e-05	0.0	0.1	2.950289e-05	0.0	0.1	2.950289e-05	0.0	0.1	2.950289e-05	0.0	0.1	2.950289e-05	0.0	0.1	2.950289e-05	0.0	0.1	2.950289e-05	0.0	0.1	2.950289e-05	0.0	0.1	2.950289e-05	0.0	0.1	2.950289e-05	0.0	0.1	2.950289e-05	0.0	0.1	2.950289e-05	0.0	0.1
3.051834e-05	0.9999999740000001	0.1	3.051834e-05	0.0	0.1	3.051834e-05	0.0	0.1	3.051834e-05	0.0	0.1	3.051834e-05	0.0	0.1	3.051834e-05	0.0	0.1	3.051834e-05	0.0	0.1	3.051834e-05	0.0	0.1	3.051834e-05	0.0	0.1	3.051834e-05	0.0	0.1	3.051834e-05	0.0	0.1	3.051834e-05	0.0	0.1	3.051834e-05	0.0	0.1	3.051834e-05	0.0	0.1	3.051834e-05	0.0	0.1	3.051834e-05	0.0	0.1	3.051834e-05	0.0	0.1	3.051834e-05	0.0	0.1
3.164814e-05	0.9999999410000001	0.1	3.164814e-05	0.0	0.1	3.164814e-05	0.0	0.1	3.164814e-05	0.0	0.1	3.164814e-05	0.0	0.1	3.164814e-05	0.0	0.1	3.164814e-05	0.0	0.1	3.164814e-05	0.0	0.1	3.164814e-05	0.0	0.1	3.164814e-05	0.0	0.1	3.164814e-05	0.0	0.1	3.164814e-05	0.0	0.1	3.164814e-05	0.0	0.1	3.164814e-05	0.0	0.1	3.164814e-05	0.0	0.1	3.164814e-05	0.0	0.1	3.164814e-05	0.0	0.1	3.164814e-05	0.0	0.1
3.277794e-05	1.0000000079999998	0.1	3.277794e-05	0.0	0.1	3.277794e-05	0.0	0.1	3.277794e-05	0.0	0.1	3.277794e-05	0.0	0.1	3.277794e-05	0.0	0.1	3.277794e-05	0.0	0.1	3.277794e-05	0.0	0.1	3.277794e-05	0.0	0.1	3.277794e-05	0.0	0.1	3.277794e-05	0.0	0.1	3.277794e-05	0.0	0.1	3.277794e-05	0.0	0.1	3.277794e-05	0.0	0.1	3.277794e-05	0.0	0.1	3.277794e-05	0.0	0.1	3.277794e-05	0.0	0.1	3.277794e-05	0.0	0.1
3.390774e-05	1.00000003	0.1	3.390774e-05	0.0	0.1	3.390774e-05	0.0	0.1	3.390774e-05	0.0	0.1	3.390774e-05	0.0	0.1	3.390774e-05	0.0	0.1	3.390774e-05	0.0	0.1	3.390774e-05	0.0	0.1	3.390774e-05	0.0	0.1	3.390774e-05	0.0	0.1	3.390774e-05	0.0	0.1	3.390774e-05	0.0	0.1	3.390774e-05	0.0	0.1	3.390774e-05	0.0	0.1	3.390774e-05	0.0	0.1	3.390774e-05	0.0	0.1	3.390774e-05	0.0	0.1	3.390774e-05	0.0	0.1
3.503754e-05	1.0000000370000002	0.1	3.503754e-05	0.0	0.1	3.503754e-05	0.0	0.1	3.503754e-05	0.0	0.1	3.503754e-05	0.0	0.1	3.503754e-05	0.0	0.1	3.503754e-05	0.0	0.1	3.503754e-05	0.0	0.1	3.503754e-05	0.0	0.1	3.503754e-05	0.0	0.1	3.503754e-05	0.0	0.1	3.503754e-05	0.0	0.1	3.503754e-05	0.0	0.1	3.503754e-05	0.0	0.1	3.503754e-05	0.0	0.1	3.503754e-05	0.0	0.1	3.503754e-05	0.0	0.1	3.503754e-05	0.0	0.1
3.616734e-05	1.0000000432	0.1	3.616734e-05	0.0	0.1	3.616734e-05	0.0	0.1	3.616734e-05	0.0	0.1	3.616734e-05	0.0	0.1	3.616734e-05	0.0	0.1	3.616734e-05	0.0	0.1	3.616734e-05	0.0	0.1	3.616734e-05	0.0	0.1	3.616734e-05	0.0	0.1	3.616734e-05	0.0	0.1	3.616734e-05	0.0	0.1	3.616734e-05	0.0	0.1	3.616734e-05	0.0	0.1	3.616734e-05	0.0	0.1	3.616734e-05	0.0	0.1	3.616734e-05	0.0	0.1	3.616734e-05	0.0	0.1
3.729714e-05	0.9999999474000001	0.1	3.729714e-05	0.0	0.1	3.729714e-05	0.0	0.1	3.729714e-05	0.0	0.1	3.729714e-05	0.0	0.1	3.729714e-05	0.0	0.1	3.729714e-05	0.0	0.1	3.729714e-05	0.0	0.1	3.729714e-05	0.0	0.1	3.729714e-05	0.0	0.1	3.729714e-05	0.0	0.1	3.729714e-05	0.0	0.1	3.729714e-05	0.0	0.1	3.729714e-05	0.0	0.1	3.729714e-05	0.0	0.1	3.729714e-05	0.0	0.1	3.729714e-05	0.0	0.1	3.729714e-05	0.0	0.1
3.856526e-05	1.0000000205000001	0.1	3.856526e-05	0.0	0.1	3.856526e-05	0.0	0.1	3.856526e-05	0.0	0.1	3.856526e-05	0.0	0.1	3.856526e-05	0.0	0.1	3.856526e-05	0.0	0.1	3.856526e-05	0.0	0.1	3.856526e-05	0.0	0.1	3.856526e-05	0.0	0.1	3.856526e-05	0.0	0.1	3.856526e-05	0.0	0.1	3.856526e-05	0.0	0.1	3.856526e-05	0.0	0.1	3.856526e-05	0.0	0.1	3.856526e-05	0.0	0.1	3.856526e-05	0.0	0.1	3.856526e-05	0.0	0.1
3.992558e-05	1.0000000353	0.1	3.992558e-05	0.0	0.1	3.992558e-05	0.0	0.1	3.992558e-05	0.0	0.1	3.992558e-05	0.0	0.1	3.992558e-05	0.0	0.1	3.992558e-05	0.0	0.1	3.992558e-05	0.0	0.1	3.992558e-05	0.0	0.1	3.992558e-05	0.0	0.1	3.992558e-05	0.0	0.1	3.992558e-05	0.0	0.1	3.992558e-05	0.0	0.1	3.992558e-05	0.0	0.1	3.992558e-05	0.0	0.1	3.992558e-05	0.0	0.1	3.992558e-05	0.0	0.1	3.992558e-05	0.0	0.1
4.12859e-05	1.0000000715000001	0.1	4.12859e-05	0.0	0.1	4.12859e-05	0.0	0.1	4.12859e-05	0.0	0.1	4.12859e-05	0.0	0.1	4.12859e-05	0.0	0.1	4.12859e-05	0.0	0.1	4.12859e-05	0.0	0.1	4.12859e-05	0.0	0.1	4.12859e-05	0.0	0.1	4.12859e-05	0.0	0.1	4.12859e-05	0.0	0.1	4.12859e-05	0.0	0.1	4.12859e-05	0.0	0.1	4.12859e-05	0.0	0.1	4.12859e-05	0.0	0.1	4.12859e-05	0.0	0.1	4.12859e-05	0.0	0.1
4.264623e-05	1.0000000207	0.1	4.264623e-05	0.0	0.1	4.264623e-05	0.0	0.1	4.264623e-05	0.0	0.1	4.264623e-05	0.0	0.1	4.264623e-05	0.0	0.1	4.264623e-05	0.0	0.1	4.264623e-05	0.0	0.1	4.264623e-05	0.0	0.1	4.264623e-05	0.0	0.1	4.264623e-05	0.0	0.1	4.264623e-05	0.0	0.1	4.264623e-05	0.0	0.1	4.264623e-05	0.0	0.1	4.264623e-05	0.0	0.1	4.264623e-05	0.0	0.1	4.264623e-05	0.0	0.1	4.264623e-05	0.0	0.1
4.400655e-05	0.9999999796	0.1	4.400655e-05	0.0	0.1	4.400655e-05	0.0	0.1	4.400655e-05	0.0	0.1	4.400655e-05	0.0	0.1	4.400655e-05	0.0	0.1	4.400655e-05	0.0	0.1	4.400655e-05	0.0	0.1	4.400655e-05	0.0	0.1	4.400655e-05	0.0	0.1	4.400655e-05	0.0	0.1	4.400655e-05	0.0	0.1	4.400655e-05	0.0	0.1	4.400655e-05	0.0	0.1	4.400655e-05	0.0	0.1	4.400655e-05	0.0	0.1	4.400655e-05	0.0	0.1	4.400655e-05	0.0	0.1
4.542284e-05	0.9999999417000001	0.1	4.542284e-05	0.0	0.1	4.542284e-05	0.0	0.1	4.542284e-05	0.0	0.1	4.542284e-05	0.0	0.1	4.542284e-05	0.0	0.1	4.542284e-05	0.0	0.1	4.542284e-05	0.0	0.1	4.542284e-05	0.0	0.1	4.542284e-05	0.0	0.1	4.542284e-05	0.0	0.1	4.542284e-05	0.0	0.1	4.542284e-05	0.0	0.1	4.542284e-05	0.0	0.1	4.542284e-05	0.0	0.1	4.542284e-05	0.0	0.1	4.542284e-05	0.0	0.1	4.542284e-05	0.0	0.1
4.706297e-05	0.9999999473	0.1	4.706297e-05	0.0	0.1	4.706297e-05	0.0	0.1	4.706297e-05	0.0	0.1	4.706297e-05	0.0	0.1	4.706297e-05	0.0	0.1	4.706297e-05	0.0	0.1	4.706297e-05	0.0	0.1	4.706297e-05	0.0	0.1	4.706297e-05	0.0	0.1	4.706297e-05	0.0	0.1	4.706297e-05	0.0	0.1	4.706297e-05	0.0	0.1	4.706297e-05	0.0	0.1	4.706297e-05	0.0	0.1	4.706297e-05	0.0	0.1	4.706297e-05	0.0	0.1	4.706297e-05	0.0	0.1
4.870311e-05	1.0000000063999999	0.1	4.870311e-05	0.0	0.1	4.870311e-05	0.0	0.1	4.870311e-05	0.0	0.1	4.870311e-05	0.0	0.1	4.870311e-05	0.0	0.1	4.870311e-05	0.0	0.1	4.870311e-05	0.0	0.1	4.870311e-05	0.0	0.1	4.870311e-05	0.0	0.1	4.870311e-05	0.0	0.1	4.870311e-05	0.0	0.1	4.870311e-05	0.0	0.1	4.870311e-05	0.0	0.1	4.870311e-05	0.0	0.1	4.870311e-05	0.0	0.1	4.870311e-05	0.0	0.1	4.870311e-05	0.0	0.1
5.034325e-05	0.9999999926	0.1	5.034325e-05	0.0	0.1	5.034325e-05	0.0	0.1	5.034325e-05	0.0	0.1	5.034325e-05	0.0	0.1	5.034325e-05	0.0	0.1	5.034325e-05	0.0	0.1	5.034325e-05	0.0	0.1	5.034325e-05	0.0	0.1	5.034325e-05	0.0	0.1	5.034325e-05	0.0	0.1	5.034325e-05	0.0	0.1	5.034325e-05	0.0	0.1	5.034325e-05	0.0	0.1	5.034325e-05	0.0	0.1	5.034325e-05	0.0	0.1	5.034325e-05	0.0	0.1	5.034325e-05	0.0	0.1
5.198338e-05	1.0000000478	0.1	5.198338e-05	0.0	0.1	5.198338e-05	0.0	0.1	5.198338e-05	0.0	0.1	5.198338e-05	0.0	0.1	5.198338e-05	0.0	0.1	5.198338e-05	0.0	0.1	5.198338e-05	0.0	0.1	5.198338e-05	0.0	0.1	5.198338e-05	0.0	0.1	5.198338e-05	0.0	0.1	5.198338e-05	0.0	0.1	5.198338e-05	0.0	0.1	5.198338e-05	0.0	0.1	5.198338e-05	0.0	0.1	5.198338e-05	0.0	0.1	5.198338e-05	0.0	0.1	5.198338e-05	0.0	0.1
5.389284e-05	1.000000056	0.1	5.389284e-05	0.0	0.1	5.389284e-05	0.0	0.1	5.389284e-05	0.0	0.1	5.389284e-05	0.0	0.1	5.389284e-05	0.0	0.1	5.389284e-05	0.0	0.1	5.389284e-05	0.0	0.1	5.389284e-05	0.0	0.1	5.389284e-05	0.0	0.1	5.389284e-05	0.0	0.1	5.389284e-05	0.0	0.1	5.389284e-05	0.0	0.1	5.389284e-05	0.0	0.1	5.389284e-05	0.0	0.1	5.389284e-05	0.0	0.1	5.389284e-05	0.0	0.1	5.389284e-05	0.0	0.1
5.586963e-05	0.9999999428	0.1	5.586963e-05	0.0	0.1	5.586963e-05	0.0	0.1	5.586963e-05	0.0	0.1	5.586963e-05	0.0	0.1	5.586963e-05	0.0	0.1	5.586963e-05	0.0	0.1	5.586963e-05	0.0	0.1	5.586963e-05	0.0	0.1	5.586963e-05	0.0	0.1	5.586963e-05	0.0	0.1	5.586963e-05	0.0	0.1	5.586963e-05	0.0	0.1	5.586963e-05	0.0	0.1	5.586963e-05	0.0	0.1	5.586963e-05	0.0	0.1	5.586963e-05	0.0	0.1	5.586963e-05	0.0	0.1
5.784642e-05	1.0000000175	0.1	5.784642e-05	0.0	0.1	5.784642e-05	0.0	0.1	5.784642e-05	0.0	0.1	5.784642e-05	0.0	0.1	5.784642e-05	0.0	0.1	5.784642e-05	0.0	0.1	5.784642e-05	0.0	0.1	5.784642e-05	0.0	0.1	5.784642e-05	0.0	0.1	5.784642e-05	0.0	0.1	5.784642e-05	0.0	0.1	5.784642e-05	0.0	0.1	5.784642e-05	0.0	0.1	5.784642e-05	0.0	0.1	5.784642e-05	0.0	0.1	5.784642e-05	0.0	0.1	5.784642e-05	0.0	0.1
5.990309e-05	0.9999999775000001	0.1	5.990309e-05	0.0	0.1	5.990309e-05	0.0	0.1	5.990309e-05	0.0	0.1	5.990309e-05	0.0	0.1	5.990309e-05	0.0	0.1	5.990309e-05	0.0	0.1	5.990309e-05	0.0	0.1	5.990309e-05	0.0	0.1	5.990309e-05	0.0	0.1	5.990309e-05	0.0	0.1	5.990309e-05	0.0	0.1	5.990309e-05	0.0	0.1	5.990309e-05	0.0	0.1	5.990309e-05	0.0	0.1	5.990309e-05	0.0	0.1	5.990309e-05	0.0	0.1	5.990309e-05	0.0	0.1
6.227933e-05	1.0000000322000002	0.1	6.227933e-05	0.0	0.1	6.227933e-05	0.0	0.1	6.227933e-05	0.0	0.1	6.227933e-05	0.0	0.1	6.227933e-05	0.0	0.1	6.227933e-05	0.0	0.1	6.227933e-05	0.0	0.1	6.227933e-05	0.0	0.1	6.227933e-05	0.0	0.1	6.227933e-05	0.0	0.1	6.227933e-05	0.0	0.1	6.227933e-05	0.0	0.1	6.227933e-05	0.0	0.1	6.227933e-05	0.0	0.1	6.227933e-05	0.0	0.1	6.227933e-05	0.0	0.1	6.227933e-05	0.0	0.1
6.465557e-05	0.9999999682	0.1	6.465557e-05	0.0	0.1	6.465557e-05	0.0	0.1	6.465557e-05	0.0	0.1	6.465557e-05	0.0	0.1	6.465557e-05	0.0	0.1	6.465557e-05	0.0	0.1	6.465557e-05	0.0	0.1	6.465557e-05	0.0	0.1	6.465557e-05	0.0	0.1	6.465557e-05	0.0	0.1	6.465557e-05	0.0	0.1	6.465557e-05	0.0	0.1	6.465557e-05	0.0	0.1	6.465557e-05	0.0	0.1	6.465557e-05	0.0	0.1	6.465557e-05	0.0	0.1	6.465557e-05	0.0	0.1
6.712856e-05	0.9999999411999999	0.1	6.712856e-05	0.0	0.1	6.712856e-05	0.0	0.1	6.712856e-05	0.0	0.1	6.712856e-05	0.0	0.1	6.712856e-05	0.0	0.1	6.712856e-05	0.0	0.1	6.712856e-05	0.0	0.1	6.712856e-05	0.0	0.1	6.712856e-05	0.0	0.1	6.712856e-05	0.0	0.1	6.712856e-05	0.0	0.1	6.712856e-05	0.0	0.1	6.712856e-05	0.0	0.1	6.712856e-05	0.0	0.1	6.712856e-05	0.0	0.1	6.712856e-05	0.0	0.1	6.712856e-05	0.0	0.1
6.998858e-05	1.0000000138	0.1	6.998858e-05	0.0	0.1	6.998858e-05	0.0	0.1	6.998858e-05	0.0	0.1	6.998858e-05	0.0	0.1	6.998858e-05	0.0	0.1	6.998858e-05	0.0	0.1	6.998858e-05	0.0	0.1	6.998858e-05	0.0	0.1	6.998858e-05	0.0	0.1	6.998858e-05	0.0	0.1	6.998858e-05	0.0	0.1	6.998858e-05	0.0	0.1	6.998858e-05	0.0	0.1	6.998858e-05	0.0	0.1	6.998858e-05	0.0	0.1	6.998858e-05	0.0	0.1	6.998858e-05	0.0	0.1
7.284859e-05	0.9999999969	0.1	7.284859e-05	0.0	0.1	7.284859e-05	0.0	0.1	7.284859e-05	0.0	0.1	7.284859e-05	0.0	0.1	7.284859e-05	0.0	0.1	7.284859e-05	0.0	0.1	7.284859e-05	0.0	0.1	7.284859e-05	0.0	0.1	7.284859e-05	0.0	0.1	7.284859e-05	0.0	0.1	7.284859e-05	0.0	0.1	7.284859e-05	0.0	0.1	7.284859e-05	0.0	0.1	7.284859e-05	0.0	0.1	7.284859e-05	0.0	0.1	7.284859e-05	0.0	0.1	7.284859e-05	0.0	0.1
7.60636e-05	0.9999999047	0.1	7.60636e-05	0.0	0.1	7.60636e-05	0.0	0.1	7.60636e-05	0.0	0.1	7.60636e-05	0.0	0.1	7.60636e-05	0.0	0.1	7.60636e-05	0.0	0.1	7.60636e-05	0.0	0.1	7.60636e-05	0.0	0.1	7.60636e-05	0.0	0.1	7.60636e-05	0.0	0.1	7.60636e-05	0.0	0.1	7.60636e-05	0.0	0.1	7.60636e-05	0.0	0.1	7.60636e-05	0.0	0.1	7.60636e-05	0.0	0.1	7.60636e-05	0.0	0.1	7.60636e-05	0.0	0.1
7.951525e-05	0.9999999487	0.1	7.951525e-05	0.0	0.1	7.951525e-05	0.0	0.1	7.951525e-05	0.0	0.1	7.951525e-05	0.0	0.1	7.951525e-05	0.0	0.1	7.951525e-05	0.0	0.1	7.951525e-05	0.0	0.1	7.951525e-05	0.0	0.1	7.951525e-05	0.0	0.1	7.951525e-05	0.0	0.1	7.951525e-05	0.0	0.1	7.951525e-05	0.0	0.1	7.951525e-05	0.0	0.1	7.951525e-05	0.0	0.1	7.951525e-05	0.0	0.1	7.951525e-05	0.0	0.1	7.951525e-05	0.0	0.1
8.327154e-05	0.9999999177	0.1	8.327154e-05	0.0	0.1	8.327154e-05	0.0	0.1	8.327154e-05	0.0	0.1	8.327154e-05	0.0	0.1	8.327154e-05	0.0	0.1	8.327154e-05	0.0	0.1	8.327154e-05	0.0	0.1	8.327154e-05	0.0	0.1	8.327154e-05	0.0	0.1	8.327154e-05	0.0	0.1	8.327154e-05	0.0	0.1	8.327154e-05	0.0	0.1	8.327154e-05	0.0	0.1	8.327154e-05	0.0	0.1	8.327154e-05	0.0	0.1	8.327154e-05	0.0	0.1	8.327154e-05	0.0	0.1
8.748478e-05	1.0000000246	0.1	8.748478e-05	0.0	0.1	8.748478e-05	0.0	0.1	8.748478e-05	0.0	0.1	8.748478e-05	0.0	0.1	8.748478e-05	0.0	0.1	8.748478e-05	0.0	0.1	8.748478e-05	0.0	0.1	8.748478e-05	0.0	0.1	8.748478e-05	0.0	0.1	8.748478e-05	0.0	0.1	8.748478e-05	0.0	0.1	8.748478e-05	0.0	0.1	8.748478e-05	0.0	0.1	8.748478e-05	0.0	0.1	8.748478e-05	0.0	0.1	8.748478e-05	0.0	0.1	8.748478e-05	0.0	0.1
9.220812e-05	0.9999999164	0.1	9.220812e-05	0.0	0.1	9.220812e-05	0.0	0.1	9.220812e-05	0.0	0.1	9.220812e-05	0.0	0.1	9.220812e-05	0.0	0.1	9.220812e-05	0.0	0.1	9.220812e-05	0.0	0.1	9.220812e-05	0.0	0.1	9.220812e-05	0.0	0.1	9.220812e-05	0.0	0.1	9.220812e-05	0.0	0.1	9.220812e-05	0.0	0.1	9.220812e-05	0.0	0.1	9.220812e-05	0.0	0.1	9.220812e-05	0.0	0.1	9.220812e-05	0.0	0.1	9.220812e-05	0.0	0.1
9.727154e-05	0.999999986	0.1	9.727154e-05	0.0	0.1	9.727154e-05	0.0	0.1	9.727154e-05	0.0	0.1	9.727154e-05	0.0	0.1	9.727154e-05	0.0	0.1	9.727154e-05	0.0	0.1	9.727154e-05	0.0	0.1	9.727154e-05	0.0	0.1	9.727154e-05	0.0	0.1	9.727154e-05	0.0	0.1	9.727154e-05	0.0	0.1	9.727154e-05	0.0	0.1	9.727154e-05	0.0	0.1	9.727154e-05	0.0	0.1	9.727154e-05	0.0	0.1	9.727154e-05	0.0	0.1	9.727154e-05	0.0	0.1
0.0001034132	1.0000000522	0.1	0.0001034132	0.0	0.1	0.0001034132	0.0	0.1	0.0001034132	0.0	0.1	0.0001034132	0.0	0.1	0.0001034132	0.0	0.1	0.0001034132	0.0	0.1	0.0001034132	0.0	0.1	0.0001034132	0.0	0.1	0.0001034132	0.0	0.1	0.0001034132	0.0	0.1	0.0001034132	0.0	0.1	0.0001034132	0.0	0.1	0.0001034132	0.0	0.1	0.0001034132	0.0	0.1	0.0001034132	0.0	0.1	0.0001034132	0.0	0.1	0.0001034132	0.0	0.1
0.0001104631	1.0000000301	0.1	0.0001104631	0.0	0.1	0.0001104631	0.0	0.1	0.0001104631	0.0	0.1	0.0001104631	0.0	0.1	0.0001104631	0.0	0.1	0.0001104631	0.0	0.1	0.0001104631	0.0	0.1	0.0001104631	0.0	0.1	0.0001104631	0.0	0.1	0.0001104631	0.0	0.1	0.0001104631	0.0	0.1	0.0001104631	0.0	0.1	0.0001104631	0.0	0.1	0.0001104631	0.0	0.1	0.0001104631	0.0	0.1	0.0001104631	0.0	0.1	0.0001104631	0.0	0.1
0.0001185561	1.000000047	0.1	0.0001185561	0.0	0.1	0.0001185561	0.0	0.1	0.0001185561	0.0	0.1	0.0001185561	0.0	0.1	0.0001185561	0.0	0.1	0.0001185561	0.0	0.1	0.0001185561	0.0	0.1	0.0001185561	0.0	0.1	0.0001185561	0.0	0.1	0.0001185561	0.0	0.1	0.0001185561	0.0	0.1	0.0001185561	0.0	0.1	0.0001185561	0.0	0.1	0.0001185561	0.0	0.1	0.0001185561	0.0	0.1	0.0001185561	0.0	0.1	0.0001185561	0.0	0.1
0.0001283991	1.0000000107	0.1	0.0001283991	0.0	0.1	0.0001283991	0.0	0.1	0.0001283991	0.0	0.1	0.0001283991	0.0	0.1	0.0001283991	0.0	0.1	0.0001283991	0.0	0.1	0.0001283991	0.0	0.1	0.0001283991	0.0	0.1	0.0001283991	0.0	0.1	0.0001283991	0.0	0.1	0.0001283991	0.0	0.1	0.0001283991	0.0	0.1	0.0001283991	0.0	0.1	0.0001283991	0.0	0.1	0.0001283991	0.0	0.1	0.0001283991	0.0	0.1	0.0001283991	0.0	0.1
0.0001407988	0.9999999687	0.1	0.0001407988	0.0	0.1	0.0001407988	0.0	0.1	0.0001407988	0.0	0.1	0.0001407988	0.0	0.1	0.0001407988	0.0	0.1	0.0001407988	0.0	0.1	0.0001407988	0.0	0.1	0.0001407988	0.0	0.1	0.0001407988	0.0	0.1	0.0001407988	0.0	0.1	0.0001407988	0.0	0.1	0.0001407988	0.0	0.1	0.0001407988	0.0	0.1	0.0001407988	0.0	0.1	0.0001407988	0.0	0.1	0.0001407988	0.0	0.1	0.0001407988	0.0	0.1
0.0001538376	0.9999999761	0.1	0.0001538376	0.0	0.1	0.0001538376	0.0	0.1	0.0001538376	0.0	0.1	0.0001538376	0.0	0.1	0.0001538376	0.0	0.1	0.0001538376	0.0	0.1	0.0001538376	0.0	0.1	0.0001538376	0.0	0.1	0.0001538376	0.0	0.1	0.0001538376	0.0	0.1	0.0001538376	0.0	0.1	0.0001538376	0.0	0.1	0.0001538376	0.0	0.1	0.0001538376	0.0	0.1	0.0001538376	0.0	0.1	0.0001538376	0.0	0.1	0.0001538376	0.0	0.1
0.0001674051	1.0000000439	0.1	0.0001674051	0.0	0.1	0.0001674051	0.0	0.1	0.0001674051	0.0	0.1	0.0001674051	0.0	0.1	0.0001674051	0.0	0.1	0.0001674051	0.0	0.1	0.0001674051	0.0	0.1	0.0001674051	0.0	0.1	0.0001674051	0.0	0.1	0.0001674051	0.0	0.1	0.0001674051	0.0	0.1	0.0001674051	0.0	0.1	0.0001674051	0.0	0.1	0.0001674051	0.0	0.1	0.0001674051	0.0	0.1	0.0001674051	0.0	0.1	0.0001674051	0.0	0.1
0.0001830874	1.0000000609	0.1	0.0001830874	0.0	0.1	0.0001830874	0.0	0.1	0.0001830874	0.0	0.1	0.0001830874	0.0	0.1	0.0001830874	0.0	0.1	0.0001830874	0.0	0.1	0.0001830874	0.0	0.1	0.0001830874	0.0	0.1	0.0001830874	0.0	0.1	0.0001830874	0.0	0.1	0.0001830874	0.0	0.1	0.0001830874	0.0	0.1	0.0001830874	0.0	0.1	0.0001830874	0.0	0.1	0.0001830874	0.0	0.1	0.0001830874	0.0	0.1	0.0001830874	0.0	0.1
0.0001987698	1.0000000028	0.1	0.0001987698	0.0	0.1	0.0001987698	0.0	0.1	0.0001987698	0.0	0.1	0.0001987698	0.0	0.1	0.0001987698	0.0	0.1	0.0001987698	0.0	0.1	0.0001987698	0.0	0.1	0.0001987698	0.0	0.1	0.0001987698	0.0	0.1	0.0001987698	0.0	0.1	0.0001987698	0.0	0.1	0.0001987698	0.0	0.1	0.0001987698	0.0	0.1	0.0001987698	0.0	0.1	0.0001987698	0.0	0.1	0.0001987698	0.0	0.1	0.0001987698	0.0	0.1
0.0002144522	0.9999999722999999	0.1	0.0002144522	0.0	0.1	0.0002144522	0.0	0.1	0.0002144522	0.0	0.1	0.0002144522	0.0	0.1	0.0002144522	0.0	0.1	0.0002144522	0.0	0.1	0.0002144522	0.0	0.1	0.0002144522	0.0	0.1	0.0002144522	0.0	0.1	0.0002144522	0.0	0.1	0.0002144522	0.0	0.1	0.0002144522	0.0	0.1	0.0002144522	0.0	0.1	0.0002144522	0.0	0.1	0.0002144522	0.0	0.1	0.0002144522	0.0	0.1	0.0002144522	0.0	0.1
0.0002320875	0.9999999616999999	0.1	0.0002320875	0.0	0.1	0.0002320875	0.0	0.1	0.0002320875	0.0	0.1	0.0002320875	0.0	0.1	0.0002320875	0.0	0.1	0.0002320875	0.0	0.1	0.0002320875	0.0	0.1	0.0002320875	0.0	0.1	0.0002320875	0.0	0.1	0.0002320875	0.0	0.1	0.0002320875	0.0	0.1	0.0002320875	0.0	0.1	0.0002320875	0.0	0.1	0.0002320875	0.0	0.1	0.0002320875	0.0	0.1	0.0002320875	0.0	0.1	0.0002320875	0.0	0.1
0.0002510247	1.0000000942	0.1	0.0002510247	0.0	0.1	0.0002510247	0.0	0.1	0.0002510247	0.0	0.1	0.0002510247	0.0	0.1	0.0002510247	0.0	0.1	0.0002510247	0.0	0.1	0.0002510247	0.0	0.1	0.0002510247	0.0	0.1	0.0002510247	0.0	0.1	0.0002510247	0.0	0.1	0.0002510247	0.0	0.1	0.0002510247	0.0	0.1	0.0002510247	0.0	0.1	0.0002510247	0.0	0.1	0.0002510247	0.0	0.1	0.0002510247	0.0	0.1	0.0002510247	0.0	0.1
0.000269962	1.0000000939	0.1	0.000269962	0.0	0.1	0.000269962	0.0	0.1	0.000269962	0.0	0.1	0.000269962	0.0	0.1	0.000269962	0.0	0.1	0.000269962	0.0	0.1	0.000269962	0.0	0.1	0.000269962	0.0	0.1	0.000269962	0.0	0.1	0.000269962	0.0	0.1	0.000269962	0.0	0.1	0.000269962	0.0	0.1	0.000269962	0.0	0.1	0.000269962	0.0	0.1	0.000269962	0.0	0.1	0.000269962	0.0	0.1	0.000269962	0.0	0.1
0.0002912516	0.9999999758999999	0.1	0.0002912516	0.0	0.1	0.0002912516	0.0	0.1	0.0002912516	0.0	0.1	0.0002912516	0.0	0.1	0.0002912516	0.0	0.1	0.0002912516	0.0	0.1	0.0002912516	0.0	0.1	0.0002912516	0.0	0.1	0.0002912516	0.0	0.1	0.0002912516	0.0	0.1	0.0002912516	0.0	0.1	0.0002912516	0.0	0.1	0.0002912516	0.0	0.1	0.0002912516	0.0	0.1	0.0002912516	0.0	0.1	0.0002912516	0.0	0.1	0.0002912516	0.0	0.1
0.0003141094	1.0000000271	0.1	0.0003141094	0.0	0.1	0.0003141094	0.0	0.1	0.0003141094	0.0	0.1	0.0003141094	0.0	0.1	0.0003141094	0.0	0.1	0.0003141094	0.0	0.1	0.0003141094	0.0	0.1	0.0003141094	0.0	0.1	0.0003141094	0.0	0.1	0.0003141094	0.0	0.1	0.0003141094	0.0	0.1	0.0003141094	0.0	0.1	0.0003141094	0.0	0.1	0.0003141094	0.0	0.1	0.0003141094	0.0	0.1	0.0003141094	0.0	0.1	0.0003141094	0.0	0.1
0.0003369672	0.9999999245999999	0.1	0.0003369672	0.0	0.1	0.0003369672	0.0	0.1	0.0003369672	0.0	0.1	0.0003369672	0.0	0.1	0.0003369672	0.0	0.1	0.0003369672	0.0	0.1	0.0003369672	0.0	0.1	0.0003369672	0.0	0.1	0.0003369672	0.0	0.1	0.0003369672	0.0	0.1	0.0003369672	0.0	0.1	0.0003369672	0.0	0.1	0.0003369672	0.0	0.1	0.0003369672	0.0	0.1	0.0003369672	0.0	0.1	0.0003369672	0.0	0.1	0.0003369672	0.0	0.1
0.0003646463	1.0000000483	0.1	0.0003646463	0.0	0.1	0.0003646463	0.0	0.1	0.0003646463	0.0	0.1	0.0003646463	0.0	0.1	0.0003646463	0.0	0.1	0.0003646463	0.0	0.1	0.0003646463	0.0	0.1	0.0003646463	0.0	0.1	0.0003646463	0.0	0.1	0.0003646463	0.0	0.1	0.0003646463	0.0	0.1	0.0003646463	0.0	0.1	0.0003646463	0.0	0.1	0.0003646463	0.0	0.1	0.0003646463	0.0	0.1	0.0003646463	0.0	0.1	0.0003646463	0.0	0.1
0.0003923254	0.9999999581	0.1	0.0003923254	0.0	0.1	0.0003923254	0.0	0.1	0.0003923254	0.0	0.1	0.0003923254	0.0	0.1	0.0003923254	0.0	0.1	0.0003923254	0.0	0.1	0.0003923254	0.0	0.1	0.0003923254	0.0	0.1	0.0003923254	0.0	0.1	0.0003923254	0.0	0.1	0.0003923254	0.0	0.1	0.0003923254	0.0	0.1	0.0003923254	0.0	0.1	0.0003923254	0.0	0.1	0.0003923254	0.0	0.1	0.0003923254	0.0	0.1	0.0003923254	0.0	0.1
0.0004256462	0.9999999100000001	0.1	0.0004256462	0.0	0.1	0.0004256462	0.0	0.1	0.0004256462	0.0	0.1	0.0004256462	0.0	0.1	0.0004256462	0.0	0.1	0.0004256462	0.0	0.1	0.0004256462	0.0	0.1	0.0004256462	0.0	0.1	0.0004256462	0.0	0.1	0.0004256462	0.0	0.1	0.0004256462	0.0	0.1	0.0004256462	0.0	0.1	0.0004256462	0.0	0.1	0.0004256462	0.0	0.1	0.0004256462	0.0	0.1	0.0004256462	0.0	0.1	0.0004256462	0.0	0.1
0.0004603175	1.0000000875000001	0.1	0.0004603175	0.0	0.1	0.0004603175	0.0	0.1	0.0004603175	0.0	0.1	0.0004603175	0.0	0.1	0.0004603175	0.0	0.1	0.0004603175	0.0	0.1	0.0004603175	0.0	0.1	0.0004603175	0.0	0.1	0.0004603175	0.0	0.1	0.0004603175	0.0	0.1	0.0004603175	0.0	0.1	0.0004603175	0.0	0.1	0.0004603175	0.0	0.1	0.0004603175	0.0	0.1	0.0004603175	0.0	0.1	0.0004603175	0.0	0.1	0.0004603175	0.0	0.1
0.0005003907	1.0000000051	0.1	0.0005003907	0.0	0.1	0.0005003907	0.0	0.1	0.0005003907	0.0	0.1	0.0005003907	0.0	0.1	0.0005003907	0.0	0.1	0.0005003907	0.0	0.1	0.0005003907	0.0	0.1	0.0005003907	0.0	0.1	0.0005003907	0.0	0.1	0.0005003907	0.0	0.1	0.0005003907	0.0	0.1	0.0005003907	0.0	0.1	0.0005003907	0.0	0.1	0.0005003907	0.0	0.1	0.0005003907	0.0	0.1	0.0005003907	0.0	0.1	0.0005003907	0.0	0.1
0.0005441082	0.9999999685000001	0.1	0.0005441082	0.0	0.1	0.0005441082	0.0	0.1	0.0005441082	0.0	0.1	0.0005441082	0.0	0.1	0.0005441082	0.0	0.1	0.0005441082	0.0	0.1	0.0005441082	0.0	0.1	0.0005441082	0.0	0.1	0.0005441082	0.0	0.1	0.0005441082	0.0	0.1	0.0005441082	0.0	0.1	0.0005441082	0.0	0.1	0.0005441082	0.0	0.1	0.0005441082	0.0	0.1	0.0005441082	0.0	0.1	0.0005441082	0.0	0.1	0.0005441082	0.0	0.1
0.0005932921	1.0000000436	0.1	0.0005932921	0.0	0.1	0.0005932921	0.0	0.1	0.0005932921	0.0	0.1	0.0005932921	0.0	0.1	0.0005932921	0.0	0.1	0.0005932921	0.0	0.1	0.0005932921	0.0	0.1	0.0005932921	0.0	0.1	0.0005932921	0.0	0.1	0.0005932921	0.0	0.1	0.0005932921	0.0	0.1	0.0005932921	0.0	0.1	0.0005932921	0.0	0.1	0.0005932921	0.0	0.1	0.0005932921	0.0	0.1	0.0005932921	0.0	0.1	0.0005932921	0.0	0.1
