Batch	m_SP	13	W5	W1	W2	W3	W4	W6	R	P1	P2	P3	P4	P5	P6																							
6.405098e-11	0.9894973	0.1	6.405098e-11	6.35467e-111	0.1	6.405098e-11	6.35467e-111	0.1	6.405098e-11	8.065183e-06	0.1	6.405098e-11	6.35467e-111	0.1	6.405098e-11	6.35467e-111	0.1	6.405098e-11	0.0007183449	0.1	6.405098e-11	0.0009225052	0.1	6.405098e-11	0.002419953	0.1	6.405098e-11	0.0009464552	0.1	6.405098e-11	1.716624e-06	0.1	6.405098e-11	0.0002383258	0.1	6.405098e-11	5.871348e-09	0.1
9.653106e-11	0.9842351	0.1	9.653106e-11	9.539012e-111	0.1	9.653106e-11	9.539012e-111	0.1	9.653106e-11	1.210541e-05	0.1	9.653106e-11	9.539012e-111	0.1	9.653106e-11	9.539012e-111	0.1	9.653106e-11	0.001078821	0.1	9.653106e-11	0.001386831	0.1	9.653106e-11	0.003630371	0.1	9.653106e-11	0.001419987	0.1	9.653106e-11	2.595031e-06	0.1	9.653106e-11	0.0003578014	0.1	9.653106e-11	9.211801e-09	0.1
1.494589e-10	0.9757509	0.1	1.494589e-10	1.467411e-110	0.1	1.494589e-10	1.467411e-110	0.1	1.494589e-10	1.862493e-05	0.1	1.494589e-10	1.467411e-110	0.1	1.494589e-10	1.467411e-110	0.1	1.494589e-10	0.00166154	0.1	1.494589e-10	0.002141265	0.1	1.494589e-10	0.005576182	0.1	1.494589e-10	0.002181578	0.1	1.494589e-10	4.054937e-06	0.1	1.494589e-10	0.0005506055	0.1	1.494589e-10	1.569265e-08	0.1
2.233375e-10	0.964095	0.1	2.233375e-10	2.17322e-110	0.1	2.233375e-10	2.17322e-110	0.1	2.233375e-10	2.760742e-05	0.1	2.233375e-10	2.17322e-110	0.1	2.233375e-10	2.17322e-110	0.1	2.233375e-10	0.002466827	0.1	2.233375e-10	0.003195667	0.1	2.233375e-10	0.008231827	0.1	2.233375e-10	0.003222114	0.1	2.233375e-10	6.187816e-06	0.1	2.233375e-10	0.0008160264	0.1	2.233375e-10	2.796087e-08	0.1
3.151092e-10	0.9499149	0.1	3.151092e-10	3.032648e-110	0.1	3.151092e-10	3.032648e-110	0.1	3.151092e-10	3.860694e-05	0.1	3.151092e-10	3.032648e-110	0.1	3.151092e-10	3.032648e-110	0.1	3.151092e-10	0.003457464	0.1	3.151092e-10	0.004519968	0.1	3.151092e-10	0.01142191	0.1	3.151092e-10	0.004474633	0.1	3.151092e-10	9.066878e-06	0.1	3.151092e-10	0.001140144	0.1	3.151092e-10	5.062769e-08	0.1
4.113542e-10	0.9353932	0.1	4.113542e-10	3.913995e-110	0.1	4.113542e-10	3.913995e-110	0.1	4.113542e-10	4.999643e-05	0.1	4.113542e-10	3.913995e-110	0.1	4.113542e-10	3.913995e-110	0.1	4.113542e-10	0.004489338	0.1	4.113542e-10	0.005942131	0.1	4.113542e-10	0.0146244	0.1	4.113542e-10	0.005736103	0.1	4.113542e-10	1.245718e-05	0.1	4.113542e-10	0.001473908	0.1	4.113542e-10	8.599024e-08	0.1
5.075993e-10	0.9212222	0.1	5.075993e-10	4.775598e-110	0.1	5.075993e-10	4.775598e-110	0.1	5.075993e-10	6.127837e-05	0.1	5.075993e-10	4.775598e-110	0.1	5.075993e-10	4.775598e-110	0.1	5.075993e-10	0.005518398	0.1	5.075993e-10	0.007413997	0.1	5.075993e-10	0.0176676	0.1	5.075993e-10	0.006940023	0.1	5.075993e-10	1.632214e-05	0.1	5.075993e-10	0.001801787	0.1	5.075993e-10	1.357309e-07	0.1
6.038443e-10	0.9073945	0.1	6.038443e-10	5.618149e-110	0.1	6.038443e-10	5.618149e-110	0.1	6.038443e-10	7.248966e-05	0.1	6.038443e-10	5.618149e-110	0.1	6.038443e-10	5.618149e-110	0.1	6.038443e-10	0.006548447	0.1	6.038443e-10	0.008948883	0.1	6.038443e-10	0.02054126	0.1	6.038443e-10	0.008082958	0.1	6.038443e-10	2.074265e-05	0.1	6.038443e-10	0.002124037	0.1	6.038443e-10	2.017735e-07	0.1
7.000894e-10	0.893902	0.1	7.000894e-10	6.442317e-110	0.1	7.000894e-10	6.442317e-110	0.1	7.000894e-10	8.366116e-05	0.1	7.000894e-10	6.442317e-110	0.1	7.000894e-10	6.442317e-110	0.1	7.000894e-10	0.007582589	0.1	7.000894e-10	0.01055749	0.1	7.000894e-10	0.02323792	0.1	7.000894e-10	0.009162348	0.1	7.000894e-10	2.578353e-05	0.1	7.000894e-10	0.002440744	0.1	7.000894e-10	2.853946e-07	0.1
7.963344e-10	0.8807366	0.1	7.963344e-10	7.248746e-110	0.1	7.963344e-10	7.248746e-110	0.1	7.963344e-10	9.481774e-05	0.1	7.963344e-10	7.248746e-110	0.1	7.963344e-10	7.248746e-110	0.1	7.963344e-10	0.008623236	0.1	7.963344e-10	0.01224792	0.1	7.963344e-10	0.02575293	0.1	7.963344e-10	0.0101765	0.1	7.963344e-10	3.149362e-05	0.1	7.963344e-10	0.002751836	0.1	7.963344e-10	3.872405e-07	0.1
8.925795e-10	0.8678895	0.1	8.925795e-10	8.038056e-110	0.1	8.925795e-10	8.038056e-110	0.1	8.925795e-10	0.0001059785	0.1	8.925795e-10	8.038056e-110	0.1	8.925795e-10	8.038056e-110	0.1	8.925795e-10	0.00967212	0.1	8.925795e-10	0.01402581	0.1	8.925795e-10	0.02808427	0.1	8.925795e-10	0.01112456	0.1	8.925795e-10	3.790643e-05	0.1	8.925795e-10	0.003057098	0.1	8.925795e-10	5.073691e-07	0.1
9.927962e-10	0.854841	0.1	9.927962e-10	8.842383e-110	0.1	9.927962e-10	8.842383e-110	0.1	9.927962e-10	0.0001176191	0.1	9.927962e-10	8.842383e-110	0.1	9.927962e-10	8.842383e-110	0.1	9.927962e-10	0.01077422	0.1	9.927962e-10	0.01597352	0.1	9.927962e-10	0.03031711	0.1	9.927962e-10	0.01204143	0.1	9.927962e-10	4.535121e-05	0.1	9.927962e-10	0.0033684	0.1	9.927962e-10	6.513744e-07	0.1
1.108899e-09	0.8401301	0.1	1.108899e-09	9.752654e-110	0.1	1.108899e-09	9.752654e-110	0.1	1.108899e-09	0.000131142	0.1	1.108899e-09	9.752654e-110	0.1	1.108899e-09	9.752654e-110	0.1	1.108899e-09	0.0120644	0.1	1.108899e-09	0.01835462	0.1	1.108899e-09	0.03265955	0.1	1.108899e-09	0.01301494	0.1	1.108899e-09	5.496276e-05	0.1	1.108899e-09	0.003720055	0.1	1.108899e-09	8.409513e-07	0.1
1.236031e-09	0.8245035	0.1	1.236031e-09	1.072391e-109	0.1	1.236031e-09	1.072391e-109	0.1	1.236031e-09	0.0001460023	0.1	1.236031e-09	1.072391e-109	0.1	1.236031e-09	1.072391e-109	0.1	1.236031e-09	0.0134934	0.1	1.236031e-09	0.02111336	0.1	1.236031e-09	0.03493325	0.1	1.236031e-09	0.01397443	0.1	1.236031e-09	6.668719e-05	0.1	1.236031e-09	0.004093057	0.1	1.236031e-09	1.073857e-06	0.1
1.379705e-09	0.8074233	0.1	1.379705e-09	1.179091e-109	0.1	1.379705e-09	1.179091e-109	0.1	1.379705e-09	0.0001628608	0.1	1.379705e-09	1.179091e-109	0.1	1.379705e-09	1.179091e-109	0.1	1.379705e-09	0.01512698	0.1	1.379705e-09	0.02441365	0.1	1.379705e-09	0.03715512	0.1	1.379705e-09	0.01493045	0.1	1.379705e-09	8.139311e-05	0.1	1.379705e-09	0.004497958	0.1	1.379705e-09	1.364238e-06	0.1
1.523379e-09	0.790929	0.1	1.523379e-09	1.282693e-109	0.1	1.523379e-09	1.282693e-109	0.1	1.523379e-09	0.0001797732	0.1	1.523379e-09	1.282693e-109	0.1	1.523379e-09	1.282693e-109	0.1	1.523379e-09	0.01677681	0.1	1.523379e-09	0.02789364	0.1	1.523379e-09	0.03903396	0.1	1.523379e-09	0.01575837	0.1	1.523379e-09	9.755164e-05	0.1	1.523379e-09	0.004883588	0.1	1.523379e-09	1.67748e-06	0.1
1.667053e-09	0.7749907	0.1	1.667053e-09	1.383342e-109	0.1	1.667053e-09	1.383342e-109	0.1	1.667053e-09	0.0001967153	0.1	1.667053e-09	1.383342e-109	0.1	1.667053e-09	1.383342e-109	0.1	1.667053e-09	0.01843806	0.1	1.667053e-09	0.03153505	0.1	1.667053e-09	0.04059984	0.1	1.667053e-09	0.01646785	0.1	1.667053e-09	0.0001150433	0.1	1.667053e-09	0.005248455	0.1	1.667053e-09	2.007153e-06	0.1
1.810727e-09	0.7595794	0.1	1.810727e-09	1.481175e-109	0.1	1.810727e-09	1.481175e-109	0.1	1.810727e-09	0.0002136565	0.1	1.810727e-09	1.481175e-109	0.1	1.810727e-09	1.481175e-109	0.1	1.810727e-09	0.0201051	0.1	1.810727e-09	0.03531738	0.1	1.810727e-09	0.04188428	0.1	1.810727e-09	0.01706925	0.1	1.810727e-09	0.0001337343	0.1	1.810727e-09	0.005591372	0.1	1.810727e-09	2.346996e-06	0.1
1.954401e-09	0.7446677	0.1	1.954401e-09	1.576318e-109	0.1	1.954401e-09	1.576318e-109	0.1	1.954401e-09	0.0002305635	0.1	1.954401e-09	1.576318e-109	0.1	1.954401e-09	1.576318e-109	0.1	1.954401e-09	0.02177195	0.1	1.954401e-09	0.03921927	0.1	1.954401e-09	0.04291881	0.1	1.954401e-09	0.01757316	0.1	1.954401e-09	0.0001534846	0.1	1.954401e-09	0.005911509	0.1	1.954401e-09	2.691224e-06	0.1
2.098075e-09	0.7302294	0.1	2.098075e-09	1.668889e-109	0.1	2.098075e-09	1.668889e-109	0.1	2.098075e-09	0.0002474019	0.1	2.098075e-09	1.668889e-109	0.1	2.098075e-09	1.668889e-109	0.1	2.098075e-09	0.02343251	0.1	2.098075e-09	0.04321954	0.1	2.098075e-09	0.04373389	0.1	2.098075e-09	0.01799007	0.1	2.098075e-09	0.0001741548	0.1	2.098075e-09	0.00620842	0.1	2.098075e-09	3.034715e-06	0.1
2.241748e-09	0.7162399	0.1	2.241748e-09	1.758997e-109	0.1	2.241748e-09	1.758997e-109	0.1	2.241748e-09	0.0002641388	0.1	2.241748e-09	1.758997e-109	0.1	2.241748e-09	1.758997e-109	0.1	2.241748e-09	0.02508087	0.1	2.241748e-09	0.04729787	0.1	2.241748e-09	0.04435819	0.1	2.241748e-09	0.01833002	0.1	2.241748e-09	0.0001956104	0.1	2.241748e-09	0.006482026	0.1	2.241748e-09	3.373112e-06	0.1
2.385422e-09	0.7026765	0.1	2.385422e-09	1.846744e-109	0.1	2.385422e-09	1.846744e-109	0.1	2.385422e-09	0.0002807433	0.1	2.385422e-09	1.846744e-109	0.1	2.385422e-09	1.846744e-109	0.1	2.385422e-09	0.02671139	0.1	2.385422e-09	0.05143539	0.1	2.385422e-09	0.04481812	0.1	2.385422e-09	0.01860247	0.1	2.385422e-09	0.0002177255	0.1	2.385422e-09	0.006732587	0.1	2.385422e-09	3.702851e-06	0.1
2.529096e-09	0.6895176	0.1	2.529096e-09	1.932227e-109	0.1	2.529096e-09	1.932227e-109	0.1	2.529096e-09	0.0002971875	0.1	2.529096e-09	1.932227e-109	0.1	2.529096e-09	1.932227e-109	0.1	2.529096e-09	0.0283189	0.1	2.529096e-09	0.05561492	0.1	2.529096e-09	0.04513758	0.1	2.529096e-09	0.01881613	0.1	2.529096e-09	0.0002403844	0.1	2.529096e-09	0.006960648	0.1	2.529096e-09	4.021135e-06	0.1
2.678561e-09	0.6762365	0.1	2.678561e-09	2.018849e-109	0.1	2.678561e-09	2.018849e-109	0.1	2.678561e-09	0.0003140983	0.1	2.678561e-09	2.018849e-109	0.1	2.678561e-09	2.018849e-109	0.1	2.678561e-09	0.02996175	0.1	2.678561e-09	0.059991	0.1	2.678561e-09	0.04534377	0.1	2.678561e-09	0.01898457	0.1	2.678561e-09	0.0002644216	0.1	2.678561e-09	0.00717487	0.1	2.678561e-09	4.337848e-06	0.1
2.851189e-09	0.6613882	0.1	2.851189e-09	2.11609e-109	0.1	2.851189e-09	2.11609e-109	0.1	2.851189e-09	0.0003333508	0.1	2.851189e-09	2.11609e-109	0.1	2.851189e-09	2.11609e-109	0.1	2.851189e-09	0.03181582	0.1	2.851189e-09	0.06506152	0.1	2.851189e-09	0.04544898	0.1	2.851189e-09	0.01912109	0.1	2.851189e-09	0.0002926404	0.1	2.851189e-09	0.00739448	0.1	2.851189e-09	4.683302e-06	0.1
3.023817e-09	0.6470386	0.1	3.023817e-09	2.210456e-109	0.1	3.023817e-09	2.210456e-109	0.1	3.023817e-09	0.0003522764	0.1	3.023817e-09	2.210456e-109	0.1	3.023817e-09	2.210456e-109	0.1	3.023817e-09	0.03361759	0.1	3.023817e-09	0.07013064	0.1	3.023817e-09	0.04543826	0.1	3.023817e-09	0.01920572	0.1	3.023817e-09	0.000321217	0.1	3.023817e-09	0.007586128	0.1	3.023817e-09	5.005562e-06	0.1
3.225256e-09	0.6308888	0.1	3.225256e-09	2.317105e-109	0.1	3.225256e-09	2.317105e-109	0.1	3.225256e-09	0.0003739173	0.1	3.225256e-09	2.317105e-109	0.1	3.225256e-09	2.317105e-109	0.1	3.225256e-09	0.03564726	0.1	3.225256e-09	0.07602239	0.1	3.225256e-09	0.04531032	0.1	3.225256e-09	0.01925123	0.1	3.225256e-09	0.0003548606	0.1	3.225256e-09	0.007777194	0.1	3.225256e-09	5.351531e-06	0.1
3.433897e-09	0.6147978	0.1	3.433897e-09	2.423825e-109	0.1	3.433897e-09	2.423825e-109	0.1	3.433897e-09	0.000395803	0.1	3.433897e-09	2.423825e-109	0.1	3.433897e-09	2.423825e-109	0.1	3.433897e-09	0.03766056	0.1	3.433897e-09	0.08207753	0.1	3.433897e-09	0.04507754	0.1	3.433897e-09	0.01925042	0.1	3.433897e-09	0.000389893	0.1	3.433897e-09	0.007941592	0.1	3.433897e-09	5.675997e-06	0.1
3.642538e-09	0.5993157	0.1	3.642538e-09	2.526932e-109	0.1	3.642538e-09	2.526932e-109	0.1	3.642538e-09	0.0004171331	0.1	3.642538e-09	2.526932e-109	0.1	3.642538e-09	2.526932e-109	0.1	3.642538e-09	0.03957839	0.1	3.642538e-09	0.08806739	0.1	3.642538e-09	0.04476934	0.1	3.642538e-09	0.01921187	0.1	3.642538e-09	0.0004249834	0.1	3.642538e-09	0.00807562	0.1	3.642538e-09	5.967244e-06	0.1
3.851179e-09	0.5844075	0.1	3.851179e-09	2.626606e-109	0.1	3.851179e-09	2.626606e-109	0.1	3.851179e-09	0.0004378984	0.1	3.851179e-09	2.626606e-109	0.1	3.851179e-09	2.626606e-109	0.1	3.851179e-09	0.04139744	0.1	3.851179e-09	0.09397924	0.1	3.851179e-09	0.04440684	0.1	3.851179e-09	0.01914462	0.1	3.851179e-09	0.0004600293	0.1	3.851179e-09	0.008182884	0.1	3.851179e-09	6.22719e-06	0.1
4.05982e-09	0.5700413	0.1	4.05982e-09	2.723019e-109	0.1	4.05982e-09	2.723019e-109	0.1	4.05982e-09	0.000458097	0.1	4.05982e-09	2.723019e-109	0.1	4.05982e-09	2.723019e-109	0.1	4.05982e-09	0.04311584	0.1	4.05982e-09	0.09980411	0.1	4.05982e-09	0.04400638	0.1	4.05982e-09	0.01905582	0.1	4.05982e-09	0.0004949527	0.1	4.05982e-09	0.008266747	0.1	4.05982e-09	6.458133e-06	0.1
4.268461e-09	0.5561878	0.1	4.268461e-09	2.816329e-109	0.1	4.268461e-09	2.816329e-109	0.1	4.268461e-09	0.0004777324	0.1	4.268461e-09	2.816329e-109	0.1	4.268461e-09	2.816329e-109	0.1	4.268461e-09	0.04473299	0.1	4.268461e-09	0.105536	0.1	4.268461e-09	0.04358052	0.1	4.268461e-09	0.0189511	0.1	4.268461e-09	0.0005296953	0.1	4.268461e-09	0.008330286	0.1	4.268461e-09	6.662538e-06	0.1
4.50231e-09	0.541237	0.1	4.50231e-09	2.917409e-109	0.1	4.50231e-09	2.917409e-109	0.1	4.50231e-09	0.0004990803	0.1	4.50231e-09	2.917409e-109	0.1	4.50231e-09	2.917409e-109	0.1	4.50231e-09	0.04642569	0.1	4.50231e-09	0.1118454	0.1	4.50231e-09	0.0430847	0.1	4.50231e-09	0.01882021	0.1	4.50231e-09	0.0005683682	0.1	4.50231e-09	0.00838076	0.1	4.50231e-09	6.863171e-06	0.1
4.752963e-09	0.5258506	0.1	4.752963e-09	3.021853e-109	0.1	4.752963e-09	3.021853e-109	0.1	4.752963e-09	0.0005212042	0.1	4.752963e-09	3.021853e-109	0.1	4.752963e-09	3.021853e-109	0.1	4.752963e-09	0.04810141	0.1	4.752963e-09	0.1184705	0.1	4.752963e-09	0.04254226	0.1	4.752963e-09	0.01866915	0.1	4.752963e-09	0.0006094608	0.1	4.752963e-09	0.008414272	0.1	4.752963e-09	7.04851e-06	0.1
5.003617e-09	0.5110872	0.1	5.003617e-09	3.122482e-109	0.1	5.003617e-09	3.122482e-109	0.1	5.003617e-09	0.0005425655	0.1	5.003617e-09	3.122482e-109	0.1	5.003617e-09	3.122482e-109	0.1	5.003617e-09	0.04963714	0.1	5.003617e-09	0.1249526	0.1	5.003617e-09	0.04199688	0.1	5.003617e-09	0.01851111	0.1	5.003617e-09	0.0006501481	0.1	5.003617e-09	0.008430045	0.1	5.003617e-09	7.206878e-06	0.1
5.25427e-09	0.4969111	0.1	5.25427e-09	3.219504e-109	0.1	5.25427e-09	3.219504e-109	0.1	5.25427e-09	0.0005631887	0.1	5.25427e-09	3.219504e-109	0.1	5.25427e-09	3.219504e-109	0.1	5.25427e-09	0.05103741	0.1	5.25427e-09	0.131293	0.1	5.25427e-09	0.04145447	0.1	5.25427e-09	0.0183491	0.1	5.25427e-09	0.000690409	0.1	5.25427e-09	0.008431175	0.1	5.25427e-09	7.341763e-06	0.1
5.504924e-09	0.4832896	0.1	5.504924e-09	3.313111e-109	0.1	5.504924e-09	3.313111e-109	0.1	5.504924e-09	0.0005830995	0.1	5.504924e-09	3.313111e-109	0.1	5.504924e-09	3.313111e-109	0.1	5.504924e-09	0.05230746	0.1	5.504924e-09	0.1374941	0.1	5.504924e-09	0.04091894	0.1	5.504924e-09	0.01818525	0.1	5.504924e-09	0.0007302318	0.1	5.504924e-09	0.008420264	0.1	5.504924e-09	7.456247e-06	0.1
5.776037e-09	0.4691457	0.1	5.776037e-09	3.410721e-109	0.1	5.776037e-09	3.410721e-109	0.1	5.776037e-09	0.0006038633	0.1	5.776037e-09	3.410721e-109	0.1	5.776037e-09	3.410721e-109	0.1	5.776037e-09	0.05354127	0.1	5.776037e-09	0.1440483	0.1	5.776037e-09	0.04035027	0.1	5.776037e-09	0.01800759	0.1	5.776037e-09	0.0007728057	0.1	5.776037e-09	0.008397406	0.1	5.776037e-09	7.560203e-06	0.1
6.077838e-09	0.4540793	0.1	6.077838e-09	3.515186e-109	0.1	6.077838e-09	3.515186e-109	0.1	6.077838e-09	0.0006260719	0.1	6.077838e-09	3.515186e-109	0.1	6.077838e-09	3.515186e-109	0.1	6.077838e-09	0.05475296	0.1	6.077838e-09	0.1511631	0.1	6.077838e-09	0.03973224	0.1	6.077838e-09	0.01781068	0.1	6.077838e-09	0.0008195865	0.1	6.077838e-09	0.008361109	0.1	6.077838e-09	7.655073e-06	0.1
6.379639e-09	0.4396845	0.1	6.379639e-09	3.61549e-109	0.1	6.379639e-09	3.61549e-109	0.1	6.379639e-09	0.0006473679	0.1	6.379639e-09	3.61549e-109	0.1	6.379639e-09	3.61549e-109	0.1	6.379639e-09	0.05580482	0.1	6.379639e-09	0.1580934	0.1	6.379639e-09	0.03913107	0.1	6.379639e-09	0.01761554	0.1	6.379639e-09	0.0008657249	0.1	6.379639e-09	0.008315779	0.1	6.379639e-09	7.731197e-06	0.1
6.681441e-09	0.4259202	0.1	6.681441e-09	3.71188e-109	0.1	6.681441e-09	3.71188e-109	0.1	6.681441e-09	0.0006677918	0.1	6.681441e-09	3.71188e-109	0.1	6.681441e-09	3.71188e-109	0.1	6.681441e-09	0.05670791	0.1	6.681441e-09	0.1648461	0.1	6.681441e-09	0.03854692	0.1	6.681441e-09	0.01742264	0.1	6.681441e-09	0.0009112264	0.1	6.681441e-09	0.008263389	0.1	6.681441e-09	7.791329e-06	0.1
7.008648e-09	0.4116655	0.1	7.008648e-09	3.812228e-109	0.1	7.008648e-09	3.812228e-109	0.1	7.008648e-09	0.000688994	0.1	7.008648e-09	3.812228e-109	0.1	7.008648e-09	3.812228e-109	0.1	7.008648e-09	0.05753164	0.1	7.008648e-09	0.1719745	0.1	7.008648e-09	0.03793234	0.1	7.008648e-09	0.0172162	0.1	7.008648e-09	0.0009598458	0.1	7.008648e-09	0.008200401	0.1	7.008648e-09	7.841064e-06	0.1
7.373964e-09	0.396519	0.1	7.373964e-09	3.919471e-109	0.1	7.373964e-09	3.919471e-109	0.1	7.373964e-09	0.0007115628	0.1	7.373964e-09	3.919471e-109	0.1	7.373964e-09	3.919471e-109	0.1	7.373964e-09	0.05827647	0.1	7.373964e-09	0.1797057	0.1	7.373964e-09	0.0372681	0.1	7.373964e-09	0.01698899	0.1	7.373964e-09	0.001013262	0.1	7.373964e-09	0.008124281	0.1	7.373964e-09	7.880354e-06	0.1
7.73928e-09	0.3821288	0.1	7.73928e-09	4.021986e-109	0.1	7.73928e-09	4.021986e-109	0.1	7.73928e-09	0.0007330241	0.1	7.73928e-09	4.021986e-109	0.1	7.73928e-09	4.021986e-109	0.1	7.73928e-09	0.05885422	0.1	7.73928e-09	0.1872072	0.1	7.73928e-09	0.03662543	0.1	7.73928e-09	0.01676498	0.1	7.73928e-09	0.001065774	0.1	7.73928e-09	0.008043591	0.1	7.73928e-09	7.904996e-06	0.1
8.104596e-09	0.3684432	0.1	8.104596e-09	4.120082e-109	0.1	8.104596e-09	4.120082e-109	0.1	8.104596e-09	0.000753431	0.1	8.104596e-09	4.120082e-109	0.1	8.104596e-09	4.120082e-109	0.1	8.104596e-09	0.05928182	0.1	8.104596e-09	0.1944885	0.1	8.104596e-09	0.03600266	0.1	8.104596e-09	0.01654385	0.1	8.104596e-09	0.001117392	0.1	8.104596e-09	0.007959531	0.1	8.104596e-09	7.917046e-06	0.1
8.546755e-09	0.3527543	0.1	8.546755e-09	4.233304e-109	0.1	8.546755e-09	4.233304e-109	0.1	8.546755e-09	0.0007767895	0.1	8.546755e-09	4.233304e-109	0.1	8.546755e-09	4.233304e-109	0.1	8.546755e-09	0.05962107	0.1	8.546755e-09	0.2030194	0.1	8.546755e-09	0.03527322	0.1	8.546755e-09	0.01627964	0.1	8.546755e-09	0.001178681	0.1	8.546755e-09	0.007854549	0.1	8.546755e-09	7.917131e-06	0.1
8.988915e-09	0.337953	0.1	8.988915e-09	4.34092e-109	0.1	8.988915e-09	4.34092e-109	0.1	8.988915e-09	0.0007987532	0.1	8.988915e-09	4.34092e-109	0.1	8.988915e-09	4.34092e-109	0.1	8.988915e-09	0.05978913	0.1	8.988915e-09	0.2112545	0.1	8.988915e-09	0.03456803	0.1	8.988915e-09	0.01601874	0.1	8.988915e-09	0.001238682	0.1	8.988915e-09	0.007747104	0.1	8.988915e-09	7.903529e-06	0.1
9.449248e-09	0.323413	0.1	9.449248e-09	4.447442e-109	0.1	9.449248e-09	4.447442e-109	0.1	9.449248e-09	0.000820215	0.1	9.449248e-09	4.447442e-109	0.1	9.449248e-09	4.447442e-109	0.1	9.449248e-09	0.05980709	0.1	9.449248e-09	0.2195275	0.1	9.449248e-09	0.03385726	0.1	9.449248e-09	0.01575029	0.1	9.449248e-09	0.00129979	0.1	9.449248e-09	0.007633537	0.1	9.449248e-09	7.876863e-06	0.1
9.982276e-09	0.3075955	0.1	9.982276e-09	4.564292e-109	0.1	9.982276e-09	4.564292e-109	0.1	9.982276e-09	0.0008433716	0.1	9.982276e-09	4.564292e-109	0.1	9.982276e-09	4.564292e-109	0.1	9.982276e-09	0.05965782	0.1	9.982276e-09	0.2287406	0.1	9.982276e-09	0.03306145	0.1	9.982276e-09	0.01544321	0.1	9.982276e-09	0.001368831	0.1	9.982276e-09	0.007500762	0.1	9.982276e-09	7.832324e-06	0.1
1.05153e-08	0.2927799	0.1	1.05153e-08	4.674722e-109	0.1	1.05153e-08	4.674722e-109	0.1	1.05153e-08	0.0008648103	0.1	1.05153e-08	4.674722e-109	0.1	1.05153e-08	4.674722e-109	0.1	1.05153e-08	0.05935605	0.1	1.05153e-08	0.237578	0.1	1.05153e-08	0.03229238	0.1	1.05153e-08	0.01514005	0.1	1.05153e-08	0.001436045	0.1	1.05153e-08	0.007367386	0.1	1.05153e-08	7.775297e-06	0.1
1.113588e-08	0.2766799	0.1	1.113588e-08	4.795882e-109	0.1	1.113588e-08	4.795882e-109	0.1	1.113588e-08	0.0008877344	0.1	1.113588e-08	4.795882e-109	0.1	1.113588e-08	4.795882e-109	0.1	1.113588e-08	0.05884853	0.1	1.113588e-08	0.2474156	0.1	1.113588e-08	0.03142807	0.1	1.113588e-08	0.01479214	0.1	1.113588e-08	0.001512022	0.1	1.113588e-08	0.007212152	0.1	1.113588e-08	7.695742e-06	0.1
1.177833e-08	0.2611945	0.1	1.177833e-08	4.913648e-109	0.1	1.177833e-08	4.913648e-109	0.1	1.177833e-08	0.0009093024	0.1	1.177833e-08	4.913648e-109	0.1	1.177833e-08	4.913648e-109	0.1	1.177833e-08	0.05818261	0.1	1.177833e-08	0.2571135	0.1	1.177833e-08	0.03056604	0.1	1.177833e-08	0.01443795	0.1	1.177833e-08	0.001588137	0.1	1.177833e-08	0.007052251	0.1	1.177833e-08	7.601124e-06	0.1
1.247332e-08	0.2456656	0.1	1.247332e-08	5.033064e-109	0.1	1.247332e-08	5.033064e-109	0.1	1.247332e-08	0.0009303199	0.1	1.247332e-08	5.033064e-109	0.1	1.247332e-08	5.033064e-109	0.1	1.247332e-08	0.05733906	0.1	1.247332e-08	0.267076	0.1	1.247332e-08	0.02966874	0.1	1.247332e-08	0.01406217	0.1	1.247332e-08	0.00166762	0.1	1.247332e-08	0.006880942	0.1	1.247332e-08	7.487592e-06	0.1
1.32471e-08	0.2297203	0.1	1.32471e-08	5.157192e-109	0.1	1.32471e-08	5.157192e-109	0.1	1.32471e-08	0.000951093	0.1	1.32471e-08	5.157192e-109	0.1	1.32471e-08	5.157192e-109	0.1	1.32471e-08	0.05628949	0.1	1.32471e-08	0.2775579	0.1	1.32471e-08	0.02871034	0.1	1.32471e-08	0.01365349	0.1	1.32471e-08	0.001752706	0.1	1.32471e-08	0.006693024	0.1	1.32471e-08	7.350743e-06	0.1
1.402088e-08	0.215045	0.1	1.402088e-08	5.272928e-109	0.1	1.402088e-08	5.272928e-109	0.1	1.402088e-08	0.0009693077	0.1	1.402088e-08	5.272928e-109	0.1	1.402088e-08	5.272928e-109	0.1	1.402088e-08	0.0551593	0.1	1.402088e-08	0.287435	0.1	1.402088e-08	0.02779256	0.1	1.402088e-08	0.01325573	0.1	1.402088e-08	0.001834311	0.1	1.402088e-08	0.006508757	0.1	1.402088e-08	7.205934e-06	0.1
1.479466e-08	0.2015087	0.1	1.479466e-08	5.381098e-109	0.1	1.479466e-08	5.381098e-109	0.1	1.479466e-08	0.0009851655	0.1	1.479466e-08	5.381098e-109	0.1	1.479466e-08	5.381098e-109	0.1	1.479466e-08	0.0539773	0.1	1.479466e-08	0.2967445	0.1	1.479466e-08	0.02691345	0.1	1.479466e-08	0.01286949	0.1	1.479466e-08	0.001912557	0.1	1.479466e-08	0.00632869	0.1	1.479466e-08	7.055793e-06	0.1
1.556844e-08	0.1889978	0.1	1.556844e-08	5.482422e-109	0.1	1.556844e-08	5.482422e-109	0.1	1.556844e-08	0.0009988535	0.1	1.556844e-08	5.482422e-109	0.1	1.556844e-08	5.482422e-109	0.1	1.556844e-08	0.05276564	0.1	1.556844e-08	0.3055219	0.1	1.556844e-08	0.02607127	0.1	1.556844e-08	0.01249518	0.1	1.556844e-08	0.001987576	0.1	1.556844e-08	0.006153232	0.1	1.556844e-08	6.902468e-06	0.1
1.640503e-08	0.1765108	0.1	1.640503e-08	5.585004e-109	0.1	1.640503e-08	5.585004e-109	0.1	1.640503e-08	0.001011412	0.1	1.640503e-08	5.585004e-109	0.1	1.640503e-08	5.585004e-109	0.1	1.640503e-08	0.0514417	0.1	1.640503e-08	0.3144517	0.1	1.640503e-08	0.02520036	0.1	1.640503e-08	0.01210416	0.1	1.640503e-08	0.00206521	0.1	1.640503e-08	0.005969046	0.1	1.640503e-08	6.735114e-06	0.1
1.733586e-08	0.1637583	0.1	1.733586e-08	5.691466e-109	0.1	1.733586e-08	5.691466e-109	0.1	1.733586e-08	0.001022889	0.1	1.733586e-08	5.691466e-109	0.1	1.733586e-08	5.691466e-109	0.1	1.733586e-08	0.04997045	0.1	1.733586e-08	0.3237504	0.1	1.733586e-08	0.02427737	0.1	1.733586e-08	0.01168591	0.1	1.733586e-08	0.002147551	0.1	1.733586e-08	0.005771119	0.1	1.733586e-08	6.549022e-06	0.1
1.826668e-08	0.1520827	0.1	1.826668e-08	5.790668e-109	0.1	1.826668e-08	5.790668e-109	0.1	1.826668e-08	0.001031985	0.1	1.826668e-08	5.790668e-109	0.1	1.826668e-08	5.790668e-109	0.1	1.826668e-08	0.04851632	0.1	1.826668e-08	0.3324279	0.1	1.826668e-08	0.02340029	0.1	1.826668e-08	0.01128523	0.1	1.826668e-08	0.002225868	0.1	1.826668e-08	0.005580715	0.1	1.826668e-08	6.364788e-06	0.1
1.919751e-08	0.141372	0.1	1.919751e-08	5.88335e-109	0.1	1.919751e-08	5.88335e-109	0.1	1.919751e-08	0.001038933	0.1	1.919751e-08	5.88335e-109	0.1	1.919751e-08	5.88335e-109	0.1	1.919751e-08	0.04709034	0.1	1.919751e-08	0.3405314	0.1	1.919751e-08	0.02256653	0.1	1.919751e-08	0.01090179	0.1	1.919751e-08	0.002300393	0.1	1.919751e-08	0.005397852	0.1	1.919751e-08	6.183739e-06	0.1
2.012833e-08	0.131529	0.1	2.012833e-08	5.970165e-109	0.1	2.012833e-08	5.970165e-109	0.1	2.012833e-08	0.001043948	0.1	2.012833e-08	5.970165e-109	0.1	2.012833e-08	5.970165e-109	0.1	2.012833e-08	0.04569991	0.1	2.012833e-08	0.3481051	0.1	2.012833e-08	0.0217736	0.1	2.012833e-08	0.01053511	0.1	2.012833e-08	0.002371349	0.1	2.012833e-08	0.005222443	0.1	2.012833e-08	6.006813e-06	0.1
2.105916e-08	0.1224688	0.1	2.105916e-08	6.051684e-109	0.1	2.105916e-08	6.051684e-109	0.1	2.105916e-08	0.001047223	0.1	2.105916e-08	6.051684e-109	0.1	2.105916e-08	6.051684e-109	0.1	2.105916e-08	0.04434983	0.1	2.105916e-08	0.3551893	0.1	2.105916e-08	0.0210191	0.1	2.105916e-08	0.01018459	0.1	2.105916e-08	0.002438947	0.1	2.105916e-08	0.005054325	0.1	2.105916e-08	5.83465e-06	0.1
2.206478e-08	0.1134746	0.1	2.206478e-08	6.134386e-109	0.1	2.206478e-08	6.134386e-109	0.1	2.206478e-08	0.001049008	0.1	2.206478e-08	6.134386e-109	0.1	2.206478e-08	6.134386e-109	0.1	2.206478e-08	0.04293983	0.1	2.206478e-08	0.3623358	0.1	2.206478e-08	0.02024456	0.1	2.206478e-08	0.009823311	0.1	2.206478e-08	0.002508434	0.1	2.206478e-08	0.004880642	0.1	2.206478e-08	5.654475e-06	0.1
2.318261e-08	0.1043473	0.1	2.318261e-08	6.220436e-109	0.1	2.318261e-08	6.220436e-109	0.1	2.318261e-08	0.001049095	0.1	2.318261e-08	6.220436e-109	0.1	2.318261e-08	6.220436e-109	0.1	2.318261e-08	0.04143376	0.1	2.318261e-08	0.3697123	0.1	2.318261e-08	0.01942985	0.1	2.318261e-08	0.009441907	0.1	2.318261e-08	0.002581638	0.1	2.318261e-08	0.004696885	0.1	2.318261e-08	5.461631e-06	0.1
2.430044e-08	0.09604155	0.1	2.430044e-08	6.300948e-109	0.1	2.430044e-08	6.300948e-109	0.1	2.430044e-08	0.001047423	0.1	2.430044e-08	6.300948e-109	0.1	2.430044e-08	6.300948e-109	0.1	2.430044e-08	0.03999266	0.1	2.430044e-08	0.3765432	0.1	2.430044e-08	0.01866047	0.1	2.430044e-08	0.009080584	0.1	2.430044e-08	0.002650881	0.1	2.430044e-08	0.004522463	0.1	2.430044e-08	5.276758e-06	0.1
2.541827e-08	0.08847145	0.1	2.541827e-08	6.376512e-109	0.1	2.541827e-08	6.376512e-109	0.1	2.541827e-08	0.001044213	0.1	2.541827e-08	6.376512e-109	0.1	2.541827e-08	6.376512e-109	0.1	2.541827e-08	0.03861571	0.1	2.541827e-08	0.3828767	0.1	2.541827e-08	0.01793321	0.1	2.541827e-08	0.008738142	0.1	2.541827e-08	0.00271644	0.1	2.541827e-08	0.004356884	0.1	2.541827e-08	5.099829e-06	0.1
2.653609e-08	0.08156206	0.1	2.653609e-08	6.447645e-109	0.1	2.653609e-08	6.447645e-109	0.1	2.653609e-08	0.001039661	0.1	2.653609e-08	6.447645e-109	0.1	2.653609e-08	6.447645e-109	0.1	2.653609e-08	0.03730123	0.1	2.653609e-08	0.3887562	0.1	2.653609e-08	0.01724509	0.1	2.653609e-08	0.00841342	0.1	2.653609e-08	0.002778569	0.1	2.653609e-08	0.004199651	0.1	2.653609e-08	4.930693e-06	0.1
2.788686e-08	0.0740011	0.1	2.788686e-08	6.528333e-109	0.1	2.788686e-08	6.528333e-109	0.1	2.788686e-08	0.00103262	0.1	2.788686e-08	6.528333e-109	0.1	2.788686e-08	6.528333e-109	0.1	2.788686e-08	0.035793	0.1	2.788686e-08	0.3953109	0.1	2.788686e-08	0.01646192	0.1	2.788686e-08	0.008043102	0.1	2.788686e-08	0.002849395	0.1	2.788686e-08	0.004020102	0.1	2.788686e-08	4.736376e-06	0.1
2.923762e-08	0.06720802	0.1	2.923762e-08	6.603912e-109	0.1	2.923762e-08	6.603912e-109	0.1	2.923762e-08	0.001024147	0.1	2.923762e-08	6.603912e-109	0.1	2.923762e-08	6.603912e-109	0.1	2.923762e-08	0.03436822	0.1	2.923762e-08	0.4013213	0.1	2.923762e-08	0.01572753	0.1	2.923762e-08	0.007695214	0.1	2.923762e-08	0.002915919	0.1	2.923762e-08	0.003851218	0.1	2.923762e-08	4.552596e-06	0.1
3.058838e-08	0.06109542	0.1	3.058838e-08	6.674983e-109	0.1	3.058838e-08	6.674983e-109	0.1	3.058838e-08	0.00101448	0.1	3.058838e-08	6.674983e-109	0.1	3.058838e-08	6.674983e-109	0.1	3.058838e-08	0.03302215	0.1	3.058838e-08	0.4068418	0.1	3.058838e-08	0.01503797	0.1	3.058838e-08	0.007368062	0.1	3.058838e-08	0.002978473	0.1	3.058838e-08	0.003692228	0.1	3.058838e-08	4.378799e-06	0.1
3.199391e-08	0.05537596	0.1	3.199391e-08	6.744712e-109	0.1	3.199391e-08	6.744712e-109	0.1	3.199391e-08	0.001003376	0.1	3.199391e-08	6.744712e-109	0.1	3.199391e-08	6.744712e-109	0.1	3.199391e-08	0.03169989	0.1	3.199391e-08	0.4121178	0.1	3.199391e-08	0.01436422	0.1	3.199391e-08	0.007047989	0.1	3.199391e-08	0.003039668	0.1	3.199391e-08	0.003536527	0.1	3.199391e-08	4.207939e-06	0.1
3.361847e-08	0.04948407	0.1	3.361847e-08	6.820598e-109	0.1	3.361847e-08	6.820598e-109	0.1	3.361847e-08	0.0009894732	0.1	3.361847e-08	6.820598e-109	0.1	3.361847e-08	6.820598e-109	0.1	3.361847e-08	0.03026439	0.1	3.361847e-08	0.4176827	0.1	3.361847e-08	0.01363645	0.1	3.361847e-08	0.006701819	0.1	3.361847e-08	0.00310584	0.1	3.361847e-08	0.003367972	0.1	3.361847e-08	4.022308e-06	0.1
3.524303e-08	0.04426911	0.1	3.524303e-08	6.892077e-109	0.1	3.524303e-08	6.892077e-109	0.1	3.524303e-08	0.0009746793	0.1	3.524303e-08	6.892077e-109	0.1	3.524303e-08	6.892077e-109	0.1	3.524303e-08	0.02892104	0.1	3.524303e-08	0.4227374	0.1	3.524303e-08	0.01295862	0.1	3.524303e-08	0.006379032	0.1	3.524303e-08	0.003167518	0.1	3.524303e-08	0.003210654	0.1	3.524303e-08	3.848482e-06	0.1
3.686759e-08	0.03964642	0.1	3.686759e-08	6.959726e-109	0.1	3.686759e-08	6.959726e-109	0.1	3.686759e-08	0.0009592218	0.1	3.686759e-08	6.959726e-109	0.1	3.686759e-08	6.959726e-109	0.1	3.686759e-08	0.02766267	0.1	3.686759e-08	0.4273382	0.1	3.686759e-08	0.01232634	0.1	3.686759e-08	0.006077629	0.1	3.686759e-08	0.003225068	0.1	3.686759e-08	0.003063632	0.1	3.686759e-08	3.685565e-06	0.1
3.849215e-08	0.03554316	0.1	3.849215e-08	7.02404e-109	0.1	3.849215e-08	7.02404e-109	0.1	3.849215e-08	0.000943293	0.1	3.849215e-08	7.02404e-109	0.1	3.849215e-08	7.02404e-109	0.1	3.849215e-08	0.02648266	0.1	3.849215e-08	0.4315342	0.1	3.849215e-08	0.01173572	0.1	3.849215e-08	0.005795824	0.1	3.849215e-08	0.003278818	0.1	3.849215e-08	0.002926055	0.1	3.849215e-08	3.532722e-06	0.1
4.018174e-08	0.03175919	0.1	4.018174e-08	7.087846e-109	0.1	4.018174e-08	7.087846e-109	0.1	4.018174e-08	0.0009264017	0.1	4.018174e-08	7.087846e-109	0.1	4.018174e-08	7.087846e-109	0.1	4.018174e-08	0.02533203	0.1	4.018174e-08	0.4355149	0.1	4.018174e-08	0.01116194	0.1	4.018174e-08	0.00552181	0.1	4.018174e-08	0.003331001	0.1	4.018174e-08	0.002792171	0.1	4.018174e-08	3.383624e-06	0.1
4.213142e-08	0.02792702	0.1	4.213142e-08	7.158095e-109	0.1	4.213142e-08	7.158095e-109	0.1	4.213142e-08	0.0009066956	0.1	4.213142e-08	7.158095e-109	0.1	4.213142e-08	7.158095e-109	0.1	4.213142e-08	0.02409336	0.1	4.213142e-08	0.439677	0.1	4.213142e-08	0.01054666	0.1	4.213142e-08	0.005227708	0.1	4.213142e-08	0.003386882	0.1	4.213142e-08	0.002648342	0.1	4.213142e-08	3.223056e-06	0.1
4.40811e-08	0.02459094	0.1	4.40811e-08	7.225232e-109	0.1	4.40811e-08	7.225232e-109	0.1	4.40811e-08	0.0008869457	0.1	4.40811e-08	7.225232e-109	0.1	4.40811e-08	7.225232e-109	0.1	4.40811e-08	0.02294199	0.1	4.40811e-08	0.4434303	0.1	4.40811e-08	0.009977074	0.1	4.40811e-08	0.004955183	0.1	4.40811e-08	0.0034385	0.1	4.40811e-08	0.002514934	0.1	4.40811e-08	3.073744e-06	0.1
4.603079e-08	0.02168268	0.1	4.603079e-08	7.289711e-109	0.1	4.603079e-08	7.289711e-109	0.1	4.603079e-08	0.0008673105	0.1	4.603079e-08	7.289711e-109	0.1	4.603079e-08	7.289711e-109	0.1	4.603079e-08	0.02187022	0.1	4.603079e-08	0.4468233	0.1	4.603079e-08	0.009449017	0.1	4.603079e-08	0.004702287	0.1	4.603079e-08	0.00348621	0.1	4.603079e-08	0.00239101	0.1	4.603079e-08	2.934702e-06	0.1
4.798047e-08	0.01914408	0.1	4.798047e-08	7.351913e-109	0.1	4.798047e-08	7.351913e-109	0.1	4.798047e-08	0.0008479176	0.1	4.798047e-08	7.351913e-109	0.1	4.798047e-08	7.351913e-109	0.1	4.798047e-08	0.02087119	0.1	4.798047e-08	0.4498978	0.1	4.798047e-08	0.008958812	0.1	4.798047e-08	0.004467291	0.1	4.798047e-08	0.003530328	0.1	4.798047e-08	0.002275737	0.1	4.798047e-08	2.805047e-06	0.1
4.993015e-08	0.01692545	0.1	4.993015e-08	7.412162e-109	0.1	4.993015e-08	7.412162e-109	0.1	4.993015e-08	0.0008288686	0.1	4.993015e-08	7.412162e-109	0.1	4.993015e-08	7.412162e-109	0.1	4.993015e-08	0.01993876	0.1	4.993015e-08	0.45269	0.1	4.993015e-08	0.008503191	0.1	4.993015e-08	0.004248657	0.1	4.993015e-08	0.003571137	0.1	4.993015e-08	0.002168373	0.1	4.993015e-08	2.683986e-06	0.1
5.187984e-08	0.0149842	0.1	5.187984e-08	7.470735e-109	0.1	5.187984e-08	7.470735e-109	0.1	5.187984e-08	0.0008102435	0.1	5.187984e-08	7.470735e-109	0.1	5.187984e-08	7.470735e-109	0.1	5.187984e-08	0.0190674	0.1	5.187984e-08	0.4552314	0.1	5.187984e-08	0.008079233	0.1	5.187984e-08	0.004045008	0.1	5.187984e-08	0.003608892	0.1	5.187984e-08	0.002068255	0.1	5.187984e-08	2.570807e-06	0.1
5.382952e-08	0.01328377	0.1	5.382952e-08	7.527867e-109	0.1	5.382952e-08	7.527867e-109	0.1	5.382952e-08	0.000792104	0.1	5.382952e-08	7.527867e-109	0.1	5.382952e-08	7.527867e-109	0.1	5.382952e-08	0.01825216	0.1	5.382952e-08	0.4575494	0.1	5.382952e-08	0.007684325	0.1	5.382952e-08	0.003855111	0.1	5.382952e-08	0.003643823	0.1	5.382952e-08	0.001974786	0.1	5.382952e-08	2.464868e-06	0.1
5.57792e-08	0.01179268	0.1	5.57792e-08	7.583758e-109	0.1	5.57792e-08	7.583758e-109	0.1	5.57792e-08	0.0007744965	0.1	5.57792e-08	7.583758e-109	0.1	5.57792e-08	7.583758e-109	0.1	5.57792e-08	0.01748858	0.1	5.57792e-08	0.4596679	0.1	5.57792e-08	0.007316114	0.1	5.57792e-08	0.003677856	0.1	5.57792e-08	0.003676138	0.1	5.57792e-08	0.001887431	0.1	5.57792e-08	2.365591e-06	0.1
5.772889e-08	0.01048378	0.1	5.772889e-08	7.63858e-109	0.1	5.772889e-08	7.63858e-109	0.1	5.772889e-08	0.0007574548	0.1	5.772889e-08	7.63858e-109	0.1	5.772889e-08	7.63858e-109	0.1	5.772889e-08	0.01677259	0.1	5.772889e-08	0.4616081	0.1	5.772889e-08	0.006972477	0.1	5.772889e-08	0.003512238	0.1	5.772889e-08	0.003706026	0.1	5.772889e-08	0.001805705	0.1	5.772889e-08	2.272452e-06	0.1
