Batch	m_SP	7	P1	W4_L	W3	R	P2_L	P3	P4											
0.0	9.9999e-06	0.1	0.0	0.0	0.1	0.0	0.0	0.1	0.0	0.0	0.1	0.0	0.0	0.1	0.0	0.0	0.1	0.0	0.0	0.1
4.04784e-08	9.99989500005e-06	0.1	4.04784e-08	1.9859805e-15	0.1	4.04784e-08	1.428288e-15	0.1	4.04784e-08	1.961284e-17	0.1	4.04784e-08	2.740025597e-15	0.1	4.04784e-08	2.434068e-17	0.1	4.04784e-08	3.185684e-18	0.1
3.925582e-07	9.999864000360001e-06	0.1	3.925582e-07	2.138837e-14	0.1	3.925582e-07	1.549211e-14	0.1	3.925582e-07	1.98155e-16	0.1	3.925582e-07	2.769503671e-14	0.1	3.925582e-07	2.445456e-16	0.1	3.925582e-07	3.221523e-17	0.1
9.125799e-07	9.99984600054e-06	0.1	9.125799e-07	5.3567209999999997e-14	0.1	9.125799e-07	3.908283e-14	0.1	9.125799e-07	4.88501e-16	0.1	9.125799e-07	6.657514529999999e-14	0.1	9.125799e-07	5.982156e-16	0.1	9.125799e-07	7.986513e-17	0.1
1.487237e-06	9.9998400006e-06	0.1	1.487237e-06	9.052556e-14	0.1	1.487237e-06	6.647887e-14	0.1	1.487237e-06	8.466293e-16	0.1	1.487237e-06	1.106688906e-13	0.1	1.487237e-06	1.028801e-15	0.1	1.487237e-06	1.395774e-16	0.1
2.247407e-06	9.99983800062e-06	0.1	2.247407e-06	1.3942805e-13	0.1	2.247407e-06	1.031919e-13	0.1	2.247407e-06	1.380112e-15	0.1	2.247407e-06	1.697326321e-13	0.1	2.247407e-06	1.662093e-15	0.1	2.247407e-06	2.302065e-16	0.1
3.373829e-06	9.99983800062e-06	0.1	3.373829e-06	2.1060398e-13	0.1	3.373829e-06	1.575887e-13	0.1	3.373829e-06	2.293654e-15	0.1	3.373829e-06	2.5813445940000003e-13	0.1	3.373829e-06	2.73168e-15	0.1	3.373829e-06	3.889638e-16	0.1
5.393739e-06	9.99983800062e-06	0.1	5.393739e-06	3.337025e-13	0.1	5.393739e-06	2.54514e-13	0.1	5.393739e-06	4.28905e-15	0.1	5.393739e-06	4.1883266599999996e-13	0.1	5.393739e-06	5.030556e-15	0.1	5.393739e-06	7.464969e-16	0.1
1.001067e-05	9.999837000630001e-06	0.1	1.001067e-05	5.933517999999999e-13	0.1	1.001067e-05	4.726821e-13	0.1	1.001067e-05	1.053101e-14	0.1	1.001067e-05	7.96197017e-13	0.1	1.001067e-05	1.207751e-14	0.1	1.001067e-05	1.925605e-15	0.1
2.386148e-05	9.999834000660001e-06	0.1	2.386148e-05	1.2234111000000002e-12	0.1	2.386148e-05	1.101038e-12	0.1	2.386148e-05	4.077987e-14	0.1	2.386148e-05	1.99719411e-12	0.1	2.386148e-05	4.550446e-14	0.1	2.386148e-05	8.260848e-15	0.1
5.618003e-05	9.99982900071e-06	0.1	5.618003e-05	2.0972664e-12	0.1	5.618003e-05	2.425266e-12	0.1	5.618003e-05	1.575235e-13	0.1	5.618003e-05	5.07559315e-12	0.1	5.618003e-05	1.727213e-13	0.1	5.618003e-05	3.820196e-14	0.1
0.000130051	9.999817000830001e-06	0.1	0.000130051	2.73162e-12	0.1	0.000130051	4.821673e-12	0.1	0.000130051	5.300147e-13	0.1	0.000130051	1.27439979e-11	0.1	0.000130051	5.761498e-13	0.1	0.000130051	1.73796e-13	0.1
0.0002678541	9.999797001030001e-06	0.1	0.0002678541	2.8703480000000002e-12	0.1	0.0002678541	7.639575e-12	0.1	0.0002678541	1.306356e-12	0.1	0.0002678541	2.75369211e-11	0.1	0.0002678541	1.415575e-12	0.1	0.0002678541	6.02448e-13	0.1
0.000529493	9.999762001380001e-06	0.1	0.000529493	2.880197e-12	0.1	0.000529493	9.906257e-12	0.1	0.000529493	2.801518e-12	0.1	0.000529493	5.57463441e-11	0.1	0.000529493	3.031581e-12	0.1	0.000529493	1.743944e-12	0.1
0.0009162032	9.99971300187e-06	0.1	0.0009162032	2.883486e-12	0.1	0.0009162032	1.074758e-11	0.1	0.0009162032	5.014814e-12	0.1	0.0009162032	9.743267900000001e-11	0.1	0.0009162032	5.421978e-12	0.1	0.0009162032	3.69765e-12	0.1
0.001564644	9.99963200268e-06	0.1	0.001564644	2.8912360000000002e-12	0.1	0.001564644	1.09167e-11	0.1	0.001564644	8.733705e-12	0.1	0.001564644	1.67232771e-10	0.1	0.001564644	9.429852e-12	0.1	0.001564644	7.105474e-12	0.1
0.002946316	9.999460004400001e-06	0.1	0.002946316	2.921146e-12	0.1	0.002946316	1.09296e-11	0.1	0.002946316	1.6712e-11	0.1	0.002946316	3.15176132e-10	0.1	0.002946316	1.796271e-11	0.1	0.002946316	1.440291e-11	0.1
0.006294763	9.99905200848e-06	0.1	0.006294763	3.066851e-12	0.1	0.006294763	1.093232e-11	0.1	0.006294763	3.665342e-11	0.1	0.006294763	6.650686550000001e-10	0.1	0.006294763	3.856065e-11	0.1	0.006294763	3.208275e-11	0.1
0.01187551	9.99841701483e-06	0.1	0.01187551	3.49623e-12	0.1	0.01187551	1.094076e-11	0.1	0.01187551	7.332823e-11	0.1	0.01187551	1.19977855e-09	0.1	0.01187551	7.231973e-11	0.1	0.01187551	6.149708e-11	0.1
0.02115932	9.997548023520001e-06	0.1	0.02115932	4.442241e-12	0.1	0.02115932	1.096369e-11	0.1	0.02115932	1.485273e-10	0.1	0.02115932	1.8922593e-09	0.1	0.02115932	1.246464e-10	0.1	0.02115932	1.10152e-10	0.1
0.03167754	9.99685503045e-06	0.1	0.03167754	5.3915900000000005e-12	0.1	0.03167754	1.099713e-11	0.1	0.03167754	2.558496e-10	0.1	0.03167754	2.37344462e-09	0.1	0.03167754	1.732915e-10	0.1	0.03167754	1.645629e-10	0.1
0.0424966	9.9963800352e-06	0.1	0.0424966	6.025144e-12	0.1	0.0424966	1.103655e-11	0.1	0.0424966	3.832839e-10	0.1	0.0424966	2.62993333e-09	0.1	0.0424966	2.08903e-10	0.1	0.0424966	2.193427e-10	0.1
0.05176346	9.996087038130001e-06	0.1	0.05176346	6.344403e-12	0.1	0.05176346	1.107421e-11	0.1	0.05176346	4.990959e-10	0.1	0.05176346	2.74035609e-09	0.1	0.05176346	2.292596e-10	0.1	0.05176346	2.650085e-10	0.1
0.0671861	9.99571904181e-06	0.1	0.0671861	6.623933e-12	0.1	0.0671861	1.114518e-11	0.1	0.0671861	6.934981e-10	0.1	0.0671861	2.8212251800000002e-09	0.1	0.0671861	2.491299e-10	0.1	0.0671861	3.378383e-10	0.1
0.08389717	9.995400045e-06	0.1	0.08389717	6.776648e-12	0.1	0.08389717	1.123237e-11	0.1	0.08389717	8.953321e-10	0.1	0.08389717	2.85338641e-09	0.1	0.08389717	2.598701e-10	0.1	0.08389717	4.114982e-10	0.1
0.1038027	9.995077048229999e-06	0.1	0.1038027	6.898086e-12	0.1	0.1038027	1.134534e-11	0.1	0.1038027	1.114403e-09	0.1	0.1038027	2.871021e-09	0.1	0.1038027	2.665802e-10	0.1	0.1038027	4.911963e-10	0.1
