Batch	m_SP	16	T4a_L	C5H5	N1a	N1b	N1c	T1a	T1b	T1c	T1d	T1e	T1f	T2	T3	N7a	N7c	N7b																													
0.0	1.000000047	0.1	0.0	0.0	0.1	0.0	0.0	0.1	0.0	0.0	0.1	0.0	0.0	0.1	0.0	0.0	0.1	0.0	0.0	0.1	0.0	0.0	0.1	0.0	0.0	0.1	0.0	0.0	0.1	0.0	0.0	0.1	0.0	0.0	0.1	0.0	0.0	0.1	0.0	0.0	0.1	0.0	0.0	0.1	0.0	0.0	0.1
7.294777e-14	1.0000000080000002	0.1	7.294777e-14	0.0	0.1	7.294777e-14	0.0	0.1	7.294777e-14	0.0	0.1	7.294777e-14	0.0	0.1	7.294777e-14	0.0	0.1	7.294777e-14	0.0	0.1	7.294777e-14	0.0	0.1	7.294777e-14	0.0	0.1	7.294777e-14	0.0	0.1	7.294777e-14	0.0	0.1	7.294777e-14	0.0	0.1	7.294777e-14	0.0	0.1	7.294777e-14	0.0	0.1	7.294777e-14	0.0	0.1	7.294777e-14	0.0	0.1
6.591481e-12	0.999999936	0.1	6.591481e-12	0.0	0.1	6.591481e-12	0.0	0.1	6.591481e-12	0.0	0.1	6.591481e-12	0.0	0.1	6.591481e-12	0.0	0.1	6.591481e-12	0.0	0.1	6.591481e-12	0.0	0.1	6.591481e-12	0.0	0.1	6.591481e-12	0.0	0.1	6.591481e-12	0.0	0.1	6.591481e-12	0.0	0.1	6.591481e-12	0.0	0.1	6.591481e-12	0.0	0.1	6.591481e-12	0.0	0.1	6.591481e-12	0.0	0.1
2.396094e-11	0.999999964	0.1	2.396094e-11	0.0	0.1	2.396094e-11	0.0	0.1	2.396094e-11	0.0	0.1	2.396094e-11	0.0	0.1	2.396094e-11	0.0	0.1	2.396094e-11	0.0	0.1	2.396094e-11	0.0	0.1	2.396094e-11	0.0	0.1	2.396094e-11	0.0	0.1	2.396094e-11	0.0	0.1	2.396094e-11	0.0	0.1	2.396094e-11	0.0	0.1	2.396094e-11	0.0	0.1	2.396094e-11	0.0	0.1	2.396094e-11	0.0	0.1
5.253993e-11	0.999999991	0.1	5.253993e-11	0.0	0.1	5.253993e-11	0.0	0.1	5.253993e-11	0.0	0.1	5.253993e-11	0.0	0.1	5.253993e-11	0.0	0.1	5.253993e-11	0.0	0.1	5.253993e-11	0.0	0.1	5.253993e-11	0.0	0.1	5.253993e-11	0.0	0.1	5.253993e-11	0.0	0.1	5.253993e-11	0.0	0.1	5.253993e-11	0.0	0.1	5.253993e-11	0.0	0.1	5.253993e-11	0.0	0.1	5.253993e-11	0.0	0.1
1.008183e-10	1.000000069	0.1	1.008183e-10	0.0	0.1	1.008183e-10	0.0	0.1	1.008183e-10	0.0	0.1	1.008183e-10	0.0	0.1	1.008183e-10	0.0	0.1	1.008183e-10	0.0	0.1	1.008183e-10	0.0	0.1	1.008183e-10	0.0	0.1	1.008183e-10	0.0	0.1	1.008183e-10	0.0	0.1	1.008183e-10	0.0	0.1	1.008183e-10	0.0	0.1	1.008183e-10	0.0	0.1	1.008183e-10	0.0	0.1	1.008183e-10	0.0	0.1
1.490966e-10	0.9999999669999999	0.1	1.490966e-10	0.0	0.1	1.490966e-10	0.0	0.1	1.490966e-10	0.0	0.1	1.490966e-10	0.0	0.1	1.490966e-10	0.0	0.1	1.490966e-10	0.0	0.1	1.490966e-10	0.0	0.1	1.490966e-10	0.0	0.1	1.490966e-10	0.0	0.1	1.490966e-10	0.0	0.1	1.490966e-10	0.0	0.1	1.490966e-10	0.0	0.1	1.490966e-10	0.0	0.1	1.490966e-10	0.0	0.1	1.490966e-10	0.0	0.1
2.251424e-10	0.999999947	0.1	2.251424e-10	0.0	0.1	2.251424e-10	0.0	0.1	2.251424e-10	0.0	0.1	2.251424e-10	0.0	0.1	2.251424e-10	0.0	0.1	2.251424e-10	0.0	0.1	2.251424e-10	0.0	0.1	2.251424e-10	0.0	0.1	2.251424e-10	0.0	0.1	2.251424e-10	0.0	0.1	2.251424e-10	0.0	0.1	2.251424e-10	0.0	0.1	2.251424e-10	0.0	0.1	2.251424e-10	0.0	0.1	2.251424e-10	0.0	0.1
3.575228e-10	0.99999999	0.1	3.575228e-10	0.0	0.1	3.575228e-10	0.0	0.1	3.575228e-10	0.0	0.1	3.575228e-10	0.0	0.1	3.575228e-10	0.0	0.1	3.575228e-10	0.0	0.1	3.575228e-10	0.0	0.1	3.575228e-10	0.0	0.1	3.575228e-10	0.0	0.1	3.575228e-10	0.0	0.1	3.575228e-10	0.0	0.1	3.575228e-10	0.0	0.1	3.575228e-10	0.0	0.1	3.575228e-10	0.0	0.1	3.575228e-10	0.0	0.1
5.466376e-10	0.99999992	0.1	5.466376e-10	0.0	0.1	5.466376e-10	0.0	0.1	5.466376e-10	0.0	0.1	5.466376e-10	0.0	0.1	5.466376e-10	0.0	0.1	5.466376e-10	0.0	0.1	5.466376e-10	0.0	0.1	5.466376e-10	0.0	0.1	5.466376e-10	0.0	0.1	5.466376e-10	0.0	0.1	5.466376e-10	0.0	0.1	5.466376e-10	0.0	0.1	5.466376e-10	0.0	0.1	5.466376e-10	0.0	0.1	5.466376e-10	0.0	0.1
8.200833e-10	0.9999999599999999	0.1	8.200833e-10	0.0	0.1	8.200833e-10	0.0	0.1	8.200833e-10	0.0	0.1	8.200833e-10	0.0	0.1	8.200833e-10	0.0	0.1	8.200833e-10	0.0	0.1	8.200833e-10	0.0	0.1	8.200833e-10	0.0	0.1	8.200833e-10	0.0	0.1	8.200833e-10	0.0	0.1	8.200833e-10	0.0	0.1	8.200833e-10	0.0	0.1	8.200833e-10	0.0	0.1	8.200833e-10	0.0	0.1	8.200833e-10	0.0	0.1
1.114612e-09	1.0000000100000002	0.1	1.114612e-09	0.0	0.1	1.114612e-09	0.0	0.1	1.114612e-09	0.0	0.1	1.114612e-09	0.0	0.1	1.114612e-09	0.0	0.1	1.114612e-09	0.0	0.1	1.114612e-09	0.0	0.1	1.114612e-09	0.0	0.1	1.114612e-09	0.0	0.1	1.114612e-09	0.0	0.1	1.114612e-09	0.0	0.1	1.114612e-09	0.0	0.1	1.114612e-09	0.0	0.1	1.114612e-09	0.0	0.1	1.114612e-09	0.0	0.1
1.40914e-09	1.00000008	0.1	1.40914e-09	0.0	0.1	1.40914e-09	0.0	0.1	1.40914e-09	0.0	0.1	1.40914e-09	0.0	0.1	1.40914e-09	0.0	0.1	1.40914e-09	0.0	0.1	1.40914e-09	0.0	0.1	1.40914e-09	0.0	0.1	1.40914e-09	0.0	0.1	1.40914e-09	0.0	0.1	1.40914e-09	0.0	0.1	1.40914e-09	0.0	0.1	1.40914e-09	0.0	0.1	1.40914e-09	0.0	0.1	1.40914e-09	0.0	0.1
1.703669e-09	0.99999995	0.1	1.703669e-09	0.0	0.1	1.703669e-09	0.0	0.1	1.703669e-09	0.0	0.1	1.703669e-09	0.0	0.1	1.703669e-09	0.0	0.1	1.703669e-09	0.0	0.1	1.703669e-09	0.0	0.1	1.703669e-09	0.0	0.1	1.703669e-09	0.0	0.1	1.703669e-09	0.0	0.1	1.703669e-09	0.0	0.1	1.703669e-09	0.0	0.1	1.703669e-09	0.0	0.1	1.703669e-09	0.0	0.1	1.703669e-09	0.0	0.1
1.998197e-09	0.9999999399999999	0.1	1.998197e-09	0.0	0.1	1.998197e-09	0.0	0.1	1.998197e-09	0.0	0.1	1.998197e-09	0.0	0.1	1.998197e-09	0.0	0.1	1.998197e-09	0.0	0.1	1.998197e-09	0.0	0.1	1.998197e-09	0.0	0.1	1.998197e-09	0.0	0.1	1.998197e-09	0.0	0.1	1.998197e-09	0.0	0.1	1.998197e-09	0.0	0.1	1.998197e-09	0.0	0.1	1.998197e-09	0.0	0.1	1.998197e-09	0.0	0.1
2.292725e-09	0.9999999799999999	0.1	2.292725e-09	0.0	0.1	2.292725e-09	0.0	0.1	2.292725e-09	0.0	0.1	2.292725e-09	0.0	0.1	2.292725e-09	0.0	0.1	2.292725e-09	0.0	0.1	2.292725e-09	0.0	0.1	2.292725e-09	0.0	0.1	2.292725e-09	0.0	0.1	2.292725e-09	0.0	0.1	2.292725e-09	0.0	0.1	2.292725e-09	0.0	0.1	2.292725e-09	0.0	0.1	2.292725e-09	0.0	0.1	2.292725e-09	0.0	0.1
2.587254e-09	0.9999999999999999	0.1	2.587254e-09	0.0	0.1	2.587254e-09	0.0	0.1	2.587254e-09	0.0	0.1	2.587254e-09	0.0	0.1	2.587254e-09	0.0	0.1	2.587254e-09	0.0	0.1	2.587254e-09	0.0	0.1	2.587254e-09	0.0	0.1	2.587254e-09	0.0	0.1	2.587254e-09	0.0	0.1	2.587254e-09	0.0	0.1	2.587254e-09	0.0	0.1	2.587254e-09	0.0	0.1	2.587254e-09	0.0	0.1	2.587254e-09	0.0	0.1
2.881782e-09	1.0000000500000001	0.1	2.881782e-09	0.0	0.1	2.881782e-09	0.0	0.1	2.881782e-09	0.0	0.1	2.881782e-09	0.0	0.1	2.881782e-09	0.0	0.1	2.881782e-09	0.0	0.1	2.881782e-09	0.0	0.1	2.881782e-09	0.0	0.1	2.881782e-09	0.0	0.1	2.881782e-09	0.0	0.1	2.881782e-09	0.0	0.1	2.881782e-09	0.0	0.1	2.881782e-09	0.0	0.1	2.881782e-09	0.0	0.1	2.881782e-09	0.0	0.1
3.176311e-09	1.00000003	0.1	3.176311e-09	0.0	0.1	3.176311e-09	0.0	0.1	3.176311e-09	0.0	0.1	3.176311e-09	0.0	0.1	3.176311e-09	0.0	0.1	3.176311e-09	0.0	0.1	3.176311e-09	0.0	0.1	3.176311e-09	0.0	0.1	3.176311e-09	0.0	0.1	3.176311e-09	0.0	0.1	3.176311e-09	0.0	0.1	3.176311e-09	0.0	0.1	3.176311e-09	0.0	0.1	3.176311e-09	0.0	0.1	3.176311e-09	0.0	0.1
3.470839e-09	1.00000002	0.1	3.470839e-09	0.0	0.1	3.470839e-09	0.0	0.1	3.470839e-09	0.0	0.1	3.470839e-09	0.0	0.1	3.470839e-09	0.0	0.1	3.470839e-09	0.0	0.1	3.470839e-09	0.0	0.1	3.470839e-09	0.0	0.1	3.470839e-09	0.0	0.1	3.470839e-09	0.0	0.1	3.470839e-09	0.0	0.1	3.470839e-09	0.0	0.1	3.470839e-09	0.0	0.1	3.470839e-09	0.0	0.1	3.470839e-09	0.0	0.1
3.765367e-09	0.99999995	0.1	3.765367e-09	0.0	0.1	3.765367e-09	0.0	0.1	3.765367e-09	0.0	0.1	3.765367e-09	0.0	0.1	3.765367e-09	0.0	0.1	3.765367e-09	0.0	0.1	3.765367e-09	0.0	0.1	3.765367e-09	0.0	0.1	3.765367e-09	0.0	0.1	3.765367e-09	0.0	0.1	3.765367e-09	0.0	0.1	3.765367e-09	0.0	0.1	3.765367e-09	0.0	0.1	3.765367e-09	0.0	0.1	3.765367e-09	0.0	0.1
4.059896e-09	1.00000005	0.1	4.059896e-09	0.0	0.1	4.059896e-09	0.0	0.1	4.059896e-09	0.0	0.1	4.059896e-09	0.0	0.1	4.059896e-09	0.0	0.1	4.059896e-09	0.0	0.1	4.059896e-09	0.0	0.1	4.059896e-09	0.0	0.1	4.059896e-09	0.0	0.1	4.059896e-09	0.0	0.1	4.059896e-09	0.0	0.1	4.059896e-09	0.0	0.1	4.059896e-09	0.0	0.1	4.059896e-09	0.0	0.1	4.059896e-09	0.0	0.1
4.354424e-09	0.9999999999999999	0.1	4.354424e-09	0.0	0.1	4.354424e-09	0.0	0.1	4.354424e-09	0.0	0.1	4.354424e-09	0.0	0.1	4.354424e-09	0.0	0.1	4.354424e-09	0.0	0.1	4.354424e-09	0.0	0.1	4.354424e-09	0.0	0.1	4.354424e-09	0.0	0.1	4.354424e-09	0.0	0.1	4.354424e-09	0.0	0.1	4.354424e-09	0.0	0.1	4.354424e-09	0.0	0.1	4.354424e-09	0.0	0.1	4.354424e-09	0.0	0.1
4.660828e-09	1.00000004	0.1	4.660828e-09	0.0	0.1	4.660828e-09	0.0	0.1	4.660828e-09	0.0	0.1	4.660828e-09	0.0	0.1	4.660828e-09	0.0	0.1	4.660828e-09	0.0	0.1	4.660828e-09	0.0	0.1	4.660828e-09	0.0	0.1	4.660828e-09	0.0	0.1	4.660828e-09	0.0	0.1	4.660828e-09	0.0	0.1	4.660828e-09	0.0	0.1	4.660828e-09	0.0	0.1	4.660828e-09	0.0	0.1	4.660828e-09	0.0	0.1
5.014733e-09	0.99999998	0.1	5.014733e-09	0.0	0.1	5.014733e-09	0.0	0.1	5.014733e-09	0.0	0.1	5.014733e-09	0.0	0.1	5.014733e-09	0.0	0.1	5.014733e-09	0.0	0.1	5.014733e-09	0.0	0.1	5.014733e-09	0.0	0.1	5.014733e-09	0.0	0.1	5.014733e-09	0.0	0.1	5.014733e-09	0.0	0.1	5.014733e-09	0.0	0.1	5.014733e-09	0.0	0.1	5.014733e-09	0.0	0.1	5.014733e-09	0.0	0.1
5.368638e-09	0.9999999599999999	0.1	5.368638e-09	0.0	0.1	5.368638e-09	0.0	0.1	5.368638e-09	0.0	0.1	5.368638e-09	0.0	0.1	5.368638e-09	0.0	0.1	5.368638e-09	0.0	0.1	5.368638e-09	0.0	0.1	5.368638e-09	0.0	0.1	5.368638e-09	0.0	0.1	5.368638e-09	0.0	0.1	5.368638e-09	0.0	0.1	5.368638e-09	0.0	0.1	5.368638e-09	0.0	0.1	5.368638e-09	0.0	0.1	5.368638e-09	0.0	0.1
5.722544e-09	0.9999999899999998	0.1	5.722544e-09	0.0	0.1	5.722544e-09	0.0	0.1	5.722544e-09	0.0	0.1	5.722544e-09	0.0	0.1	5.722544e-09	0.0	0.1	5.722544e-09	0.0	0.1	5.722544e-09	0.0	0.1	5.722544e-09	0.0	0.1	5.722544e-09	0.0	0.1	5.722544e-09	0.0	0.1	5.722544e-09	0.0	0.1	5.722544e-09	0.0	0.1	5.722544e-09	0.0	0.1	5.722544e-09	0.0	0.1	5.722544e-09	0.0	0.1
6.076449e-09	1.0000000900000001	0.1	6.076449e-09	0.0	0.1	6.076449e-09	0.0	0.1	6.076449e-09	0.0	0.1	6.076449e-09	0.0	0.1	6.076449e-09	0.0	0.1	6.076449e-09	0.0	0.1	6.076449e-09	0.0	0.1	6.076449e-09	0.0	0.1	6.076449e-09	0.0	0.1	6.076449e-09	0.0	0.1	6.076449e-09	0.0	0.1	6.076449e-09	0.0	0.1	6.076449e-09	0.0	0.1	6.076449e-09	0.0	0.1	6.076449e-09	0.0	0.1
6.430354e-09	1.00000007	0.1	6.430354e-09	0.0	0.1	6.430354e-09	0.0	0.1	6.430354e-09	0.0	0.1	6.430354e-09	0.0	0.1	6.430354e-09	0.0	0.1	6.430354e-09	0.0	0.1	6.430354e-09	0.0	0.1	6.430354e-09	0.0	0.1	6.430354e-09	0.0	0.1	6.430354e-09	0.0	0.1	6.430354e-09	0.0	0.1	6.430354e-09	0.0	0.1	6.430354e-09	0.0	0.1	6.430354e-09	0.0	0.1	6.430354e-09	0.0	0.1
6.812755e-09	1.0000000850000001	0.1	6.812755e-09	0.0	0.1	6.812755e-09	0.0	0.1	6.812755e-09	0.0	0.1	6.812755e-09	0.0	0.1	6.812755e-09	0.0	0.1	6.812755e-09	0.0	0.1	6.812755e-09	0.0	0.1	6.812755e-09	0.0	0.1	6.812755e-09	0.0	0.1	6.812755e-09	0.0	0.1	6.812755e-09	0.0	0.1	6.812755e-09	0.0	0.1	6.812755e-09	0.0	0.1	6.812755e-09	0.0	0.1	6.812755e-09	0.0	0.1
7.2379e-09	1.0	0.1	7.2379e-09	0.0	0.1	7.2379e-09	0.0	0.1	7.2379e-09	0.0	0.1	7.2379e-09	0.0	0.1	7.2379e-09	0.0	0.1	7.2379e-09	0.0	0.1	7.2379e-09	0.0	0.1	7.2379e-09	0.0	0.1	7.2379e-09	0.0	0.1	7.2379e-09	0.0	0.1	7.2379e-09	0.0	0.1	7.2379e-09	0.0	0.1	7.2379e-09	0.0	0.1	7.2379e-09	0.0	0.1	7.2379e-09	0.0	0.1
7.663045e-09	0.999999907	0.1	7.663045e-09	0.0	0.1	7.663045e-09	0.0	0.1	7.663045e-09	0.0	0.1	7.663045e-09	0.0	0.1	7.663045e-09	0.0	0.1	7.663045e-09	0.0	0.1	7.663045e-09	0.0	0.1	7.663045e-09	0.0	0.1	7.663045e-09	0.0	0.1	7.663045e-09	0.0	0.1	7.663045e-09	0.0	0.1	7.663045e-09	0.0	0.1	7.663045e-09	0.0	0.1	7.663045e-09	0.0	0.1	7.663045e-09	0.0	0.1
8.08819e-09	1.000000009	0.1	8.08819e-09	0.0	0.1	8.08819e-09	0.0	0.1	8.08819e-09	0.0	0.1	8.08819e-09	0.0	0.1	8.08819e-09	0.0	0.1	8.08819e-09	0.0	0.1	8.08819e-09	0.0	0.1	8.08819e-09	0.0	0.1	8.08819e-09	0.0	0.1	8.08819e-09	0.0	0.1	8.08819e-09	0.0	0.1	8.08819e-09	0.0	0.1	8.08819e-09	0.0	0.1	8.08819e-09	0.0	0.1	8.08819e-09	0.0	0.1
8.513335e-09	1.0000000109999998	0.1	8.513335e-09	0.0	0.1	8.513335e-09	0.0	0.1	8.513335e-09	0.0	0.1	8.513335e-09	0.0	0.1	8.513335e-09	0.0	0.1	8.513335e-09	0.0	0.1	8.513335e-09	0.0	0.1	8.513335e-09	0.0	0.1	8.513335e-09	0.0	0.1	8.513335e-09	0.0	0.1	8.513335e-09	0.0	0.1	8.513335e-09	0.0	0.1	8.513335e-09	0.0	0.1	8.513335e-09	0.0	0.1	8.513335e-09	0.0	0.1
8.991731e-09	1.000000065	0.1	8.991731e-09	0.0	0.1	8.991731e-09	0.0	0.1	8.991731e-09	0.0	0.1	8.991731e-09	0.0	0.1	8.991731e-09	0.0	0.1	8.991731e-09	0.0	0.1	8.991731e-09	0.0	0.1	8.991731e-09	0.0	0.1	8.991731e-09	0.0	0.1	8.991731e-09	0.0	0.1	8.991731e-09	0.0	0.1	8.991731e-09	0.0	0.1	8.991731e-09	0.0	0.1	8.991731e-09	0.0	0.1	8.991731e-09	0.0	0.1
9.505626e-09	0.999999993	0.1	9.505626e-09	0.0	0.1	9.505626e-09	0.0	0.1	9.505626e-09	0.0	0.1	9.505626e-09	0.0	0.1	9.505626e-09	0.0	0.1	9.505626e-09	0.0	0.1	9.505626e-09	0.0	0.1	9.505626e-09	0.0	0.1	9.505626e-09	0.0	0.1	9.505626e-09	0.0	0.1	9.505626e-09	0.0	0.1	9.505626e-09	0.0	0.1	9.505626e-09	0.0	0.1	9.505626e-09	0.0	0.1	9.505626e-09	0.0	0.1
1.001952e-08	0.999999874	0.1	1.001952e-08	0.0	0.1	1.001952e-08	0.0	0.1	1.001952e-08	0.0	0.1	1.001952e-08	0.0	0.1	1.001952e-08	0.0	0.1	1.001952e-08	0.0	0.1	1.001952e-08	0.0	0.1	1.001952e-08	0.0	0.1	1.001952e-08	0.0	0.1	1.001952e-08	0.0	0.1	1.001952e-08	0.0	0.1	1.001952e-08	0.0	0.1	1.001952e-08	0.0	0.1	1.001952e-08	0.0	0.1	1.001952e-08	0.0	0.1
1.053342e-08	0.999999963	0.1	1.053342e-08	0.0	0.1	1.053342e-08	0.0	0.1	1.053342e-08	0.0	0.1	1.053342e-08	0.0	0.1	1.053342e-08	0.0	0.1	1.053342e-08	0.0	0.1	1.053342e-08	0.0	0.1	1.053342e-08	0.0	0.1	1.053342e-08	0.0	0.1	1.053342e-08	0.0	0.1	1.053342e-08	0.0	0.1	1.053342e-08	0.0	0.1	1.053342e-08	0.0	0.1	1.053342e-08	0.0	0.1	1.053342e-08	0.0	0.1
1.111259e-08	0.999999894	0.1	1.111259e-08	0.0	0.1	1.111259e-08	0.0	0.1	1.111259e-08	0.0	0.1	1.111259e-08	0.0	0.1	1.111259e-08	0.0	0.1	1.111259e-08	0.0	0.1	1.111259e-08	0.0	0.1	1.111259e-08	0.0	0.1	1.111259e-08	0.0	0.1	1.111259e-08	0.0	0.1	1.111259e-08	0.0	0.1	1.111259e-08	0.0	0.1	1.111259e-08	0.0	0.1	1.111259e-08	0.0	0.1	1.111259e-08	0.0	0.1
1.173528e-08	0.99999997	0.1	1.173528e-08	0.0	0.1	1.173528e-08	0.0	0.1	1.173528e-08	0.0	0.1	1.173528e-08	0.0	0.1	1.173528e-08	0.0	0.1	1.173528e-08	0.0	0.1	1.173528e-08	0.0	0.1	1.173528e-08	0.0	0.1	1.173528e-08	0.0	0.1	1.173528e-08	0.0	0.1	1.173528e-08	0.0	0.1	1.173528e-08	0.0	0.1	1.173528e-08	0.0	0.1	1.173528e-08	0.0	0.1	1.173528e-08	0.0	0.1
1.235797e-08	0.9999999499999999	0.1	1.235797e-08	0.0	0.1	1.235797e-08	0.0	0.1	1.235797e-08	0.0	0.1	1.235797e-08	0.0	0.1	1.235797e-08	0.0	0.1	1.235797e-08	0.0	0.1	1.235797e-08	0.0	0.1	1.235797e-08	0.0	0.1	1.235797e-08	0.0	0.1	1.235797e-08	0.0	0.1	1.235797e-08	0.0	0.1	1.235797e-08	0.0	0.1	1.235797e-08	0.0	0.1	1.235797e-08	0.0	0.1	1.235797e-08	0.0	0.1
1.303097e-08	1.000000028	0.1	1.303097e-08	0.0	0.1	1.303097e-08	0.0	0.1	1.303097e-08	0.0	0.1	1.303097e-08	0.0	0.1	1.303097e-08	0.0	0.1	1.303097e-08	0.0	0.1	1.303097e-08	0.0	0.1	1.303097e-08	0.0	0.1	1.303097e-08	0.0	0.1	1.303097e-08	0.0	0.1	1.303097e-08	0.0	0.1	1.303097e-08	0.0	0.1	1.303097e-08	0.0	0.1	1.303097e-08	0.0	0.1	1.303097e-08	0.0	0.1
1.377944e-08	0.999999877	0.1	1.377944e-08	0.0	0.1	1.377944e-08	0.0	0.1	1.377944e-08	0.0	0.1	1.377944e-08	0.0	0.1	1.377944e-08	0.0	0.1	1.377944e-08	0.0	0.1	1.377944e-08	0.0	0.1	1.377944e-08	0.0	0.1	1.377944e-08	0.0	0.1	1.377944e-08	0.0	0.1	1.377944e-08	0.0	0.1	1.377944e-08	0.0	0.1	1.377944e-08	0.0	0.1	1.377944e-08	0.0	0.1	1.377944e-08	0.0	0.1
1.452791e-08	1.000000022	0.1	1.452791e-08	0.0	0.1	1.452791e-08	0.0	0.1	1.452791e-08	0.0	0.1	1.452791e-08	0.0	0.1	1.452791e-08	0.0	0.1	1.452791e-08	0.0	0.1	1.452791e-08	0.0	0.1	1.452791e-08	0.0	0.1	1.452791e-08	0.0	0.1	1.452791e-08	0.0	0.1	1.452791e-08	0.0	0.1	1.452791e-08	0.0	0.1	1.452791e-08	0.0	0.1	1.452791e-08	0.0	0.1	1.452791e-08	0.0	0.1
1.536795e-08	1.0000000100000002	0.1	1.536795e-08	0.0	0.1	1.536795e-08	0.0	0.1	1.536795e-08	0.0	0.1	1.536795e-08	0.0	0.1	1.536795e-08	0.0	0.1	1.536795e-08	0.0	0.1	1.536795e-08	0.0	0.1	1.536795e-08	0.0	0.1	1.536795e-08	0.0	0.1	1.536795e-08	0.0	0.1	1.536795e-08	0.0	0.1	1.536795e-08	0.0	0.1	1.536795e-08	0.0	0.1	1.536795e-08	0.0	0.1	1.536795e-08	0.0	0.1
1.626904e-08	1.00000007	0.1	1.626904e-08	0.0	0.1	1.626904e-08	0.0	0.1	1.626904e-08	0.0	0.1	1.626904e-08	0.0	0.1	1.626904e-08	0.0	0.1	1.626904e-08	0.0	0.1	1.626904e-08	0.0	0.1	1.626904e-08	0.0	0.1	1.626904e-08	0.0	0.1	1.626904e-08	0.0	0.1	1.626904e-08	0.0	0.1	1.626904e-08	0.0	0.1	1.626904e-08	0.0	0.1	1.626904e-08	0.0	0.1	1.626904e-08	0.0	0.1
1.717013e-08	1.00000004	0.1	1.717013e-08	0.0	0.1	1.717013e-08	0.0	0.1	1.717013e-08	0.0	0.1	1.717013e-08	0.0	0.1	1.717013e-08	0.0	0.1	1.717013e-08	0.0	0.1	1.717013e-08	0.0	0.1	1.717013e-08	0.0	0.1	1.717013e-08	0.0	0.1	1.717013e-08	0.0	0.1	1.717013e-08	0.0	0.1	1.717013e-08	0.0	0.1	1.717013e-08	0.0	0.1	1.717013e-08	0.0	0.1	1.717013e-08	0.0	0.1
1.825511e-08	1.00000009	0.1	1.825511e-08	0.0	0.1	1.825511e-08	0.0	0.1	1.825511e-08	0.0	0.1	1.825511e-08	0.0	0.1	1.825511e-08	0.0	0.1	1.825511e-08	0.0	0.1	1.825511e-08	0.0	0.1	1.825511e-08	0.0	0.1	1.825511e-08	0.0	0.1	1.825511e-08	0.0	0.1	1.825511e-08	0.0	0.1	1.825511e-08	0.0	0.1	1.825511e-08	0.0	0.1	1.825511e-08	0.0	0.1	1.825511e-08	0.0	0.1
1.934008e-08	0.99999992	0.1	1.934008e-08	0.0	0.1	1.934008e-08	0.0	0.1	1.934008e-08	0.0	0.1	1.934008e-08	0.0	0.1	1.934008e-08	0.0	0.1	1.934008e-08	0.0	0.1	1.934008e-08	0.0	0.1	1.934008e-08	0.0	0.1	1.934008e-08	0.0	0.1	1.934008e-08	0.0	0.1	1.934008e-08	0.0	0.1	1.934008e-08	0.0	0.1	1.934008e-08	0.0	0.1	1.934008e-08	0.0	0.1	1.934008e-08	0.0	0.1
2.046867e-08	0.99999996	0.1	2.046867e-08	0.0	0.1	2.046867e-08	0.0	0.1	2.046867e-08	0.0	0.1	2.046867e-08	0.0	0.1	2.046867e-08	0.0	0.1	2.046867e-08	0.0	0.1	2.046867e-08	0.0	0.1	2.046867e-08	0.0	0.1	2.046867e-08	0.0	0.1	2.046867e-08	0.0	0.1	2.046867e-08	0.0	0.1	2.046867e-08	0.0	0.1	2.046867e-08	0.0	0.1	2.046867e-08	0.0	0.1	2.046867e-08	0.0	0.1
2.177173e-08	1.00000011	0.1	2.177173e-08	0.0	0.1	2.177173e-08	0.0	0.1	2.177173e-08	0.0	0.1	2.177173e-08	0.0	0.1	2.177173e-08	0.0	0.1	2.177173e-08	0.0	0.1	2.177173e-08	0.0	0.1	2.177173e-08	0.0	0.1	2.177173e-08	0.0	0.1	2.177173e-08	0.0	0.1	2.177173e-08	0.0	0.1	2.177173e-08	0.0	0.1	2.177173e-08	0.0	0.1	2.177173e-08	0.0	0.1	2.177173e-08	0.0	0.1
2.30748e-08	1.00000008	0.1	2.30748e-08	0.0	0.1	2.30748e-08	0.0	0.1	2.30748e-08	0.0	0.1	2.30748e-08	0.0	0.1	2.30748e-08	0.0	0.1	2.30748e-08	0.0	0.1	2.30748e-08	0.0	0.1	2.30748e-08	0.0	0.1	2.30748e-08	0.0	0.1	2.30748e-08	0.0	0.1	2.30748e-08	0.0	0.1	2.30748e-08	0.0	0.1	2.30748e-08	0.0	0.1	2.30748e-08	0.0	0.1	2.30748e-08	0.0	0.1
2.437786e-08	0.9999999800000001	0.1	2.437786e-08	0.0	0.1	2.437786e-08	0.0	0.1	2.437786e-08	0.0	0.1	2.437786e-08	0.0	0.1	2.437786e-08	0.0	0.1	2.437786e-08	0.0	0.1	2.437786e-08	0.0	0.1	2.437786e-08	0.0	0.1	2.437786e-08	0.0	0.1	2.437786e-08	0.0	0.1	2.437786e-08	0.0	0.1	2.437786e-08	0.0	0.1	2.437786e-08	0.0	0.1	2.437786e-08	0.0	0.1	2.437786e-08	0.0	0.1
2.589238e-08	0.9999999900000001	0.1	2.589238e-08	0.0	0.1	2.589238e-08	0.0	0.1	2.589238e-08	0.0	0.1	2.589238e-08	0.0	0.1	2.589238e-08	0.0	0.1	2.589238e-08	0.0	0.1	2.589238e-08	0.0	0.1	2.589238e-08	0.0	0.1	2.589238e-08	0.0	0.1	2.589238e-08	0.0	0.1	2.589238e-08	0.0	0.1	2.589238e-08	0.0	0.1	2.589238e-08	0.0	0.1	2.589238e-08	0.0	0.1	2.589238e-08	0.0	0.1
2.745976e-08	1.00000008	0.1	2.745976e-08	0.0	0.1	2.745976e-08	0.0	0.1	2.745976e-08	0.0	0.1	2.745976e-08	0.0	0.1	2.745976e-08	0.0	0.1	2.745976e-08	0.0	0.1	2.745976e-08	0.0	0.1	2.745976e-08	0.0	0.1	2.745976e-08	0.0	0.1	2.745976e-08	0.0	0.1	2.745976e-08	0.0	0.1	2.745976e-08	0.0	0.1	2.745976e-08	0.0	0.1	2.745976e-08	0.0	0.1	2.745976e-08	0.0	0.1
2.902714e-08	1.00000007	0.1	2.902714e-08	0.0	0.1	2.902714e-08	0.0	0.1	2.902714e-08	0.0	0.1	2.902714e-08	0.0	0.1	2.902714e-08	0.0	0.1	2.902714e-08	0.0	0.1	2.902714e-08	0.0	0.1	2.902714e-08	0.0	0.1	2.902714e-08	0.0	0.1	2.902714e-08	0.0	0.1	2.902714e-08	0.0	0.1	2.902714e-08	0.0	0.1	2.902714e-08	0.0	0.1	2.902714e-08	0.0	0.1	2.902714e-08	0.0	0.1
3.065968e-08	0.9999999800000001	0.1	3.065968e-08	0.0	0.1	3.065968e-08	0.0	0.1	3.065968e-08	0.0	0.1	3.065968e-08	0.0	0.1	3.065968e-08	0.0	0.1	3.065968e-08	0.0	0.1	3.065968e-08	0.0	0.1	3.065968e-08	0.0	0.1	3.065968e-08	0.0	0.1	3.065968e-08	0.0	0.1	3.065968e-08	0.0	0.1	3.065968e-08	0.0	0.1	3.065968e-08	0.0	0.1	3.065968e-08	0.0	0.1	3.065968e-08	0.0	0.1
3.255285e-08	1.00000006	0.1	3.255285e-08	0.0	0.1	3.255285e-08	0.0	0.1	3.255285e-08	0.0	0.1	3.255285e-08	0.0	0.1	3.255285e-08	0.0	0.1	3.255285e-08	0.0	0.1	3.255285e-08	0.0	0.1	3.255285e-08	0.0	0.1	3.255285e-08	0.0	0.1	3.255285e-08	0.0	0.1	3.255285e-08	0.0	0.1	3.255285e-08	0.0	0.1	3.255285e-08	0.0	0.1	3.255285e-08	0.0	0.1	3.255285e-08	0.0	0.1
3.444602e-08	0.99999997	0.1	3.444602e-08	0.0	0.1	3.444602e-08	0.0	0.1	3.444602e-08	0.0	0.1	3.444602e-08	0.0	0.1	3.444602e-08	0.0	0.1	3.444602e-08	0.0	0.1	3.444602e-08	0.0	0.1	3.444602e-08	0.0	0.1	3.444602e-08	0.0	0.1	3.444602e-08	0.0	0.1	3.444602e-08	0.0	0.1	3.444602e-08	0.0	0.1	3.444602e-08	0.0	0.1	3.444602e-08	0.0	0.1	3.444602e-08	0.0	0.1
3.633918e-08	1.0000000400000002	0.1	3.633918e-08	0.0	0.1	3.633918e-08	0.0	0.1	3.633918e-08	0.0	0.1	3.633918e-08	0.0	0.1	3.633918e-08	0.0	0.1	3.633918e-08	0.0	0.1	3.633918e-08	0.0	0.1	3.633918e-08	0.0	0.1	3.633918e-08	0.0	0.1	3.633918e-08	0.0	0.1	3.633918e-08	0.0	0.1	3.633918e-08	0.0	0.1	3.633918e-08	0.0	0.1	3.633918e-08	0.0	0.1	3.633918e-08	0.0	0.1
3.823235e-08	1.00000002	0.1	3.823235e-08	0.0	0.1	3.823235e-08	0.0	0.1	3.823235e-08	0.0	0.1	3.823235e-08	0.0	0.1	3.823235e-08	0.0	0.1	3.823235e-08	0.0	0.1	3.823235e-08	0.0	0.1	3.823235e-08	0.0	0.1	3.823235e-08	0.0	0.1	3.823235e-08	0.0	0.1	3.823235e-08	0.0	0.1	3.823235e-08	0.0	0.1	3.823235e-08	0.0	0.1	3.823235e-08	0.0	0.1	3.823235e-08	0.0	0.1
4.051653e-08	0.9999999800000001	0.1	4.051653e-08	0.0	0.1	4.051653e-08	0.0	0.1	4.051653e-08	0.0	0.1	4.051653e-08	0.0	0.1	4.051653e-08	0.0	0.1	4.051653e-08	0.0	0.1	4.051653e-08	0.0	0.1	4.051653e-08	0.0	0.1	4.051653e-08	0.0	0.1	4.051653e-08	0.0	0.1	4.051653e-08	0.0	0.1	4.051653e-08	0.0	0.1	4.051653e-08	0.0	0.1	4.051653e-08	0.0	0.1	4.051653e-08	0.0	0.1
4.28007e-08	0.9999999599999999	0.1	4.28007e-08	0.0	0.1	4.28007e-08	0.0	0.1	4.28007e-08	0.0	0.1	4.28007e-08	0.0	0.1	4.28007e-08	0.0	0.1	4.28007e-08	0.0	0.1	4.28007e-08	0.0	0.1	4.28007e-08	0.0	0.1	4.28007e-08	0.0	0.1	4.28007e-08	0.0	0.1	4.28007e-08	0.0	0.1	4.28007e-08	0.0	0.1	4.28007e-08	0.0	0.1	4.28007e-08	0.0	0.1	4.28007e-08	0.0	0.1
4.508488e-08	1.0000000599999999	0.1	4.508488e-08	0.0	0.1	4.508488e-08	0.0	0.1	4.508488e-08	0.0	0.1	4.508488e-08	0.0	0.1	4.508488e-08	0.0	0.1	4.508488e-08	0.0	0.1	4.508488e-08	0.0	0.1	4.508488e-08	0.0	0.1	4.508488e-08	0.0	0.1	4.508488e-08	0.0	0.1	4.508488e-08	0.0	0.1	4.508488e-08	0.0	0.1	4.508488e-08	0.0	0.1	4.508488e-08	0.0	0.1	4.508488e-08	0.0	0.1
4.736905e-08	0.9999999799999999	0.1	4.736905e-08	0.0	0.1	4.736905e-08	0.0	0.1	4.736905e-08	0.0	0.1	4.736905e-08	0.0	0.1	4.736905e-08	0.0	0.1	4.736905e-08	0.0	0.1	4.736905e-08	0.0	0.1	4.736905e-08	0.0	0.1	4.736905e-08	0.0	0.1	4.736905e-08	0.0	0.1	4.736905e-08	0.0	0.1	4.736905e-08	0.0	0.1	4.736905e-08	0.0	0.1	4.736905e-08	0.0	0.1	4.736905e-08	0.0	0.1
4.984244e-08	1.0000000800000002	0.1	4.984244e-08	0.0	0.1	4.984244e-08	0.0	0.1	4.984244e-08	0.0	0.1	4.984244e-08	0.0	0.1	4.984244e-08	0.0	0.1	4.984244e-08	0.0	0.1	4.984244e-08	0.0	0.1	4.984244e-08	0.0	0.1	4.984244e-08	0.0	0.1	4.984244e-08	0.0	0.1	4.984244e-08	0.0	0.1	4.984244e-08	0.0	0.1	4.984244e-08	0.0	0.1	4.984244e-08	0.0	0.1	4.984244e-08	0.0	0.1
5.259962e-08	1.0000000599999999	0.1	5.259962e-08	0.0	0.1	5.259962e-08	0.0	0.1	5.259962e-08	0.0	0.1	5.259962e-08	0.0	0.1	5.259962e-08	0.0	0.1	5.259962e-08	0.0	0.1	5.259962e-08	0.0	0.1	5.259962e-08	0.0	0.1	5.259962e-08	0.0	0.1	5.259962e-08	0.0	0.1	5.259962e-08	0.0	0.1	5.259962e-08	0.0	0.1	5.259962e-08	0.0	0.1	5.259962e-08	0.0	0.1	5.259962e-08	0.0	0.1
5.535681e-08	1.0000000500000001	0.1	5.535681e-08	0.0	0.1	5.535681e-08	0.0	0.1	5.535681e-08	0.0	0.1	5.535681e-08	0.0	0.1	5.535681e-08	0.0	0.1	5.535681e-08	0.0	0.1	5.535681e-08	0.0	0.1	5.535681e-08	0.0	0.1	5.535681e-08	0.0	0.1	5.535681e-08	0.0	0.1	5.535681e-08	0.0	0.1	5.535681e-08	0.0	0.1	5.535681e-08	0.0	0.1	5.535681e-08	0.0	0.1	5.535681e-08	0.0	0.1
5.8114e-08	1.00000008	0.1	5.8114e-08	0.0	0.1	5.8114e-08	0.0	0.1	5.8114e-08	0.0	0.1	5.8114e-08	0.0	0.1	5.8114e-08	0.0	0.1	5.8114e-08	0.0	0.1	5.8114e-08	0.0	0.1	5.8114e-08	0.0	0.1	5.8114e-08	0.0	0.1	5.8114e-08	0.0	0.1	5.8114e-08	0.0	0.1	5.8114e-08	0.0	0.1	5.8114e-08	0.0	0.1	5.8114e-08	0.0	0.1	5.8114e-08	0.0	0.1
6.110412e-08	0.9999999299999999	0.1	6.110412e-08	0.0	0.1	6.110412e-08	0.0	0.1	6.110412e-08	0.0	0.1	6.110412e-08	0.0	0.1	6.110412e-08	0.0	0.1	6.110412e-08	0.0	0.1	6.110412e-08	0.0	0.1	6.110412e-08	0.0	0.1	6.110412e-08	0.0	0.1	6.110412e-08	0.0	0.1	6.110412e-08	0.0	0.1	6.110412e-08	0.0	0.1	6.110412e-08	0.0	0.1	6.110412e-08	0.0	0.1	6.110412e-08	0.0	0.1
6.444365e-08	0.99999989	0.1	6.444365e-08	0.0	0.1	6.444365e-08	0.0	0.1	6.444365e-08	0.0	0.1	6.444365e-08	0.0	0.1	6.444365e-08	0.0	0.1	6.444365e-08	0.0	0.1	6.444365e-08	0.0	0.1	6.444365e-08	0.0	0.1	6.444365e-08	0.0	0.1	6.444365e-08	0.0	0.1	6.444365e-08	0.0	0.1	6.444365e-08	0.0	0.1	6.444365e-08	0.0	0.1	6.444365e-08	0.0	0.1	6.444365e-08	0.0	0.1
6.778317e-08	0.9999999300000001	0.1	6.778317e-08	0.0	0.1	6.778317e-08	0.0	0.1	6.778317e-08	0.0	0.1	6.778317e-08	0.0	0.1	6.778317e-08	0.0	0.1	6.778317e-08	0.0	0.1	6.778317e-08	0.0	0.1	6.778317e-08	0.0	0.1	6.778317e-08	0.0	0.1	6.778317e-08	0.0	0.1	6.778317e-08	0.0	0.1	6.778317e-08	0.0	0.1	6.778317e-08	0.0	0.1	6.778317e-08	0.0	0.1	6.778317e-08	0.0	0.1
7.12582e-08	0.9999999900000001	0.1	7.12582e-08	0.0	0.1	7.12582e-08	0.0	0.1	7.12582e-08	0.0	0.1	7.12582e-08	0.0	0.1	7.12582e-08	0.0	0.1	7.12582e-08	0.0	0.1	7.12582e-08	0.0	0.1	7.12582e-08	0.0	0.1	7.12582e-08	0.0	0.1	7.12582e-08	0.0	0.1	7.12582e-08	0.0	0.1	7.12582e-08	0.0	0.1	7.12582e-08	0.0	0.1	7.12582e-08	0.0	0.1	7.12582e-08	0.0	0.1
7.527527e-08	0.99999996	0.1	7.527527e-08	0.0	0.1	7.527527e-08	0.0	0.1	7.527527e-08	0.0	0.1	7.527527e-08	0.0	0.1	7.527527e-08	0.0	0.1	7.527527e-08	0.0	0.1	7.527527e-08	0.0	0.1	7.527527e-08	0.0	0.1	7.527527e-08	0.0	0.1	7.527527e-08	0.0	0.1	7.527527e-08	0.0	0.1	7.527527e-08	0.0	0.1	7.527527e-08	0.0	0.1	7.527527e-08	0.0	0.1	7.527527e-08	0.0	0.1
7.929233e-08	1.00000003	0.1	7.929233e-08	0.0	0.1	7.929233e-08	0.0	0.1	7.929233e-08	0.0	0.1	7.929233e-08	0.0	0.1	7.929233e-08	0.0	0.1	7.929233e-08	0.0	0.1	7.929233e-08	0.0	0.1	7.929233e-08	0.0	0.1	7.929233e-08	0.0	0.1	7.929233e-08	0.0	0.1	7.929233e-08	0.0	0.1	7.929233e-08	0.0	0.1	7.929233e-08	0.0	0.1	7.929233e-08	0.0	0.1	7.929233e-08	0.0	0.1
8.364883e-08	1.0000000640000002	0.1	8.364883e-08	0.0	0.1	8.364883e-08	0.0	0.1	8.364883e-08	0.0	0.1	8.364883e-08	0.0	0.1	8.364883e-08	0.0	0.1	8.364883e-08	0.0	0.1	8.364883e-08	0.0	0.1	8.364883e-08	0.0	0.1	8.364883e-08	0.0	0.1	8.364883e-08	0.0	0.1	8.364883e-08	0.0	0.1	8.364883e-08	0.0	0.1	8.364883e-08	0.0	0.1	8.364883e-08	0.0	0.1	8.364883e-08	0.0	0.1
8.85145e-08	1.000000014	0.1	8.85145e-08	0.0	0.1	8.85145e-08	0.0	0.1	8.85145e-08	0.0	0.1	8.85145e-08	0.0	0.1	8.85145e-08	0.0	0.1	8.85145e-08	0.0	0.1	8.85145e-08	0.0	0.1	8.85145e-08	0.0	0.1	8.85145e-08	0.0	0.1	8.85145e-08	0.0	0.1	8.85145e-08	0.0	0.1	8.85145e-08	0.0	0.1	8.85145e-08	0.0	0.1	8.85145e-08	0.0	0.1	8.85145e-08	0.0	0.1
9.35775e-08	1.000000011	0.1	9.35775e-08	0.0	0.1	9.35775e-08	0.0	0.1	9.35775e-08	0.0	0.1	9.35775e-08	0.0	0.1	9.35775e-08	0.0	0.1	9.35775e-08	0.0	0.1	9.35775e-08	0.0	0.1	9.35775e-08	0.0	0.1	9.35775e-08	0.0	0.1	9.35775e-08	0.0	0.1	9.35775e-08	0.0	0.1	9.35775e-08	0.0	0.1	9.35775e-08	0.0	0.1	9.35775e-08	0.0	0.1	9.35775e-08	0.0	0.1
9.942988e-08	0.9999998950000001	0.1	9.942988e-08	0.0	0.1	9.942988e-08	0.0	0.1	9.942988e-08	0.0	0.1	9.942988e-08	0.0	0.1	9.942988e-08	0.0	0.1	9.942988e-08	0.0	0.1	9.942988e-08	0.0	0.1	9.942988e-08	0.0	0.1	9.942988e-08	0.0	0.1	9.942988e-08	0.0	0.1	9.942988e-08	0.0	0.1	9.942988e-08	0.0	0.1	9.942988e-08	0.0	0.1	9.942988e-08	0.0	0.1	9.942988e-08	0.0	0.1
1.055386e-07	0.999999916	0.1	1.055386e-07	0.0	0.1	1.055386e-07	0.0	0.1	1.055386e-07	0.0	0.1	1.055386e-07	0.0	0.1	1.055386e-07	0.0	0.1	1.055386e-07	0.0	0.1	1.055386e-07	0.0	0.1	1.055386e-07	0.0	0.1	1.055386e-07	0.0	0.1	1.055386e-07	0.0	0.1	1.055386e-07	0.0	0.1	1.055386e-07	0.0	0.1	1.055386e-07	0.0	0.1	1.055386e-07	0.0	0.1	1.055386e-07	0.0	0.1
1.126726e-07	0.999999929	0.1	1.126726e-07	0.0	0.1	1.126726e-07	0.0	0.1	1.126726e-07	0.0	0.1	1.126726e-07	0.0	0.1	1.126726e-07	0.0	0.1	1.126726e-07	0.0	0.1	1.126726e-07	0.0	0.1	1.126726e-07	0.0	0.1	1.126726e-07	0.0	0.1	1.126726e-07	0.0	0.1	1.126726e-07	0.0	0.1	1.126726e-07	0.0	0.1	1.126726e-07	0.0	0.1	1.126726e-07	0.0	0.1	1.126726e-07	0.0	0.1
1.204514e-07	0.999999982	0.1	1.204514e-07	0.0	0.1	1.204514e-07	0.0	0.1	1.204514e-07	0.0	0.1	1.204514e-07	0.0	0.1	1.204514e-07	0.0	0.1	1.204514e-07	0.0	0.1	1.204514e-07	0.0	0.1	1.204514e-07	0.0	0.1	1.204514e-07	0.0	0.1	1.204514e-07	0.0	0.1	1.204514e-07	0.0	0.1	1.204514e-07	0.0	0.1	1.204514e-07	0.0	0.1	1.204514e-07	0.0	0.1	1.204514e-07	0.0	0.1
1.291971e-07	0.999999862	0.1	1.291971e-07	0.0	0.1	1.291971e-07	0.0	0.1	1.291971e-07	0.0	0.1	1.291971e-07	0.0	0.1	1.291971e-07	0.0	0.1	1.291971e-07	0.0	0.1	1.291971e-07	0.0	0.1	1.291971e-07	0.0	0.1	1.291971e-07	0.0	0.1	1.291971e-07	0.0	0.1	1.291971e-07	0.0	0.1	1.291971e-07	0.0	0.1	1.291971e-07	0.0	0.1	1.291971e-07	0.0	0.1	1.291971e-07	0.0	0.1
1.398656e-07	0.9999999810000001	0.1	1.398656e-07	0.0	0.1	1.398656e-07	0.0	0.1	1.398656e-07	0.0	0.1	1.398656e-07	0.0	0.1	1.398656e-07	0.0	0.1	1.398656e-07	0.0	0.1	1.398656e-07	0.0	0.1	1.398656e-07	0.0	0.1	1.398656e-07	0.0	0.1	1.398656e-07	0.0	0.1	1.398656e-07	0.0	0.1	1.398656e-07	0.0	0.1	1.398656e-07	0.0	0.1	1.398656e-07	0.0	0.1	1.398656e-07	0.0	0.1
1.52218e-07	0.9999999580000001	0.1	1.52218e-07	0.0	0.1	1.52218e-07	0.0	0.1	1.52218e-07	0.0	0.1	1.52218e-07	0.0	0.1	1.52218e-07	0.0	0.1	1.52218e-07	0.0	0.1	1.52218e-07	0.0	0.1	1.52218e-07	0.0	0.1	1.52218e-07	0.0	0.1	1.52218e-07	0.0	0.1	1.52218e-07	0.0	0.1	1.52218e-07	0.0	0.1	1.52218e-07	0.0	0.1	1.52218e-07	0.0	0.1	1.52218e-07	0.0	0.1
1.666213e-07	1.000000061	0.1	1.666213e-07	0.0	0.1	1.666213e-07	0.0	0.1	1.666213e-07	0.0	0.1	1.666213e-07	0.0	0.1	1.666213e-07	0.0	0.1	1.666213e-07	0.0	0.1	1.666213e-07	0.0	0.1	1.666213e-07	0.0	0.1	1.666213e-07	0.0	0.1	1.666213e-07	0.0	0.1	1.666213e-07	0.0	0.1	1.666213e-07	0.0	0.1	1.666213e-07	0.0	0.1	1.666213e-07	0.0	0.1	1.666213e-07	0.0	0.1
1.847371e-07	1.000000064	0.1	1.847371e-07	0.0	0.1	1.847371e-07	0.0	0.1	1.847371e-07	0.0	0.1	1.847371e-07	0.0	0.1	1.847371e-07	0.0	0.1	1.847371e-07	0.0	0.1	1.847371e-07	0.0	0.1	1.847371e-07	0.0	0.1	1.847371e-07	0.0	0.1	1.847371e-07	0.0	0.1	1.847371e-07	0.0	0.1	1.847371e-07	0.0	0.1	1.847371e-07	0.0	0.1	1.847371e-07	0.0	0.1	1.847371e-07	0.0	0.1
2.093692e-07	0.9999998640000001	0.1	2.093692e-07	0.0	0.1	2.093692e-07	0.0	0.1	2.093692e-07	0.0	0.1	2.093692e-07	0.0	0.1	2.093692e-07	0.0	0.1	2.093692e-07	0.0	0.1	2.093692e-07	0.0	0.1	2.093692e-07	0.0	0.1	2.093692e-07	0.0	0.1	2.093692e-07	0.0	0.1	2.093692e-07	0.0	0.1	2.093692e-07	0.0	0.1	2.093692e-07	0.0	0.1	2.093692e-07	0.0	0.1	2.093692e-07	0.0	0.1
2.392281e-07	0.999999996	0.1	2.392281e-07	0.0	0.1	2.392281e-07	0.0	0.1	2.392281e-07	0.0	0.1	2.392281e-07	0.0	0.1	2.392281e-07	0.0	0.1	2.392281e-07	0.0	0.1	2.392281e-07	0.0	0.1	2.392281e-07	0.0	0.1	2.392281e-07	0.0	0.1	2.392281e-07	0.0	0.1	2.392281e-07	0.0	0.1	2.392281e-07	0.0	0.1	2.392281e-07	0.0	0.1	2.392281e-07	0.0	0.1	2.392281e-07	0.0	0.1
2.744835e-07	1.000000089	0.1	2.744835e-07	0.0	0.1	2.744835e-07	0.0	0.1	2.744835e-07	0.0	0.1	2.744835e-07	0.0	0.1	2.744835e-07	0.0	0.1	2.744835e-07	0.0	0.1	2.744835e-07	0.0	0.1	2.744835e-07	0.0	0.1	2.744835e-07	0.0	0.1	2.744835e-07	0.0	0.1	2.744835e-07	0.0	0.1	2.744835e-07	0.0	0.1	2.744835e-07	0.0	0.1	2.744835e-07	0.0	0.1	2.744835e-07	0.0	0.1
3.097389e-07	0.9999998929999999	0.1	3.097389e-07	0.0	0.1	3.097389e-07	0.0	0.1	3.097389e-07	0.0	0.1	3.097389e-07	0.0	0.1	3.097389e-07	0.0	0.1	3.097389e-07	0.0	0.1	3.097389e-07	0.0	0.1	3.097389e-07	0.0	0.1	3.097389e-07	0.0	0.1	3.097389e-07	0.0	0.1	3.097389e-07	0.0	0.1	3.097389e-07	0.0	0.1	3.097389e-07	0.0	0.1	3.097389e-07	0.0	0.1	3.097389e-07	0.0	0.1
3.449943e-07	1.000000033	0.1	3.449943e-07	0.0	0.1	3.449943e-07	0.0	0.1	3.449943e-07	0.0	0.1	3.449943e-07	0.0	0.1	3.449943e-07	0.0	0.1	3.449943e-07	0.0	0.1	3.449943e-07	0.0	0.1	3.449943e-07	0.0	0.1	3.449943e-07	0.0	0.1	3.449943e-07	0.0	0.1	3.449943e-07	0.0	0.1	3.449943e-07	0.0	0.1	3.449943e-07	0.0	0.1	3.449943e-07	0.0	0.1	3.449943e-07	0.0	0.1
3.802496e-07	1.000000052	0.1	3.802496e-07	0.0	0.1	3.802496e-07	0.0	0.1	3.802496e-07	0.0	0.1	3.802496e-07	0.0	0.1	3.802496e-07	0.0	0.1	3.802496e-07	0.0	0.1	3.802496e-07	0.0	0.1	3.802496e-07	0.0	0.1	3.802496e-07	0.0	0.1	3.802496e-07	0.0	0.1	3.802496e-07	0.0	0.1	3.802496e-07	0.0	0.1	3.802496e-07	0.0	0.1	3.802496e-07	0.0	0.1	3.802496e-07	0.0	0.1
4.15505e-07	1.000000045	0.1	4.15505e-07	0.0	0.1	4.15505e-07	0.0	0.1	4.15505e-07	0.0	0.1	4.15505e-07	0.0	0.1	4.15505e-07	0.0	0.1	4.15505e-07	0.0	0.1	4.15505e-07	0.0	0.1	4.15505e-07	0.0	0.1	4.15505e-07	0.0	0.1	4.15505e-07	0.0	0.1	4.15505e-07	0.0	0.1	4.15505e-07	0.0	0.1	4.15505e-07	0.0	0.1	4.15505e-07	0.0	0.1	4.15505e-07	0.0	0.1
4.565728e-07	1.000000015	0.1	4.565728e-07	0.0	0.1	4.565728e-07	0.0	0.1	4.565728e-07	0.0	0.1	4.565728e-07	0.0	0.1	4.565728e-07	0.0	0.1	4.565728e-07	0.0	0.1	4.565728e-07	0.0	0.1	4.565728e-07	0.0	0.1	4.565728e-07	0.0	0.1	4.565728e-07	0.0	0.1	4.565728e-07	0.0	0.1	4.565728e-07	0.0	0.1	4.565728e-07	0.0	0.1	4.565728e-07	0.0	0.1	4.565728e-07	0.0	0.1
4.990937e-07	0.9999999319999999	0.1	4.990937e-07	0.0	0.1	4.990937e-07	0.0	0.1	4.990937e-07	0.0	0.1	4.990937e-07	0.0	0.1	4.990937e-07	0.0	0.1	4.990937e-07	0.0	0.1	4.990937e-07	0.0	0.1	4.990937e-07	0.0	0.1	4.990937e-07	0.0	0.1	4.990937e-07	0.0	0.1	4.990937e-07	0.0	0.1	4.990937e-07	0.0	0.1	4.990937e-07	0.0	0.1	4.990937e-07	0.0	0.1	4.990937e-07	0.0	0.1
5.416146e-07	0.9999999829999999	0.1	5.416146e-07	0.0	0.1	5.416146e-07	0.0	0.1	5.416146e-07	0.0	0.1	5.416146e-07	0.0	0.1	5.416146e-07	0.0	0.1	5.416146e-07	0.0	0.1	5.416146e-07	0.0	0.1	5.416146e-07	0.0	0.1	5.416146e-07	0.0	0.1	5.416146e-07	0.0	0.1	5.416146e-07	0.0	0.1	5.416146e-07	0.0	0.1	5.416146e-07	0.0	0.1	5.416146e-07	0.0	0.1	5.416146e-07	0.0	0.1
5.841355e-07	0.999999984	0.1	5.841355e-07	0.0	0.1	5.841355e-07	0.0	0.1	5.841355e-07	0.0	0.1	5.841355e-07	0.0	0.1	5.841355e-07	0.0	0.1	5.841355e-07	0.0	0.1	5.841355e-07	0.0	0.1	5.841355e-07	0.0	0.1	5.841355e-07	0.0	0.1	5.841355e-07	0.0	0.1	5.841355e-07	0.0	0.1	5.841355e-07	0.0	0.1	5.841355e-07	0.0	0.1	5.841355e-07	0.0	0.1	5.841355e-07	0.0	0.1
6.266564e-07	1.0000000279999999	0.1	6.266564e-07	0.0	0.1	6.266564e-07	0.0	0.1	6.266564e-07	0.0	0.1	6.266564e-07	0.0	0.1	6.266564e-07	0.0	0.1	6.266564e-07	0.0	0.1	6.266564e-07	0.0	0.1	6.266564e-07	0.0	0.1	6.266564e-07	0.0	0.1	6.266564e-07	0.0	0.1	6.266564e-07	0.0	0.1	6.266564e-07	0.0	0.1	6.266564e-07	0.0	0.1	6.266564e-07	0.0	0.1	6.266564e-07	0.0	0.1
6.76037e-07	1.000000004	0.1	6.76037e-07	0.0	0.1	6.76037e-07	0.0	0.1	6.76037e-07	0.0	0.1	6.76037e-07	0.0	0.1	6.76037e-07	0.0	0.1	6.76037e-07	0.0	0.1	6.76037e-07	0.0	0.1	6.76037e-07	0.0	0.1	6.76037e-07	0.0	0.1	6.76037e-07	0.0	0.1	6.76037e-07	0.0	0.1	6.76037e-07	0.0	0.1	6.76037e-07	0.0	0.1	6.76037e-07	0.0	0.1	6.76037e-07	0.0	0.1
7.271326e-07	0.999999984	0.1	7.271326e-07	0.0	0.1	7.271326e-07	0.0	0.1	7.271326e-07	0.0	0.1	7.271326e-07	0.0	0.1	7.271326e-07	0.0	0.1	7.271326e-07	0.0	0.1	7.271326e-07	0.0	0.1	7.271326e-07	0.0	0.1	7.271326e-07	0.0	0.1	7.271326e-07	0.0	0.1	7.271326e-07	0.0	0.1	7.271326e-07	0.0	0.1	7.271326e-07	0.0	0.1	7.271326e-07	0.0	0.1	7.271326e-07	0.0	0.1
7.782282e-07	1.0000000230000001	0.1	7.782282e-07	0.0	0.1	7.782282e-07	0.0	0.1	7.782282e-07	0.0	0.1	7.782282e-07	0.0	0.1	7.782282e-07	0.0	0.1	7.782282e-07	0.0	0.1	7.782282e-07	0.0	0.1	7.782282e-07	0.0	0.1	7.782282e-07	0.0	0.1	7.782282e-07	0.0	0.1	7.782282e-07	0.0	0.1	7.782282e-07	0.0	0.1	7.782282e-07	0.0	0.1	7.782282e-07	0.0	0.1	7.782282e-07	0.0	0.1
