Batch	m_SP	13	W5	W1	W2	W3	W4	W6	R	P1	P2	P3	P4	P5	P6																							
1.445957e-08	0.9852213	0.1	1.445957e-08	0.0002923579	0.1	1.445957e-08	1.561779e-13	0.1	1.445957e-08	9.444633e-14	0.1	1.445957e-08	0.01448633	0.1	1.445957e-08	6.937433e-10	0.1	1.445957e-08	5.798277e-12	0.1	1.445957e-08	8.995826e-11	0.1	1.445957e-08	1.503947e-10	0.1	1.445957e-08	6.333143e-12	0.1	1.445957e-08	2.790623e-19	0.1	1.445957e-08	1.013567e-12	0.1	1.445957e-08	4.337707e-21	0.1
2.544751e-08	0.9743399	0.1	2.544751e-08	0.0005090318	0.1	2.544751e-08	2.748782e-13	0.1	2.544751e-08	1.653035e-13	0.1	2.544751e-08	0.02515111	0.1	2.544751e-08	1.222408e-09	0.1	2.544751e-08	1.020445e-11	0.1	2.544751e-08	1.583445e-10	0.1	2.544751e-08	2.647015e-10	0.1	2.544751e-08	1.114558e-11	0.1	2.544751e-08	4.911157e-19	0.1	2.544751e-08	1.783724e-12	0.1	2.544751e-08	7.633769e-21	0.1
4.142184e-08	0.9590398	0.1	4.142184e-08	0.0008154904	0.1	4.142184e-08	4.474755e-13	0.1	4.142184e-08	2.669571e-13	0.1	4.142184e-08	0.04014469	0.1	4.142184e-08	1.993199e-09	0.1	4.142184e-08	1.661024e-11	0.1	4.142184e-08	2.57805e-10	0.1	4.142184e-08	4.309136e-10	0.1	4.142184e-08	1.814175e-11	0.1	4.142184e-08	7.993906e-19	0.1	4.142184e-08	2.903305e-12	0.1	4.142184e-08	1.242536e-20	0.1
6.366238e-08	0.9387224	0.1	6.366238e-08	0.001225279	0.1	6.366238e-08	6.878355e-13	0.1	6.366238e-08	4.059128e-13	0.1	6.366238e-08	0.06005228	0.1	6.366238e-08	3.07056e-09	0.1	6.366238e-08	2.552907e-11	0.1	6.366238e-08	3.963583e-10	0.1	6.366238e-08	6.62389e-10	0.1	6.366238e-08	2.788205e-11	0.1	6.366238e-08	1.228579e-18	0.1	6.366238e-08	4.461928e-12	0.1	6.366238e-08	1.909614e-20	0.1
8.955598e-08	0.916437	0.1	8.955598e-08	0.001677863	0.1	8.955598e-08	9.677583e-13	0.1	8.955598e-08	5.641159e-13	0.1	8.955598e-08	0.08188511	0.1	8.955598e-08	4.330765e-09	0.1	8.955598e-08	3.591335e-11	0.1	8.955598e-08	5.577803e-10	0.1	8.955598e-08	9.319777e-10	0.1	8.955598e-08	3.922206e-11	0.1	8.955598e-08	1.728252e-18	0.1	8.955598e-08	6.276404e-12	0.1	8.955598e-08	2.68622e-20	0.1
1.163628e-07	0.8948244	0.1	1.163628e-07	0.002119288	0.1	1.163628e-07	1.257643e-12	0.1	1.163628e-07	7.240922e-13	0.1	1.163628e-07	0.1030563	0.1	1.163628e-07	5.641707e-09	0.1	1.163628e-07	4.66646e-11	0.1	1.163628e-07	7.250166e-10	0.1	1.163628e-07	1.211178e-09	0.1	1.163628e-07	5.096204e-11	0.1	1.163628e-07	2.245546e-18	0.1	1.163628e-07	8.154738e-12	0.1	1.163628e-07	3.490183e-20	0.1
1.431697e-07	0.8746015	0.1	1.431697e-07	0.00253411	0.1	1.431697e-07	1.547611e-12	0.1	1.431697e-07	8.804464e-13	0.1	1.431697e-07	0.1228644	0.1	1.431697e-07	6.958659e-09	0.1	1.431697e-07	5.741664e-11	0.1	1.431697e-07	8.923703e-10	0.1	1.431697e-07	1.490479e-09	0.1	1.431697e-07	6.270214e-11	0.1	1.431697e-07	2.762844e-18	0.1	1.431697e-07	1.003296e-11	0.1	1.431697e-07	4.294125e-20	0.1
1.73288e-07	0.8534276	0.1	1.73288e-07	0.002969895	0.1	1.73288e-07	1.873491e-12	0.1	1.73288e-07	1.052088e-12	0.1	1.73288e-07	0.1436025	0.1	1.73288e-07	8.444996e-09	0.1	1.73288e-07	6.949785e-11	0.1	1.73288e-07	1.08053e-09	0.1	1.73288e-07	1.804397e-09	0.1	1.73288e-07	7.589273e-11	0.1	1.73288e-07	3.344052e-18	0.1	1.73288e-07	1.214309e-11	0.1	1.73288e-07	5.197359e-20	0.1
2.056139e-07	0.8323937	0.1	2.056139e-07	0.003403939	0.1	2.056139e-07	2.223351e-12	0.1	2.056139e-07	1.231912e-12	0.1	2.056139e-07	0.1642024	0.1	2.056139e-07	1.004762e-08	0.1	2.056139e-07	8.246576e-11	0.1	2.056139e-07	1.282628e-09	0.1	2.056139e-07	2.141453e-09	0.1	2.056139e-07	9.005052e-11	0.1	2.056139e-07	3.967875e-18	0.1	2.056139e-07	1.440778e-11	0.1	2.056139e-07	6.166785e-20	0.1
2.392384e-07	0.8122318	0.1	2.392384e-07	0.003820803	0.1	2.392384e-07	2.587359e-12	0.1	2.392384e-07	1.414507e-12	0.1	2.392384e-07	0.1839474	0.1	2.392384e-07	1.17221e-08	0.1	2.392384e-07	9.59559e-11	0.1	2.392384e-07	1.492995e-09	0.1	2.392384e-07	2.492181e-09	0.1	2.392384e-07	1.047775e-10	0.1	2.392384e-07	4.616778e-18	0.1	2.392384e-07	1.676336e-11	0.1	2.392384e-07	7.175151e-20	0.1
2.780578e-07	0.7909523	0.1	2.780578e-07	0.004261417	0.1	2.780578e-07	3.007701e-12	0.1	2.780578e-07	1.620139e-12	0.1	2.780578e-07	0.2047863	0.1	2.780578e-07	1.366395e-08	0.1	2.780578e-07	1.115317e-10	0.1	2.780578e-07	1.73604e-09	0.1	2.780578e-07	2.897249e-09	0.1	2.780578e-07	1.217803e-10	0.1	2.780578e-07	5.365958e-18	0.1	2.780578e-07	1.948277e-11	0.1	2.780578e-07	8.339298e-20	0.1
3.184314e-07	0.7708895	0.1	3.184314e-07	0.004677276	0.1	3.184314e-07	3.444961e-12	0.1	3.184314e-07	1.828663e-12	0.1	3.184314e-07	0.2244332	0.1	3.184314e-07	1.569256e-08	0.1	3.184314e-07	1.277328e-10	0.1	3.184314e-07	1.989001e-09	0.1	3.184314e-07	3.318695e-09	0.1	3.184314e-07	1.394644e-10	0.1	3.184314e-07	6.145161e-18	0.1	3.184314e-07	2.231095e-11	0.1	3.184314e-07	9.550054e-20	0.1
3.650222e-07	0.7501005	0.1	3.650222e-07	0.005108504	0.1	3.650222e-07	3.949638e-12	0.1	3.650222e-07	2.063211e-12	0.1	3.650222e-07	0.244791	0.1	3.650222e-07	1.804385e-08	0.1	3.650222e-07	1.464305e-10	0.1	3.650222e-07	2.281128e-09	0.1	3.650222e-07	3.805222e-09	0.1	3.650222e-07	1.598723e-10	0.1	3.650222e-07	7.04439e-18	0.1	3.650222e-07	2.557454e-11	0.1	3.650222e-07	1.094725e-19	0.1
4.135788e-07	0.7308438	0.1	4.135788e-07	0.00550814	0.1	4.135788e-07	4.475674e-12	0.1	4.135788e-07	2.301474e-12	0.1	4.135788e-07	0.263648	0.1	4.135788e-07	2.050484e-08	0.1	4.135788e-07	1.659192e-10	0.1	4.135788e-07	2.5858e-09	0.1	4.135788e-07	4.312464e-09	0.1	4.135788e-07	1.811421e-10	0.1	4.135788e-07	7.981599e-18	0.1	4.135788e-07	2.897571e-11	0.1	4.135788e-07	1.240341e-19	0.1
4.699989e-07	0.7111948	0.1	4.699989e-07	0.005916046	0.1	4.699989e-07	5.086939e-12	0.1	4.699989e-07	2.571362e-12	0.1	4.699989e-07	0.2828892	0.1	4.699989e-07	2.337625e-08	0.1	4.699989e-07	1.885661e-10	0.1	4.699989e-07	2.940062e-09	0.1	4.699989e-07	4.902061e-09	0.1	4.699989e-07	2.05857e-10	0.1	4.699989e-07	9.07063e-18	0.1	4.699989e-07	3.292756e-11	0.1	4.699989e-07	1.409538e-19	0.1
5.26419e-07	0.6941106	0.1	5.26419e-07	0.00627077	0.1	5.26419e-07	5.698206e-12	0.1	5.26419e-07	2.834735e-12	0.1	5.26419e-07	0.2996186	0.1	5.26419e-07	2.625884e-08	0.1	5.26419e-07	2.112151e-10	0.1	5.26419e-07	3.29456e-09	0.1	5.26419e-07	5.491852e-09	0.1	5.26419e-07	2.305725e-10	0.1	5.26419e-07	1.015971e-17	0.1	5.26419e-07	3.687927e-11	0.1	5.26419e-07	1.578736e-19	0.1
5.828391e-07	0.6792566	0.1	5.828391e-07	0.00657922	0.1	5.828391e-07	6.309436e-12	0.1	5.828391e-07	3.092484e-12	0.1	5.828391e-07	0.3141641	0.1	5.828391e-07	2.915114e-08	0.1	5.828391e-07	2.33866e-10	0.1	5.828391e-07	3.649268e-09	0.1	5.828391e-07	6.081811e-09	0.1	5.828391e-07	2.552884e-10	0.1	5.828391e-07	1.124883e-17	0.1	5.828391e-07	4.083086e-11	0.1	5.828391e-07	1.747933e-19	0.1
6.392592e-07	0.6663416	0.1	6.392592e-07	0.006847421	0.1	6.392592e-07	6.920596e-12	0.1	6.392592e-07	3.345381e-12	0.1	6.392592e-07	0.3268109	0.1	6.392592e-07	3.205188e-08	0.1	6.392592e-07	2.565185e-10	0.1	6.392592e-07	4.004159e-09	0.1	6.392592e-07	6.671913e-09	0.1	6.392592e-07	2.800046e-10	0.1	6.392592e-07	1.233798e-17	0.1	6.392592e-07	4.478233e-11	0.1	6.392592e-07	1.91713e-19	0.1
7.049205e-07	0.6534184	0.1	7.049205e-07	0.0071158	0.1	7.049205e-07	7.631732e-12	0.1	7.049205e-07	3.634478e-12	0.1	7.049205e-07	0.3394658	0.1	7.049205e-07	3.543692e-08	0.1	7.049205e-07	2.82883e-10	0.1	7.049205e-07	4.417382e-09	0.1	7.049205e-07	7.358821e-09	0.1	7.049205e-07	3.087693e-10	0.1	7.049205e-07	1.360558e-17	0.1	7.049205e-07	4.938087e-11	0.1	7.049205e-07	2.114039e-19	0.1
7.728921e-07	0.6420818	0.1	7.728921e-07	0.007351232	0.1	7.728921e-07	8.367707e-12	0.1	7.728921e-07	3.928748e-12	0.1	7.728921e-07	0.3505669	0.1	7.728921e-07	3.894995e-08	0.1	7.728921e-07	3.101768e-10	0.1	7.728921e-07	4.845346e-09	0.1	7.728921e-07	8.07004e-09	0.1	7.728921e-07	3.38546e-10	0.1	7.728921e-07	1.491783e-17	0.1	7.728921e-07	5.414106e-11	0.1	7.728921e-07	2.317876e-19	0.1
8.408637e-07	0.6325034	0.1	8.408637e-07	0.007550153	0.1	8.408637e-07	9.103459e-12	0.1	8.408637e-07	4.21878e-12	0.1	8.408637e-07	0.3599464	0.1	8.408637e-07	4.247063e-08	0.1	8.408637e-07	3.374721e-10	0.1	8.408637e-07	5.273486e-09	0.1	8.408637e-07	8.781378e-09	0.1	8.408637e-07	3.683224e-10	0.1	8.408637e-07	1.623013e-17	0.1	8.408637e-07	5.890109e-11	0.1	8.408637e-07	2.521712e-19	0.1
9.088353e-07	0.6244104	0.1	9.088353e-07	0.007718226	0.1	9.088353e-07	9.838957e-12	0.1	9.088353e-07	4.505295e-12	0.1	9.088353e-07	0.3678713	0.1	9.088353e-07	4.599778e-08	0.1	9.088353e-07	3.647686e-10	0.1	9.088353e-07	5.70178e-09	0.1	9.088353e-07	9.49281e-09	0.1	9.088353e-07	3.980984e-10	0.1	9.088353e-07	1.754247e-17	0.1	9.088353e-07	6.366095e-11	0.1	9.088353e-07	2.725547e-19	0.1
9.768069e-07	0.6175725	0.1	9.768069e-07	0.007860233	0.1	9.768069e-07	1.057417e-11	0.1	9.768069e-07	4.788906e-12	0.1	9.768069e-07	0.3745671	0.1	9.768069e-07	4.953038e-08	0.1	9.768069e-07	3.920662e-10	0.1	9.768069e-07	6.130209e-09	0.1	9.768069e-07	1.020431e-08	0.1	9.768069e-07	4.278738e-10	0.1	9.768069e-07	1.885486e-17	0.1	9.768069e-07	6.842066e-11	0.1	9.768069e-07	2.92938e-19	0.1
1.044779e-06	0.6117951	0.1	1.044779e-06	0.007980218	0.1	1.044779e-06	1.130909e-11	0.1	1.044779e-06	5.070129e-12	0.1	1.044779e-06	0.3802246	0.1	1.044779e-06	5.30676e-08	0.1	1.044779e-06	4.193646e-10	0.1	1.044779e-06	6.558755e-09	0.1	1.044779e-06	1.091588e-08	0.1	1.044779e-06	4.576484e-10	0.1	1.044779e-06	2.016728e-17	0.1	1.044779e-06	7.318021e-11	0.1	1.044779e-06	3.133211e-19	0.1
1.118357e-06	0.6065466	0.1	1.118357e-06	0.008089219	0.1	1.118357e-06	1.210426e-11	0.1	1.118357e-06	5.372362e-12	0.1	1.118357e-06	0.3853641	0.1	1.118357e-06	5.690097e-08	0.1	1.118357e-06	4.489156e-10	0.1	1.118357e-06	7.022769e-09	0.1	1.118357e-06	1.168618e-08	0.1	1.118357e-06	4.89878e-10	0.1	1.118357e-06	2.158802e-17	0.1	1.118357e-06	7.833219e-11	0.1	1.118357e-06	3.353854e-19	0.1
1.200346e-06	0.6017222	0.1	1.200346e-06	0.00818941	0.1	1.200346e-06	1.298986e-11	0.1	1.200346e-06	5.707011e-12	0.1	1.200346e-06	0.3900883	0.1	1.200346e-06	6.117696e-08	0.1	1.200346e-06	4.818453e-10	0.1	1.200346e-06	7.539948e-09	0.1	1.200346e-06	1.254457e-08	0.1	1.200346e-06	5.257902e-10	0.1	1.200346e-06	2.317121e-17	0.1	1.200346e-06	8.407283e-11	0.1	1.200346e-06	3.599714e-19	0.1
1.282335e-06	0.5977853	0.1	1.282335e-06	0.008271171	0.1	1.282335e-06	1.387494e-11	0.1	1.282335e-06	6.039926e-12	0.1	1.282335e-06	0.3939434	0.1	1.282335e-06	6.54568e-08	0.1	1.282335e-06	5.147757e-10	0.1	1.282335e-06	8.057243e-09	0.1	1.282335e-06	1.340298e-08	0.1	1.282335e-06	5.617007e-10	0.1	1.282335e-06	2.475446e-17	0.1	1.282335e-06	8.981322e-11	0.1	1.282335e-06	3.845571e-19	0.1
1.364324e-06	0.5945725	0.1	1.364324e-06	0.008337893	0.1	1.364324e-06	1.475949e-11	0.1	1.364324e-06	6.371538e-12	0.1	1.364324e-06	0.3970895	0.1	1.364324e-06	6.973979e-08	0.1	1.364324e-06	5.477067e-10	0.1	1.364324e-06	8.574642e-09	0.1	1.364324e-06	1.426139e-08	0.1	1.364324e-06	5.976091e-10	0.1	1.364324e-06	2.633777e-17	0.1	1.364324e-06	9.555335e-11	0.1	1.364324e-06	4.091423e-19	0.1
1.446313e-06	0.5919507	0.1	1.446313e-06	0.008392342	0.1	1.446313e-06	1.564349e-11	0.1	1.446313e-06	6.702202e-12	0.1	1.446313e-06	0.3996568	0.1	1.446313e-06	7.402533e-08	0.1	1.446313e-06	5.806382e-10	0.1	1.446313e-06	9.092132e-09	0.1	1.446313e-06	1.511979e-08	0.1	1.446313e-06	6.335154e-10	0.1	1.446313e-06	2.792115e-17	0.1	1.446313e-06	1.012932e-10	0.1	1.446313e-06	4.337272e-19	0.1
1.528302e-06	0.5898112	0.1	1.528302e-06	0.008436776	0.1	1.528302e-06	1.652692e-11	0.1	1.528302e-06	7.032204e-12	0.1	1.528302e-06	0.4017519	0.1	1.528302e-06	7.831297e-08	0.1	1.528302e-06	6.135701e-10	0.1	1.528302e-06	9.609705e-09	0.1	1.528302e-06	1.597817e-08	0.1	1.528302e-06	6.694193e-10	0.1	1.528302e-06	2.950458e-17	0.1	1.528302e-06	1.070328e-10	0.1	1.528302e-06	4.583116e-19	0.1
1.626773e-06	0.587755	0.1	1.626773e-06	0.008479477	0.1	1.626773e-06	1.758721e-11	0.1	1.626773e-06	7.428005e-12	0.1	1.626773e-06	0.4037654	0.1	1.626773e-06	8.346479e-08	0.1	1.626773e-06	6.531228e-10	0.1	1.626773e-06	1.023143e-08	0.1	1.626773e-06	1.700906e-08	0.1	1.626773e-06	7.125379e-10	0.1	1.626773e-06	3.140643e-17	0.1	1.626773e-06	1.139258e-10	0.1	1.626773e-06	4.878377e-19	0.1
1.725245e-06	0.5861443	0.1	1.725245e-06	0.008512928	0.1	1.725245e-06	1.864665e-11	0.1	1.725245e-06	7.823515e-12	0.1	1.725245e-06	0.4053426	0.1	1.725245e-06	8.861853e-08	0.1	1.725245e-06	6.926759e-10	0.1	1.725245e-06	1.085325e-08	0.1	1.725245e-06	1.803989e-08	0.1	1.725245e-06	7.556525e-10	0.1	1.725245e-06	3.330838e-17	0.1	1.725245e-06	1.208184e-10	0.1	1.725245e-06	5.173631e-19	0.1
1.823716e-06	0.5848824	0.1	1.823716e-06	0.008539134	0.1	1.823716e-06	1.970525e-11	0.1	1.823716e-06	8.218992e-12	0.1	1.823716e-06	0.4065783	0.1	1.823716e-06	9.377378e-08	0.1	1.823716e-06	7.322293e-10	0.1	1.823716e-06	1.147517e-08	0.1	1.823716e-06	1.907065e-08	0.1	1.823716e-06	7.987629e-10	0.1	1.823716e-06	3.521043e-17	0.1	1.823716e-06	1.277105e-10	0.1	1.823716e-06	5.468876e-19	0.1
1.922188e-06	0.583894	0.1	1.922188e-06	0.008559662	0.1	1.922188e-06	2.0763e-11	0.1	1.922188e-06	8.614634e-12	0.1	1.922188e-06	0.4075462	0.1	1.922188e-06	9.893021e-08	0.1	1.922188e-06	7.717828e-10	0.1	1.922188e-06	1.209717e-08	0.1	1.922188e-06	2.010131e-08	0.1	1.922188e-06	8.418687e-10	0.1	1.922188e-06	3.711259e-17	0.1	1.922188e-06	1.346022e-10	0.1	1.922188e-06	5.764114e-19	0.1
2.028623e-06	0.5830648	0.1	2.028623e-06	0.008576881	0.1	2.028623e-06	2.190531e-11	0.1	2.028623e-06	9.042639e-12	0.1	2.028623e-06	0.4083581	0.1	2.028623e-06	1.045047e-07	0.1	2.028623e-06	8.145351e-10	0.1	2.028623e-06	1.276957e-08	0.1	2.028623e-06	2.12152e-08	0.1	2.028623e-06	8.884551e-10	0.1	2.028623e-06	3.916869e-17	0.1	2.028623e-06	1.420505e-10	0.1	2.028623e-06	6.083216e-19	0.1
2.147002e-06	0.5823665	0.1	2.147002e-06	0.008591384	0.1	2.147002e-06	2.317464e-11	0.1	2.147002e-06	9.519305e-12	0.1	2.147002e-06	0.4090419	0.1	2.147002e-06	1.107057e-07	0.1	2.147002e-06	8.620856e-10	0.1	2.147002e-06	1.351753e-08	0.1	2.147002e-06	2.245396e-08	0.1	2.147002e-06	9.402628e-10	0.1	2.147002e-06	4.145571e-17	0.1	2.147002e-06	1.50334e-10	0.1	2.147002e-06	6.438118e-19	0.1
2.265382e-06	0.5818458	0.1	2.265382e-06	0.008602198	0.1	2.265382e-06	2.44427e-11	0.1	2.265382e-06	9.996786e-12	0.1	2.265382e-06	0.4095519	0.1	2.265382e-06	1.169074e-07	0.1	2.265382e-06	9.096361e-10	0.1	2.265382e-06	1.42656e-08	0.1	2.265382e-06	2.369253e-08	0.1	2.265382e-06	9.920627e-10	0.1	2.265382e-06	4.374289e-17	0.1	2.265382e-06	1.586167e-10	0.1	2.265382e-06	6.793005e-19	0.1
2.383762e-06	0.5814575	0.1	2.383762e-06	0.008610262	0.1	2.383762e-06	2.57095e-11	0.1	2.383762e-06	1.04752e-11	0.1	2.383762e-06	0.4099321	0.1	2.383762e-06	1.231098e-07	0.1	2.383762e-06	9.571867e-10	0.1	2.383762e-06	1.501379e-08	0.1	2.383762e-06	2.493092e-08	0.1	2.383762e-06	1.043854e-09	0.1	2.383762e-06	4.603026e-17	0.1	2.383762e-06	1.668985e-10	0.1	2.383762e-06	7.147877e-19	0.1
2.512123e-06	0.5811472	0.1	2.512123e-06	0.008616706	0.1	2.512123e-06	2.708169e-11	0.1	2.512123e-06	1.099511e-11	0.1	2.512123e-06	0.4102359	0.1	2.512123e-06	1.298356e-07	0.1	2.512123e-06	1.008747e-09	0.1	2.512123e-06	1.582517e-08	0.1	2.512123e-06	2.627349e-08	0.1	2.512123e-06	1.100003e-09	0.1	2.512123e-06	4.851071e-17	0.1	2.512123e-06	1.758776e-10	0.1	2.512123e-06	7.532653e-19	0.1
2.655457e-06	0.5808995	0.1	2.655457e-06	0.008621849	0.1	2.655457e-06	2.861218e-11	0.1	2.655457e-06	1.157719e-11	0.1	2.655457e-06	0.4104784	0.1	2.655457e-06	1.373463e-07	0.1	2.655457e-06	1.066321e-09	0.1	2.655457e-06	1.673135e-08	0.1	2.655457e-06	2.777235e-08	0.1	2.655457e-06	1.162689e-09	0.1	2.655457e-06	5.128076e-17	0.1	2.655457e-06	1.859027e-10	0.1	2.655457e-06	7.962287e-19	0.1
2.79879e-06	0.5807259	0.1	2.79879e-06	0.008625454	0.1	2.79879e-06	3.014081e-11	0.1	2.79879e-06	1.216095e-11	0.1	2.79879e-06	0.4106484	0.1	2.79879e-06	1.448573e-07	0.1	2.79879e-06	1.123895e-09	0.1	2.79879e-06	1.763768e-08	0.1	2.79879e-06	2.927088e-08	0.1	2.79879e-06	1.22536e-09	0.1	2.79879e-06	5.405112e-17	0.1	2.79879e-06	1.959263e-10	0.1	2.79879e-06	8.391894e-19	0.1
2.947909e-06	0.5806002	0.1	2.947909e-06	0.008628064	0.1	2.947909e-06	3.172916e-11	0.1	2.947909e-06	1.277012e-11	0.1	2.947909e-06	0.4107715	0.1	2.947909e-06	1.526718e-07	0.1	2.947909e-06	1.183793e-09	0.1	2.947909e-06	1.858075e-08	0.1	2.947909e-06	3.082951e-08	0.1	2.947909e-06	1.290545e-09	0.1	2.947909e-06	5.693365e-17	0.1	2.947909e-06	2.063527e-10	0.1	2.947909e-06	8.838813e-19	0.1
3.12017e-06	0.5805025	0.1	3.12017e-06	0.008630093	0.1	3.12017e-06	3.356152e-11	0.1	3.12017e-06	1.347623e-11	0.1	3.12017e-06	0.4108671	0.1	3.12017e-06	1.616992e-07	0.1	3.12017e-06	1.252986e-09	0.1	3.12017e-06	1.96704e-08	0.1	3.12017e-06	3.262951e-08	0.1	3.12017e-06	1.365825e-09	0.1	3.12017e-06	6.026397e-17	0.1	3.12017e-06	2.183951e-10	0.1	3.12017e-06	9.35505e-19	0.1
3.292431e-06	0.5804387	0.1	3.292431e-06	0.008631417	0.1	3.292431e-06	3.539119e-11	0.1	3.292431e-06	1.418495e-11	0.1	3.292431e-06	0.4109295	0.1	3.292431e-06	1.707268e-07	0.1	3.292431e-06	1.322179e-09	0.1	3.292431e-06	2.076027e-08	0.1	3.292431e-06	3.442893e-08	0.1	3.292431e-06	1.44108e-09	0.1	3.292431e-06	6.359482e-17	0.1	3.292431e-06	2.304349e-10	0.1	3.292431e-06	9.871243e-19	0.1
3.479191e-06	0.5803944	0.1	3.479191e-06	0.008632338	0.1	3.479191e-06	3.737184e-11	0.1	3.479191e-06	1.495633e-11	0.1	3.479191e-06	0.410973	0.1	3.479191e-06	1.805144e-07	0.1	3.479191e-06	1.397196e-09	0.1	3.479191e-06	2.194213e-08	0.1	3.479191e-06	3.637911e-08	0.1	3.479191e-06	1.522642e-09	0.1	3.479191e-06	6.720664e-17	0.1	3.479191e-06	2.434851e-10	0.1	3.479191e-06	1.043083e-18	0.1
3.687701e-06	0.580364	0.1	3.687701e-06	0.008632969	0.1	3.687701e-06	3.957944e-11	0.1	3.687701e-06	1.582124e-11	0.1	3.687701e-06	0.4110027	0.1	3.687701e-06	1.914419e-07	0.1	3.687701e-06	1.480949e-09	0.1	3.687701e-06	2.326196e-08	0.1	3.687701e-06	3.855549e-08	0.1	3.687701e-06	1.613664e-09	0.1	3.687701e-06	7.123988e-17	0.1	3.687701e-06	2.580511e-10	0.1	3.687701e-06	1.105552e-18	0.1
3.904656e-06	0.5803453	0.1	3.904656e-06	0.008633357	0.1	3.904656e-06	4.187229e-11	0.1	3.904656e-06	1.672534e-11	0.1	3.904656e-06	0.411021	0.1	3.904656e-06	2.028122e-07	0.1	3.904656e-06	1.568094e-09	0.1	3.904656e-06	2.463562e-08	0.1	3.904656e-06	4.081894e-08	0.1	3.904656e-06	1.708329e-09	0.1	3.904656e-06	7.543742e-17	0.1	3.904656e-06	2.732025e-10	0.1	3.904656e-06	1.170542e-18	0.1
4.155392e-06	0.5803332	0.1	4.155392e-06	0.008633608	0.1	4.155392e-06	4.45169e-11	0.1	4.155392e-06	1.777552e-11	0.1	4.155392e-06	0.4110329	0.1	4.155392e-06	2.159531e-07	0.1	4.155392e-06	1.668808e-09	0.1	4.155392e-06	2.622365e-08	0.1	4.155392e-06	4.343337e-08	0.1	4.155392e-06	1.817674e-09	0.1	4.155392e-06	8.028982e-17	0.1	4.155392e-06	2.907068e-10	0.1	4.155392e-06	1.245642e-18	0.1
4.417126e-06	0.5803264	0.1	4.417126e-06	0.008633748	0.1	4.417126e-06	4.727149e-11	0.1	4.417126e-06	1.887784e-11	0.1	4.417126e-06	0.4110395	0.1	4.417126e-06	2.296707e-07	0.1	4.417126e-06	1.773939e-09	0.1	4.417126e-06	2.78819e-08	0.1	4.417126e-06	4.616072e-08	0.1	4.417126e-06	1.931743e-09	0.1	4.417126e-06	8.53566e-17	0.1	4.417126e-06	3.089712e-10	0.1	4.417126e-06	1.324022e-18	0.1
4.722853e-06	0.5803225	0.1	4.722853e-06	0.008633829	0.1	4.722853e-06	5.048132e-11	0.1	4.722853e-06	2.017328e-11	0.1	4.722853e-06	0.4110433	0.1	4.722853e-06	2.456942e-07	0.1	4.722853e-06	1.89674e-09	0.1	4.722853e-06	2.981961e-08	0.1	4.722853e-06	4.934406e-08	0.1	4.722853e-06	2.064885e-09	0.1	4.722853e-06	9.127712e-17	0.1	4.722853e-06	3.302951e-10	0.1	4.722853e-06	1.415557e-18	0.1
5.056314e-06	0.5803205	0.1	5.056314e-06	0.008633869	0.1	5.056314e-06	5.397282e-11	0.1	5.056314e-06	2.159587e-11	0.1	5.056314e-06	0.4110452	0.1	5.056314e-06	2.631716e-07	0.1	5.056314e-06	2.03068e-09	0.1	5.056314e-06	3.193406e-08	0.1	5.056314e-06	5.281299e-08	0.1	5.056314e-06	2.209974e-09	0.1	5.056314e-06	9.77375e-17	0.1	5.056314e-06	3.535396e-10	0.1	5.056314e-06	1.515372e-18	0.1
5.431377e-06	0.5803196	0.1	5.431377e-06	0.008633888	0.1	5.431377e-06	5.788808e-11	0.1	5.431377e-06	2.320792e-11	0.1	5.431377e-06	0.411046	0.1	5.431377e-06	2.828301e-07	0.1	5.431377e-06	2.181328e-09	0.1	5.431377e-06	3.431351e-08	0.1	5.431377e-06	5.671045e-08	0.1	5.431377e-06	2.37299e-09	0.1	5.431377e-06	1.050075e-16	0.1	5.431377e-06	3.796658e-10	0.1	5.431377e-06	1.627608e-18	0.1
5.889386e-06	0.5803192	0.1	5.889386e-06	0.008633896	0.1	5.889386e-06	6.265231e-11	0.1	5.889386e-06	2.519368e-11	0.1	5.889386e-06	0.4110464	0.1	5.889386e-06	3.068372e-07	0.1	5.889386e-06	2.365292e-09	0.1	5.889386e-06	3.722099e-08	0.1	5.889386e-06	6.146331e-08	0.1	5.889386e-06	2.571789e-09	0.1	5.889386e-06	1.13891e-16	0.1	5.889386e-06	4.115415e-10	0.1	5.889386e-06	1.764615e-18	0.1
6.42026e-06	0.580319	0.1	6.42026e-06	0.008633898	0.1	6.42026e-06	6.815129e-11	0.1	6.42026e-06	2.751892e-11	0.1	6.42026e-06	0.4110465	0.1	6.42026e-06	3.346651e-07	0.1	6.42026e-06	2.57852e-09	0.1	6.42026e-06	4.059361e-08	0.1	6.42026e-06	6.696255e-08	0.1	6.42026e-06	2.801815e-09	0.1	6.42026e-06	1.241963e-16	0.1	6.42026e-06	4.484463e-10	0.1	6.42026e-06	1.923345e-18	0.1
7.040054e-06	0.5803189	0.1	7.040054e-06	0.008633899	0.1	7.040054e-06	7.453997e-11	0.1	7.040054e-06	3.026558e-11	0.1	7.040054e-06	0.4110466	0.1	7.040054e-06	3.671566e-07	0.1	7.040054e-06	2.827458e-09	0.1	7.040054e-06	4.453477e-08	0.1	7.040054e-06	7.33685e-08	0.1	7.040054e-06	3.069778e-09	0.1	7.040054e-06	1.3624e-16	0.1	7.040054e-06	4.914703e-10	0.1	7.040054e-06	2.108551e-18	0.1
7.821222e-06	0.5803189	0.1	7.821222e-06	0.008633898	0.1	7.821222e-06	8.254422e-11	0.1	7.821222e-06	3.37762e-11	0.1	7.821222e-06	0.4110465	0.1	7.821222e-06	4.081122e-07	0.1	7.821222e-06	3.141206e-09	0.1	7.821222e-06	4.950798e-08	0.1	7.821222e-06	8.141813e-08	0.1	7.821222e-06	3.406517e-09	0.1	7.821222e-06	1.514405e-16	0.1	7.821222e-06	5.455916e-10	0.1	7.821222e-06	2.341794e-18	0.1
8.890156e-06	0.5803188	0.1	8.890156e-06	0.008633897	0.1	8.890156e-06	9.341118e-11	0.1	8.890156e-06	3.866789e-11	0.1	8.890156e-06	0.4110465	0.1	8.890156e-06	4.641644e-07	0.1	8.890156e-06	3.570519e-09	0.1	8.890156e-06	5.632445e-08	0.1	8.890156e-06	9.238447e-08	0.1	8.890156e-06	3.865307e-09	0.1	8.890156e-06	1.722823e-16	0.1	8.890156e-06	6.194396e-10	0.1	8.890156e-06	2.660586e-18	0.1
1.04684e-05	0.5803187	0.1	1.04684e-05	0.008633896	0.1	1.04684e-05	1.092763e-10	0.1	1.04684e-05	4.607465e-11	0.1	1.04684e-05	0.4110464	0.1	1.04684e-05	5.469476e-07	0.1	1.04684e-05	4.204353e-09	0.1	1.04684e-05	6.641435e-08	0.1	1.04684e-05	1.084594e-07	0.1	1.04684e-05	4.537911e-09	0.1	1.04684e-05	2.031547e-16	0.1	1.04684e-05	7.279686e-10	0.1	1.04684e-05	3.130375e-18	0.1
1.314956e-05	0.5803186	0.1	1.314956e-05	0.008633894	0.1	1.314956e-05	1.357446e-10	0.1	1.314956e-05	5.915622e-11	0.1	1.314956e-05	0.4110463	0.1	1.314956e-05	6.876641e-07	0.1	1.314956e-05	5.281021e-09	0.1	1.314956e-05	8.363263e-08	0.1	1.314956e-05	1.353922e-07	0.1	1.314956e-05	5.665127e-09	0.1	1.314956e-05	2.559237e-16	0.1	1.314956e-05	9.107081e-10	0.1	1.314956e-05	3.925544e-18	0.1
1.851189e-05	0.5803183	0.1	1.851189e-05	0.00863389	0.1	1.851189e-05	1.869038e-10	0.1	1.851189e-05	8.716838e-11	0.1	1.851189e-05	0.4110462	0.1	1.851189e-05	9.695142e-07	0.1	1.851189e-05	7.433843e-09	0.1	1.851189e-05	1.18408e-07	0.1	1.851189e-05	1.874807e-07	0.1	1.851189e-05	7.846564e-09	0.1	1.851189e-05	3.629823e-16	0.1	1.851189e-05	1.268416e-09	0.1	1.851189e-05	5.50178e-18	0.1
2.923653e-05	0.5803178	0.1	2.923653e-05	0.008633882	0.1	2.923653e-05	2.824796e-10	0.1	2.923653e-05	1.503119e-10	0.1	2.923653e-05	0.4110458	0.1	2.923653e-05	1.535548e-06	0.1	2.923653e-05	1.173646e-08	0.1	2.923653e-05	1.896074e-07	0.1	2.923653e-05	2.822944e-07	0.1	2.923653e-05	1.182455e-08	0.1	2.923653e-05	5.850961e-16	0.1	2.923653e-05	1.942203e-09	0.1	2.923653e-05	8.575666e-18	0.1
4.711095e-05	0.580317	0.1	4.711095e-05	0.00863387	0.1	4.711095e-05	4.236169e-10	0.1	4.711095e-05	2.75081e-10	0.1	4.711095e-05	0.4110452	0.1	4.711095e-05	2.487748e-06	0.1	4.711095e-05	1.889303e-08	0.1	4.711095e-05	3.140028e-07	0.1	4.711095e-05	4.061352e-07	0.1	4.711095e-05	1.704632e-08	0.1	4.711095e-05	9.844678e-16	0.1	4.711095e-05	2.906547e-09	0.1	4.711095e-05	1.336993e-17	0.1
7.185911e-05	0.5803158	0.1	7.185911e-05	0.008633853	0.1	7.185911e-05	5.867787e-10	0.1	7.185911e-05	4.827943e-10	0.1	7.185911e-05	0.4110444	0.1	7.185911e-05	3.823349e-06	0.1	7.185911e-05	2.875289e-08	0.1	7.185911e-05	4.976846e-07	0.1	7.185911e-05	5.101863e-07	0.1	7.185911e-05	2.148499e-08	0.1	7.185911e-05	1.595126e-15	0.1	7.185911e-05	3.897857e-09	0.1	7.185911e-05	1.915662e-17	0.1
8.698289e-05	0.5803152	0.1	8.698289e-05	0.008633843	0.1	8.698289e-05	6.708386e-10	0.1	8.698289e-05	6.265161e-10	0.1	8.698289e-05	0.4110439	0.1	8.698289e-05	4.646322e-06	0.1	8.698289e-05	3.473833e-08	0.1	8.698289e-05	6.151541e-07	0.1	8.698289e-05	5.455656e-07	0.1	8.698289e-05	2.302059e-08	0.1	8.698289e-05	1.9926e-15	0.1	8.698289e-05	4.337945e-09	0.1	8.698289e-05	2.218714e-17	0.1
0.0001092841	0.5803142	0.1	0.0001092841	0.008633829	0.1	0.0001092841	7.766352e-10	0.1	0.0001092841	8.575386e-10	0.1	0.0001092841	0.4110432	0.1	0.0001092841	5.864519e-06	0.1	0.0001092841	4.349145e-08	0.1	0.0001092841	7.935448e-07	0.1	0.0001092841	5.74621e-07	0.1	0.0001092841	2.430926e-08	0.1	0.0001092841	2.598867e-15	0.1	0.0001092841	4.82065e-09	0.1	0.0001092841	2.601887e-17	0.1
0.0001417875	0.5803128	0.1	0.0001417875	0.008633808	0.1	0.0001417875	8.989692e-10	0.1	0.0001417875	1.227137e-09	0.1	0.0001417875	0.4110422	0.1	0.0001417875	7.642757e-06	0.1	0.0001417875	5.605374e-08	0.1	0.0001417875	1.061446e-06	0.1	0.0001417875	5.919207e-07	0.1	0.0001417875	2.511211e-08	0.1	0.0001417875	3.504901e-15	0.1	0.0001417875	5.288102e-09	0.1	0.0001417875	3.046977e-17	0.1
0.0001797081	0.5803112	0.1	0.0001797081	0.008633784	0.1	0.0001797081	1.004861e-09	0.1	0.0001797081	1.695774e-09	0.1	0.0001797081	0.4110411	0.1	0.0001797081	9.714583e-06	0.1	0.0001797081	7.034496e-08	0.1	0.0001797081	1.38281e-06	0.1	0.0001797081	5.979194e-07	0.1	0.0001797081	2.541936e-08	0.1	0.0001797081	4.575614e-15	0.1	0.0001797081	5.625004e-09	0.1	0.0001797081	3.436852e-17	0.1
0.0002067943	0.5803101	0.1	0.0002067943	0.008633767	0.1	0.0002067943	1.062099e-09	0.1	0.0002067943	2.049059e-09	0.1	0.0002067943	0.4110403	0.1	0.0002067943	1.119076e-05	0.1	0.0002067943	8.026734e-08	0.1	0.0002067943	1.617335e-06	0.1	0.0002067943	5.991968e-07	0.1	0.0002067943	2.549675e-08	0.1	0.0002067943	5.343976e-15	0.1	0.0002067943	5.783812e-09	0.1	0.0002067943	3.651546e-17	0.1
0.0002445766	0.5803085	0.1	0.0002445766	0.008633744	0.1	0.0002445766	1.122811e-09	0.1	0.0002445766	2.561073e-09	0.1	0.0002445766	0.4110392	0.1	0.0002445766	1.324386e-05	0.1	0.0002445766	9.365297e-08	0.1	0.0002445766	1.951002e-06	0.1	0.0002445766	5.997304e-07	0.1	0.0002445766	2.553888e-08	0.1	0.0002445766	6.418182e-15	0.1	0.0002445766	5.934696e-09	0.1	0.0002445766	3.884834e-17	0.1
0.0002990519	0.5803062	0.1	0.0002990519	0.008633709	0.1	0.0002990519	1.182204e-09	0.1	0.0002990519	3.327553e-09	0.1	0.0002990519	0.4110375	0.1	0.0002990519	1.619123e-05	0.1	0.0002990519	1.119081e-07	0.1	0.0002990519	2.445187e-06	0.1	0.0002990519	5.998321e-07	0.1	0.0002990519	2.55567e-08	0.1	0.0002990519	7.970308e-15	0.1	0.0002990519	6.063183e-09	0.1	0.0002990519	4.122895e-17	0.1
0.0003777301	0.5803028	0.1	0.0003777301	0.008633659	0.1	0.0003777301	1.231362e-09	0.1	0.0003777301	4.471369e-09	0.1	0.0003777301	0.4110352	0.1	0.0003777301	2.042116e-05	0.1	0.0003777301	1.358615e-07	0.1	0.0003777301	3.185932e-06	0.1	0.0003777301	5.997974e-07	0.1	0.0003777301	2.556217e-08	0.1	0.0003777301	1.021791e-14	0.1	0.0003777301	6.151595e-09	0.1	0.0003777301	4.335944e-17	0.1
0.0004956777	0.5802978	0.1	0.0004956777	0.008633585	0.1	0.0004956777	1.264042e-09	0.1	0.0004956777	6.227471e-09	0.1	0.0004956777	0.4110316	0.1	0.0004956777	2.6703e-05	0.1	0.0004956777	1.661041e-07	0.1	0.0004956777	4.355629e-06	0.1	0.0004956777	5.997663e-07	0.1	0.0004956777	2.556373e-08	0.1	0.0004956777	1.359991e-14	0.1	0.0004956777	6.197026e-09	0.1	0.0004956777	4.502964e-17	0.1
0.0006922569	0.5802893	0.1	0.0006922569	0.008633458	0.1	0.0006922569	1.27949e-09	0.1	0.0006922569	9.194318e-09	0.1	0.0006922569	0.4110256	0.1	0.0006922569	3.701662e-05	0.1	0.0006922569	2.022079e-07	0.1	0.0006922569	6.461083e-06	0.1	0.0006922569	5.997549e-07	0.1	0.0006922569	2.556506e-08	0.1	0.0006922569	1.926751e-14	0.1	0.0006922569	6.211988e-09	0.1	0.0006922569	4.623628e-17	0.1
0.0009420104	0.5802784	0.1	0.0009420104	0.008633296	0.1	0.0009420104	1.282726e-09	0.1	0.0009420104	1.298181e-08	0.1	0.0009420104	0.4110179	0.1	0.0009420104	4.984359e-05	0.1	0.0009420104	2.283114e-07	0.1	0.0009420104	9.412233e-06	0.1	0.0009420104	5.997504e-07	0.1	0.0009420104	2.556624e-08	0.1	0.0009420104	2.651178e-14	0.1	0.0009420104	6.214073e-09	0.1	0.0009420104	4.690206e-17	0.1
0.001279627	0.5802634	0.1	0.001279627	0.008633073	0.1	0.001279627	1.283262e-09	0.1	0.001279627	1.810847e-08	0.1	0.001279627	0.4110073	0.1	0.001279627	6.670335e-05	0.1	0.001279627	2.437217e-07	0.1	0.001279627	1.388076e-05	0.1	0.001279627	5.997434e-07	0.1	0.001279627	2.556686e-08	0.1	0.001279627	3.63524e-14	0.1	0.001279627	6.214434e-09	0.1	0.001279627	4.730085e-17	0.1
0.001639208	0.5802471	0.1	0.001639208	0.008632831	0.1	0.001639208	1.283433e-09	0.1	0.001639208	2.357252e-08	0.1	0.001639208	0.4109957	0.1	0.001639208	8.407152e-05	0.1	0.001639208	2.493884e-07	0.1	0.001639208	1.922777e-05	0.1	0.001639208	5.997342e-07	0.1	0.001639208	2.556683e-08	0.1	0.001639208	4.686598e-14	0.1	0.001639208	6.214483e-09	0.1	0.001639208	4.745977e-17	0.1
0.002062141	0.5802275	0.1	0.002062141	0.008632539	0.1	0.002062141	1.283595e-09	0.1	0.002062141	3.000355e-08	0.1	0.002062141	0.4109818	0.1	0.002062141	0.0001037499	0.1	0.002062141	2.513658e-07	0.1	0.002062141	2.62655e-05	0.1	0.002062141	5.997223e-07	0.1	0.002062141	2.556645e-08	0.1	0.002062141	5.92567e-14	0.1	0.002062141	6.214409e-09	0.1	0.002062141	4.75173e-17	0.1
0.002586356	0.5802026	0.1	0.002586356	0.008632169	0.1	0.002586356	1.28379e-09	0.1	0.002586356	3.798074e-08	0.1	0.002586356	0.4109642	0.1	0.002586356	0.0001270616	0.1	0.002586356	2.51925e-07	0.1	0.002586356	3.606597e-05	0.1	0.002586356	5.997067e-07	0.1	0.002586356	2.556582e-08	0.1	0.002586356	7.464203e-14	0.1	0.002586356	6.21426e-09	0.1	0.002586356	4.753307e-17	0.1
0.003283745	0.5801685	0.1	0.003283745	0.008631661	0.1	0.003283745	1.284046e-09	0.1	0.003283745	4.860292e-08	0.1	0.003283745	0.41094	0.1	0.003283745	0.0001563169	0.1	0.003283745	2.520323e-07	0.1	0.003283745	5.085834e-05	0.1	0.003283745	5.996847e-07	0.1	0.003283745	2.556488e-08	0.1	0.003283745	9.515174e-14	0.1	0.003283745	6.214033e-09	0.1	0.003283745	4.753484e-17	0.1
0.004236334	0.5801201	0.1	0.004236334	0.008630941	0.1	0.004236334	1.284393e-09	0.1	0.004236334	6.312856e-08	0.1	0.004236334	0.4109057	0.1	0.004236334	0.0001932513	0.1	0.004236334	2.520337e-07	0.1	0.004236334	7.408417e-05	0.1	0.004236334	5.996528e-07	0.1	0.004236334	2.556351e-08	0.1	0.004236334	1.232419e-13	0.1	0.004236334	6.213702e-09	0.1	0.004236334	4.753274e-17	0.1
0.005512461	0.5800524	0.1	0.005512461	0.008629933	0.1	0.005512461	1.284852e-09	0.1	0.005512461	8.261386e-08	0.1	0.005512461	0.4108578	0.1	0.005512461	0.0002377383	0.1	0.005512461	2.520153e-07	0.1	0.005512461	0.0001101785	0.1	0.005512461	5.996071e-07	0.1	0.005512461	2.556156e-08	0.1	0.005512461	1.610076e-13	0.1	0.005512461	6.213226e-09	0.1	0.005512461	4.752913e-17	0.1
0.00761122	0.5799347	0.1	0.00761122	0.008628183	0.1	0.00761122	1.285596e-09	0.1	0.00761122	1.147138e-07	0.1	0.00761122	0.4107744	0.1	0.00761122	0.0003000563	0.1	0.00761122	2.519809e-07	0.1	0.00761122	0.0001803548	0.1	0.00761122	5.995254e-07	0.1	0.00761122	2.555806e-08	0.1	0.00761122	2.234541e-13	0.1	0.00761122	6.212376e-09	0.1	0.00761122	4.752264e-17	0.1
0.009709979	0.5798106	0.1	0.009709979	0.008626336	0.1	0.009709979	1.286326e-09	0.1	0.009709979	1.468654e-07	0.1	0.009709979	0.4106865	0.1	0.009709979	0.0003510269	0.1	0.009709979	2.519437e-07	0.1	0.009709979	0.0002618353	0.1	0.009709979	5.994369e-07	0.1	0.009709979	2.555428e-08	0.1	0.009709979	2.86317e-13	0.1	0.009709979	6.211457e-09	0.1	0.009709979	4.751561e-17	0.1
0.01253912	0.5796349	0.1	0.01253912	0.008623722	0.1	0.01253912	1.287294e-09	0.1	0.01253912	1.902623e-07	0.1	0.01253912	0.4105621	0.1	0.01253912	0.0004053575	0.1	0.01253912	2.518899e-07	0.1	0.01253912	0.0003859763	0.1	0.01253912	5.99309e-07	0.1	0.01253912	2.554882e-08	0.1	0.01253912	3.717134e-13	0.1	0.01253912	6.210129e-09	0.1	0.01253912	4.750545e-17	0.1
0.01555086	0.5794399	0.1	0.01555086	0.00862082	0.1	0.01555086	1.288307e-09	0.1	0.01555086	2.365025e-07	0.1	0.01555086	0.4104239	0.1	0.01555086	0.000449078	0.1	0.01555086	2.518291e-07	0.1	0.01555086	0.0005321483	0.1	0.01555086	5.991645e-07	0.1	0.01555086	2.554265e-08	0.1	0.01555086	4.634479e-13	0.1	0.01555086	6.208629e-09	0.1	0.01555086	4.749398e-17	0.1
0.0185626	0.5792386	0.1	0.0185626	0.008617825	0.1	0.0185626	1.289308e-09	0.1	0.0185626	2.827615e-07	0.1	0.0185626	0.4102813	0.1	0.0185626	0.0004818114	0.1	0.0185626	2.517656e-07	0.1	0.0185626	0.0006892028	0.1	0.0185626	5.990134e-07	0.1	0.0185626	2.55362e-08	0.1	0.0185626	5.560326e-13	0.1	0.0185626	6.207062e-09	0.1	0.0185626	4.748199e-17	0.1
0.02157434	0.5790326	0.1	0.02157434	0.008614761	0.1	0.02157434	1.290298e-09	0.1	0.02157434	3.290201e-07	0.1	0.02157434	0.4101355	0.1	0.02157434	0.0005063045	0.1	0.02157434	2.517e-07	0.1	0.02157434	0.0008543906	0.1	0.02157434	5.988574e-07	0.1	0.02157434	2.552955e-08	0.1	0.02157434	6.494653e-13	0.1	0.02157434	6.205445e-09	0.1	0.02157434	4.746962e-17	0.1
0.02458607	0.5788232	0.1	0.02458607	0.008611645	0.1	0.02458607	1.291281e-09	0.1	0.02458607	3.752641e-07	0.1	0.02458607	0.4099871	0.1	0.02458607	0.0005246176	0.1	0.02458607	2.516329e-07	0.1	0.02458607	0.00102565	0.1	0.02458607	5.986979e-07	0.1	0.02458607	2.552274e-08	0.1	0.02458607	7.437441e-13	0.1	0.02458607	6.20379e-09	0.1	0.02458607	4.745697e-17	0.1
0.02759781	0.5786112	0.1	0.02759781	0.008608491	0.1	0.02759781	1.292256e-09	0.1	0.02759781	4.214828e-07	0.1	0.02759781	0.409837	0.1	0.02759781	0.000538296	0.1	0.02759781	2.515647e-07	0.1	0.02759781	0.001201435	0.1	0.02759781	5.985356e-07	0.1	0.02759781	2.551582e-08	0.1	0.02759781	8.388671e-13	0.1	0.02759781	6.202108e-09	0.1	0.02759781	4.74441e-17	0.1
0.03060955	0.5783973	0.1	0.03060955	0.008605309	0.1	0.03060955	1.293227e-09	0.1	0.03060955	4.676684e-07	0.1	0.03060955	0.4096855	0.1	0.03060955	0.0005484987	0.1	0.03060955	2.514956e-07	0.1	0.03060955	0.001380586	0.1	0.03060955	5.983713e-07	0.1	0.03060955	2.550881e-08	0.1	0.03060955	9.348327e-13	0.1	0.03060955	6.200405e-09	0.1	0.03060955	4.743107e-17	0.1
0.03387245	0.5781641	0.1	0.03387245	0.008601839	0.1	0.03387245	1.294274e-09	0.1	0.03387245	5.176615e-07	0.1	0.03387245	0.4095202	0.1	0.03387245	0.0005566324	0.1	0.03387245	2.514201e-07	0.1	0.03387245	0.001577474	0.1	0.03387245	5.981917e-07	0.1	0.03387245	2.550115e-08	0.1	0.03387245	1.03975e-12	0.1	0.03387245	6.198544e-09	0.1	0.03387245	4.741683e-17	0.1
0.0375121	0.5779025	0.1	0.0375121	0.008597948	0.1	0.0375121	1.295436e-09	0.1	0.0375121	5.733664e-07	0.1	0.0375121	0.409335	0.1	0.0375121	0.0005630885	0.1	0.0375121	2.513353e-07	0.1	0.0375121	0.001799561	0.1	0.0375121	5.979899e-07	0.1	0.0375121	2.549255e-08	0.1	0.0375121	1.157942e-12	0.1	0.0375121	6.196452e-09	0.1	0.0375121	4.740083e-17	0.1
0.04115175	0.57764	0.1	0.04115175	0.008594042	0.1	0.04115175	1.296595e-09	0.1	0.04115175	6.290022e-07	0.1	0.04115175	0.4091491	0.1	0.04115175	0.0005675701	0.1	0.04115175	2.5125e-07	0.1	0.04115175	0.002023463	0.1	0.04115175	5.97787e-07	0.1	0.04115175	2.54839e-08	0.1	0.04115175	1.277356e-12	0.1	0.04115175	6.19435e-09	0.1	0.04115175	4.738475e-17	0.1
0.04493883	0.5773662	0.1	0.04493883	0.008589969	0.1	0.04493883	1.297796e-09	0.1	0.04493883	6.868143e-07	0.1	0.04493883	0.4089551	0.1	0.04493883	0.0005707593	0.1	0.04493883	2.51161e-07	0.1	0.04493883	0.00225774	0.1	0.04493883	5.975752e-07	0.1	0.04493883	2.547487e-08	0.1	0.04493883	1.402899e-12	0.1	0.04493883	6.192154e-09	0.1	0.04493883	4.736796e-17	0.1
0.04931563	0.5770493	0.1	0.04931563	0.008585254	0.1	0.04931563	1.299181e-09	0.1	0.04931563	7.535269e-07	0.1	0.04931563	0.4087306	0.1	0.04931563	0.0005731568	0.1	0.04931563	2.510578e-07	0.1	0.04931563	0.002529572	0.1	0.04931563	5.973297e-07	0.1	0.04931563	2.54644e-08	0.1	0.04931563	1.549628e-12	0.1	0.04931563	6.189611e-09	0.1	0.04931563	4.73485e-17	0.1
0.05369243	0.5767321	0.1	0.05369243	0.008580534	0.1	0.05369243	1.300561e-09	0.1	0.05369243	8.201274e-07	0.1	0.05369243	0.408506	0.1	0.05369243	0.0005746261	0.1	0.05369243	2.509545e-07	0.1	0.05369243	0.002802105	0.1	0.05369243	5.97084e-07	0.1	0.05369243	2.545393e-08	0.1	0.05369243	1.698106e-12	0.1	0.05369243	6.187064e-09	0.1	0.05369243	4.732902e-17	0.1
0.05843769	0.5763881	0.1	0.05843769	0.008575416	0.1	0.05843769	1.302053e-09	0.1	0.05843769	8.92206e-07	0.1	0.05843769	0.4082623	0.1	0.05843769	0.0005755362	0.1	0.05843769	2.508424e-07	0.1	0.05843769	0.003098007	0.1	0.05843769	5.968173e-07	0.1	0.05843769	2.544256e-08	0.1	0.05843769	1.861051e-12	0.1	0.05843769	6.184301e-09	0.1	0.05843769	4.730788e-17	0.1
0.06373564	0.5760041	0.1	0.06373564	0.008569703	0.1	0.06373564	1.303714e-09	0.1	0.06373564	9.725199e-07	0.1	0.06373564	0.4079903	0.1	0.06373564	0.0005760204	0.1	0.06373564	2.507173e-07	0.1	0.06373564	0.003428591	0.1	0.06373564	5.965195e-07	0.1	0.06373564	2.542986e-08	0.1	0.06373564	2.045382e-12	0.1	0.06373564	6.181215e-09	0.1	0.06373564	4.728428e-17	0.1
0.06924759	0.5756047	0.1	0.06924759	0.008563762	0.1	0.06924759	1.305437e-09	0.1	0.06924759	1.055897e-06	0.1	0.06924759	0.4077075	0.1	0.06924759	0.0005761604	0.1	0.06924759	2.505871e-07	0.1	0.06924759	0.003772538	0.1	0.06924759	5.962098e-07	0.1	0.06924759	2.541666e-08	0.1	0.06924759	2.239842e-12	0.1	0.06924759	6.178006e-09	0.1	0.06924759	4.725973e-17	0.1
0.07561546	0.5751438	0.1	0.07561546	0.008556904	0.1	0.07561546	1.307421e-09	0.1	0.07561546	1.151993e-06	0.1	0.07561546	0.4073809	0.1	0.07561546	0.0005760539	0.1	0.07561546	2.504368e-07	0.1	0.07561546	0.004169718	0.1	0.07561546	5.958522e-07	0.1	0.07561546	2.540142e-08	0.1	0.07561546	2.467887e-12	0.1	0.07561546	6.174301e-09	0.1	0.07561546	4.723138e-17	0.1
0.08226107	0.5746632	0.1	0.08226107	0.008549753	0.1	0.08226107	1.309485e-09	0.1	0.08226107	1.252017e-06	0.1	0.08226107	0.4070405	0.1	0.08226107	0.0005757722	0.1	0.08226107	2.502801e-07	0.1	0.08226107	0.004583884	0.1	0.08226107	5.954793e-07	0.1	0.08226107	2.538552e-08	0.1	0.08226107	2.709726e-12	0.1	0.08226107	6.170437e-09	0.1	0.08226107	4.720183e-17	0.1
0.09001767	0.5741029	0.1	0.09001767	0.008541418	0.1	0.09001767	1.311884e-09	0.1	0.09001767	1.368424e-06	0.1	0.09001767	0.4066437	0.1	0.09001767	0.0005753293	0.1	0.09001767	2.500974e-07	0.1	0.09001767	0.005066748	0.1	0.09001767	5.950446e-07	0.1	0.09001767	2.536699e-08	0.1	0.09001767	2.99693e-12	0.1	0.09001767	6.165932e-09	0.1	0.09001767	4.716737e-17	0.1
0.09847283	0.5734931	0.1	0.09847283	0.008532346	0.1	0.09847283	1.314489e-09	0.1	0.09847283	1.494899e-06	0.1	0.09847283	0.4062118	0.1	0.09847283	0.0005747787	0.1	0.09847283	2.498985e-07	0.1	0.09847283	0.005592364	0.1	0.09847283	5.945714e-07	0.1	0.09847283	2.534681e-08	0.1	0.09847283	3.316007e-12	0.1	0.09847283	6.161029e-09	0.1	0.09847283	4.712986e-17	0.1
0.1079758	0.5728089	0.1	0.1079758	0.008522166	0.1	0.1079758	1.317403e-09	0.1	0.1079758	1.636533e-06	0.1	0.1079758	0.4057271	0.1	0.1079758	0.0005741231	0.1	0.1079758	2.496753e-07	0.1	0.1079758	0.006182159	0.1	0.1079758	5.940404e-07	0.1	0.1079758	2.532418e-08	0.1	0.1079758	3.682033e-12	0.1	0.1079758	6.155526e-09	0.1	0.1079758	4.708776e-17	0.1
0.1195574	0.5719766	0.1	0.1195574	0.008509783	0.1	0.1195574	1.320934e-09	0.1	0.1195574	1.808411e-06	0.1	0.1195574	0.4051376	0.1	0.1195574	0.0005733041	0.1	0.1195574	2.494038e-07	0.1	0.1195574	0.006899559	0.1	0.1195574	5.933944e-07	0.1	0.1195574	2.529664e-08	0.1	0.1195574	4.138599e-12	0.1	0.1195574	6.148832e-09	0.1	0.1195574	4.703656e-17	0.1
0.1329574	0.5710159	0.1	0.1329574	0.00849549	0.1	0.1329574	1.324994e-09	0.1	0.1329574	2.006271e-06	0.1	0.1329574	0.4044572	0.1	0.1329574	0.0005723488	0.1	0.1329574	2.490903e-07	0.1	0.1329574	0.007727662	0.1	0.1329574	5.926486e-07	0.1	0.1329574	2.526484e-08	0.1	0.1329574	4.681014e-12	0.1	0.1329574	6.141104e-09	0.1	0.1329574	4.697744e-17	0.1
0.1485676	0.5698998	0.1	0.1485676	0.008478885	0.1	0.1485676	1.329688e-09	0.1	0.1485676	2.235418e-06	0.1	0.1485676	0.4036666	0.1	0.1485676	0.0005712355	0.1	0.1485676	2.487261e-07	0.1	0.1485676	0.008689741	0.1	0.1485676	5.91782e-07	0.1	0.1485676	2.52279e-08	0.1	0.1485676	5.331737e-12	0.1	0.1485676	6.132124e-09	0.1	0.1485676	4.690875e-17	0.1
0.16817	0.5685029	0.1	0.16817	0.008458102	0.1	0.16817	1.335529e-09	0.1	0.16817	2.521119e-06	0.1	0.16817	0.4026771	0.1	0.16817	0.0005698412	0.1	0.16817	2.482702e-07	0.1	0.16817	0.009893883	0.1	0.16817	5.906972e-07	0.1	0.16817	2.518165e-08	0.1	0.16817	6.176962e-12	0.1	0.16817	6.120883e-09	0.1	0.16817	4.682276e-17	0.1
0.1948325	0.566611	0.1	0.1948325	0.008429955	0.1	0.1948325	1.343378e-09	0.1	0.1948325	2.906092e-06	0.1	0.1948325	0.4013371	0.1	0.1948325	0.0005679536	0.1	0.1948325	2.476525e-07	0.1	0.1948325	0.01152465	0.1	0.1948325	5.892277e-07	0.1	0.1948325	2.511901e-08	0.1	0.1948325	7.375322e-12	0.1	0.1948325	6.105656e-09	0.1	0.1948325	4.670627e-17	0.1
0.2333258	0.5638963	0.1	0.2333258	0.008389565	0.1	0.2333258	1.354518e-09	0.1	0.2333258	3.454585e-06	0.1	0.2333258	0.3994142	0.1	0.2333258	0.0005652473	0.1	0.2333258	2.467659e-07	0.1	0.2333258	0.01386476	0.1	0.2333258	5.871182e-07	0.1	0.2333258	2.502908e-08	0.1	0.2333258	9.200056e-12	0.1	0.2333258	6.083798e-09	0.1	0.2333258	4.653906e-17	0.1
0.2976361	0.5594039	0.1	0.2976361	0.008322728	0.1	0.2976361	1.372634e-09	0.1	0.2976361	4.352007e-06	0.1	0.2976361	0.3962322	0.1	0.2976361	0.0005607746	0.1	0.2976361	2.452979e-07	0.1	0.2976361	0.01773719	0.1	0.2976361	5.836255e-07	0.1	0.2976361	2.488019e-08	0.1	0.2976361	1.247881e-11	0.1	0.2976361	6.047606e-09	0.1	0.2976361	4.626221e-17	0.1
0.4262565	0.5505776	0.1	0.4262565	0.008191411	0.1	0.4262565	1.407056e-09	0.1	0.4262565	6.077779e-06	0.1	0.4262565	0.3899804	0.1	0.4262565	0.0005520089	0.1	0.4262565	2.424108e-07	0.1	0.4262565	0.0253454	0.1	0.4262565	5.767563e-07	0.1	0.4262565	2.458735e-08	0.1	0.4262565	1.975467e-11	0.1	0.4262565	5.976426e-09	0.1	0.4262565	4.571771e-17	0.1
0.640624	0.5363204	0.1	0.640624	0.007979295	0.1	0.640624	1.459346e-09	0.1	0.640624	8.759419e-06	0.1	0.640624	0.3798819	0.1	0.640624	0.0005379119	0.1	0.640624	2.377384e-07	0.1	0.640624	0.03763506	0.1	0.640624	5.656395e-07	0.1	0.640624	2.411344e-08	0.1	0.640624	3.314852e-11	0.1	0.640624	5.861233e-09	0.1	0.640624	4.483652e-17	0.1
1.047058	0.5107473	0.1	1.047058	0.007598823	0.1	1.047058	1.542657e-09	0.1	1.047058	1.323408e-05	0.1	1.047058	0.3617682	0.1	1.047058	0.0005128277	0.1	1.047058	2.293288e-07	0.1	1.047058	0.05967897	0.1	1.047058	5.456307e-07	0.1	1.047058	2.326045e-08	0.1	1.047058	5.759401e-11	0.1	1.047058	5.653899e-09	0.1	1.047058	4.325049e-17	0.1
1.639783	0.4765453	0.1	1.639783	0.007089971	0.1	1.639783	1.632349e-09	0.1	1.639783	1.852331e-05	0.1	1.639783	0.3375425	0.1	1.639783	0.0004797125	0.1	1.639783	2.18017e-07	0.1	1.639783	0.08916121	0.1	1.639783	5.187171e-07	0.1	1.639783	2.211312e-08	0.1	1.639783	8.106564e-11	0.1	1.639783	5.375017e-09	0.1	1.639783	4.111713e-17	0.1
2.279082	0.443259	0.1	2.279082	0.006594742	0.1	2.279082	1.694809e-09	0.1	2.279082	2.287639e-05	0.1	2.279082	0.3139655	0.1	2.279082	0.0004480029	0.1	2.279082	2.069267e-07	0.1	2.279082	0.1178542	0.1	2.279082	4.923305e-07	0.1	2.279082	2.098824e-08	0.1	2.279082	9.311562e-11	0.1	2.279082	5.101594e-09	0.1	2.279082	3.902554e-17	0.1
2.91838	0.4132069	0.1	2.91838	0.00614763	0.1	2.91838	1.729328e-09	0.1	2.91838	2.610664e-05	0.1	2.91838	0.2926792	0.1	2.91838	0.0004198574	0.1	2.91838	1.968337e-07	0.1	2.91838	0.1437595	0.1	2.91838	4.683164e-07	0.1	2.91838	1.996451e-08	0.1	2.91838	9.906733e-11	0.1	2.91838	4.852758e-09	0.1	2.91838	3.712202e-17	0.1
3.692168	0.3805514	0.1	3.692168	0.005661788	0.1	3.692168	1.742465e-09	0.1	3.692168	2.883686e-05	0.1	3.692168	0.269549	0.1	3.692168	0.0003898456	0.1	3.692168	1.857649e-07	0.1	3.692168	0.1719089	0.1	3.692168	4.419809e-07	0.1	3.692168	1.884182e-08	0.1	3.692168	1.026999e-10	0.1	3.692168	4.579865e-09	0.1	3.692168	3.503449e-17	0.1
4.559037	0.3480921	0.1	4.559037	0.005178863	0.1	4.559037	1.729575e-09	0.1	4.559037	3.072041e-05	0.1	4.559037	0.2465577	0.1	4.559037	0.0003606648	0.1	4.559037	1.746385e-07	0.1	4.559037	0.1998894	0.1	4.559037	4.155085e-07	0.1	4.559037	1.771329e-08	0.1	4.559037	1.04256e-10	0.1	4.559037	4.305555e-09	0.1	4.559037	3.29361e-17	0.1
5.798231	0.3079541	0.1	5.798231	0.004581696	0.1	5.798231	1.676837e-09	0.1	5.798231	3.187205e-05	0.1	5.798231	0.2181275	0.1	5.798231	0.0003255846	0.1	5.798231	1.606708e-07	0.1	5.798231	0.2344891	0.1	5.798231	3.822756e-07	0.1	5.798231	1.629656e-08	0.1	5.798231	1.038429e-10	0.1	5.798231	3.961191e-09	0.1	5.798231	3.030183e-17	0.1
7.100609	0.2722066	0.1	7.100609	0.004049849	0.1	7.100609	1.594901e-09	0.1	7.100609	3.177889e-05	0.1	7.100609	0.1928071	0.1	7.100609	0.000295395	0.1	7.100609	1.479863e-07	0.1	7.100609	0.2653041	0.1	7.100609	3.52096e-07	0.1	7.100609	1.500998e-08	0.1	7.100609	1.015315e-10	0.1	7.100609	3.648465e-09	0.1	7.100609	2.790959e-17	0.1
8.655727	0.2363474	0.1	8.655727	0.003516341	0.1	8.655727	1.479328e-09	0.1	8.655727	3.061728e-05	0.1	8.655727	0.1674076	0.1	8.655727	0.0002662451	0.1	8.655727	1.349628e-07	0.1	8.655727	0.2962154	0.1	8.655727	3.211096e-07	0.1	8.655727	1.368902e-08	0.1	8.655727	9.748966e-11	0.1	8.655727	3.327379e-09	0.1	8.655727	2.545339e-17	0.1
10.21084	0.2063559	0.1	10.21084	0.003070133	0.1	10.21084	1.357188e-09	0.1	10.21084	2.883051e-05	0.1	10.21084	0.1461643	0.1	10.21084	0.0002428501	0.1	10.21084	1.237714e-07	0.1	10.21084	0.3220686	0.1	10.21084	2.944825e-07	0.1	10.21084	1.255389e-08	0.1	10.21084	9.282004e-11	0.1	10.21084	3.051465e-09	0.1	10.21084	2.334274e-17	0.1
11.76596	0.181014	0.1	11.76596	0.0026931	0.1	11.76596	1.236331e-09	0.1	11.76596	2.675591e-05	0.1	11.76596	0.1282143	0.1	11.76596	0.0002238653	0.1	11.76596	1.140397e-07	0.1	11.76596	0.3439135	0.1	11.76596	2.713282e-07	0.1	11.76596	1.156681e-08	0.1	11.76596	8.794041e-11	0.1	11.76596	2.811536e-09	0.1	11.76596	2.150736e-17	0.1
13.71303	0.1544767	0.1	13.71303	0.002298281	0.1	13.71303	1.093162e-09	0.1	13.71303	2.405191e-05	0.1	13.71303	0.1094176	0.1	13.71303	0.0002048398	0.1	13.71303	1.034963e-07	0.1	13.71303	0.3667889	0.1	13.71303	2.462428e-07	0.1	13.71303	1.049741e-08	0.1	13.71303	8.190521e-11	0.1	13.71303	2.551597e-09	0.1	13.71303	1.951892e-17	0.1
15.66009	0.1325072	0.1	15.66009	0.001971422	0.1	15.66009	9.625419e-10	0.1	15.66009	2.142638e-05	0.1	15.66009	0.09385636	0.1	15.66009	0.0001898196	0.1	15.66009	9.441033e-08	0.1	15.66009	0.3857266	0.1	15.66009	2.24625e-07	0.1	15.66009	9.575826e-09	0.1	15.66009	7.615655e-11	0.1	15.66009	2.327589e-09	0.1	15.66009	1.780534e-17	0.1
17.60715	0.1141477	0.1	17.60715	0.001698273	0.1	17.60715	8.4564e-10	0.1	17.60715	1.898442e-05	0.1	17.60715	0.08085214	0.1	17.60715	0.000177824	0.1	17.60715	8.649053e-08	0.1	17.60715	0.4015522	0.1	17.60715	2.057817e-07	0.1	17.60715	8.772526e-09	0.1	17.60715	7.077253e-11	0.1	17.60715	2.132332e-09	0.1	17.60715	1.631169e-17	0.1
19.55422	0.09868435	0.1	19.55422	0.001468211	0.1	19.55422	7.422028e-10	0.1	19.55422	1.676846e-05	0.1	19.55422	0.06989926	0.1	19.55422	0.000168146	0.1	19.55422	7.951789e-08	0.1	19.55422	0.4148814	0.1	19.55422	1.891921e-07	0.1	19.55422	8.065299e-09	0.1	19.55422	6.578871e-11	0.1	19.55422	1.960427e-09	0.1	19.55422	1.499667e-17	0.1
21.50128	0.08557401	0.1	21.50128	0.001273157	0.1	21.50128	6.513013e-10	0.1	21.50128	1.478717e-05	0.1	21.50128	0.06061306	0.1	21.50128	0.000160267	0.1	21.50128	7.332941e-08	0.1	21.50128	0.4261821	0.1	21.50128	1.744679e-07	0.1	21.50128	7.437594e-09	0.1	21.50128	6.12019e-11	0.1	21.50128	1.807852e-09	0.1	21.50128	1.382953e-17	0.1
23.44835	0.07439631	0.1	23.44835	0.001106857	0.1	23.44835	5.717332e-10	0.1	23.44835	1.303181e-05	0.1	23.44835	0.05269577	0.1	23.44835	0.0001538002	0.1	23.44835	6.779733e-08	0.1	23.44835	0.4358169	0.1	23.44835	1.613066e-07	0.1	23.44835	6.876517e-09	0.1	23.44835	5.699247e-11	0.1	23.44835	1.67147e-09	0.1	23.44835	1.278624e-17	0.1
24.81129	0.06754202	0.1	24.81129	0.00100488	0.1	24.81129	5.221012e-10	0.1	24.81129	1.192853e-05	0.1	24.81129	0.04784079	0.1	24.81129	0.0001499543	0.1	24.81129	6.425811e-08	0.1	24.81129	0.441725	0.1	24.81129	1.528863e-07	0.1	24.81129	6.517552e-09	0.1	24.81129	5.425642e-11	0.1	24.81129	1.584216e-09	0.1	24.81129	1.211877e-17	0.1
25.29806	0.06526586	0.1	25.29806	0.0009710157	0.1	25.29806	5.054902e-10	0.1	25.29806	1.155802e-05	0.1	25.29806	0.04622856	0.1	25.29806	0.0001486979	0.1	25.29806	6.305675e-08	0.1	25.29806	0.4436869	0.1	25.29806	1.500256e-07	0.1	25.29806	6.395598e-09	0.1	25.29806	5.331904e-11	0.1	25.29806	1.554576e-09	0.1	25.29806	1.189208e-17	0.1
25.78482	0.06307387	0.1	25.78482	0.0009384037	0.1	25.78482	4.894359e-10	0.1	25.78482	1.119937e-05	0.1	25.78482	0.04467595	0.1	25.78482	0.000147498	0.1	25.78482	6.188124e-08	0.1	25.78482	0.4455763	0.1	25.78482	1.47232e-07	0.1	25.78482	6.276502e-09	0.1	25.78482	5.240185e-11	0.1	25.78482	1.525623e-09	0.1	25.78482	1.167053e-17	0.1
26.27159	0.06096246	0.1	26.27159	0.0009069904	0.1	26.27159	4.739199e-10	0.1	26.27159	1.085224e-05	0.1	26.27159	0.04318041	0.1	26.27159	0.0001463514	0.1	26.27159	6.073933e-08	0.1	26.27159	0.4473963	0.1	26.27159	1.445125e-07	0.1	26.27159	6.160568e-09	0.1	26.27159	5.150441e-11	0.1	26.27159	1.497447e-09	0.1	26.27159	1.145506e-17	0.1
26.51497	0.05993589	0.1	26.51497	0.0008917173	0.1	26.51497	4.663583e-10	0.1	26.51497	1.06829e-05	0.1	26.51497	0.04245328	0.1	26.51497	0.0001457973	0.1	26.51497	6.017522e-08	0.1	26.51497	0.4482811	0.1	26.51497	1.431725e-07	0.1	26.51497	6.103443e-09	0.1	26.51497	5.106294e-11	0.1	26.51497	1.483558e-09	0.1	26.51497	1.134875e-17	0.1
26.77683	0.05885247	0.1	26.77683	0.0008755983	0.1	26.77683	4.583656e-10	0.1	26.77683	1.050378e-05	0.1	26.77683	0.04168588	0.1	26.77683	0.0001452149	0.1	26.77683	5.957974e-08	0.1	26.77683	0.449215	0.1	26.77683	1.417529e-07	0.1	26.77683	6.042926e-09	0.1	26.77683	5.059329e-11	0.1	26.77683	1.468851e-09	0.1	26.77683	1.12363e-17	0.1
27.17973	0.057227	0.1	27.17973	0.0008514148	0.1	27.17973	4.463507e-10	0.1	27.17973	1.023431e-05	0.1	27.17973	0.04053454	0.1	27.17973	0.0001443458	0.1	27.17973	5.867617e-08	0.1	27.17973	0.450616	0.1	27.17973	1.396044e-07	0.1	27.17973	5.951332e-09	0.1	27.17973	4.988127e-11	0.1	27.17973	1.446587e-09	0.1	27.17973	1.106597e-17	0.1
27.85125	0.05462551	0.1	27.85125	0.0008127102	0.1	27.85125	4.270652e-10	0.1	27.85125	9.801236e-06	0.1	27.85125	0.03869188	0.1	27.85125	0.0001429663	0.1	27.85125	5.720989e-08	0.1	27.85125	0.4528584	0.1	27.85125	1.361157e-07	0.1	27.85125	5.802607e-09	0.1	27.85125	4.872256e-11	0.1	27.85125	1.410437e-09	0.1	27.85125	1.078944e-17	0.1
28.89184	0.05084431	0.1	28.89184	0.0007564541	0.1	28.89184	3.989172e-10	0.1	28.89184	9.168023e-06	0.1	28.89184	0.03601361	0.1	28.89184	0.0001409871	0.1	28.89184	5.502975e-08	0.1	28.89184	0.4561175	0.1	28.89184	1.309287e-07	0.1	28.89184	5.581476e-09	0.1	28.89184	4.699369e-11	0.1	28.89184	1.356687e-09	0.1	28.89184	1.037827e-17	0.1
29.93243	0.04734437	0.1	29.93243	0.0007043825	0.1	29.93243	3.727474e-10	0.1	29.93243	8.578215e-06	0.1	29.93243	0.03353456	0.1	29.93243	0.0001391829	0.1	29.93243	5.295452e-08	0.1	29.93243	0.4591343	0.1	29.93243	1.259912e-07	0.1	29.93243	5.370987e-09	0.1	29.93243	4.534231e-11	0.1	29.93243	1.305523e-09	0.1	29.93243	9.986886e-18	0.1
31.25237	0.04327294	0.1	31.25237	0.0006438083	0.1	31.25237	3.421764e-10	0.1	31.25237	7.888002e-06	0.1	31.25237	0.03065072	0.1	31.25237	0.0001371182	0.1	31.25237	5.046195e-08	0.1	31.25237	0.4626436	0.1	31.25237	1.200608e-07	0.1	31.25237	5.118166e-09	0.1	31.25237	4.33529e-11	0.1	31.25237	1.24407e-09	0.1	31.25237	9.516793e-18	0.1
32.99133	0.03847101	0.1	32.99133	0.000572366	0.1	32.99133	3.059613e-10	0.1	32.99133	7.06886e-06	0.1	32.99133	0.02724946	0.1	32.99133	0.0001347311	0.1	32.99133	4.739628e-08	0.1	32.99133	0.4667825	0.1	32.99133	1.127668e-07	0.1	32.99133	4.807215e-09	0.1	32.99133	4.089979e-11	0.1	32.99133	1.168488e-09	0.1	32.99133	8.938614e-18	0.1
34.90788	0.03382696	0.1	34.90788	0.0005032725	0.1	34.90788	2.707935e-10	0.1	34.90788	6.272063e-06	0.1	34.90788	0.02396002	0.1	34.90788	0.0001324732	0.1	34.90788	4.427652e-08	0.1	34.90788	0.4707853	0.1	34.90788	1.053441e-07	0.1	34.90788	4.490777e-09	0.1	34.90788	3.839961e-11	0.1	34.90788	1.091571e-09	0.1	34.90788	8.350233e-18	0.1
37.0908	0.02924854	0.1	37.0908	0.0004351555	0.1	37.0908	2.360054e-10	0.1	37.0908	5.482774e-06	0.1	37.0908	0.02071708	0.1	37.0908	0.000130297	0.1	37.0908	4.101756e-08	0.1	37.0908	0.4747316	0.1	37.0908	9.759029e-08	0.1	37.0908	4.160219e-09	0.1	37.0908	3.578793e-11	0.1	37.0908	1.011223e-09	0.1	37.0908	7.735597e-18	0.1
39.27371	0.02531537	0.1	39.27371	0.0003766384	0.1	39.27371	2.060427e-10	0.1	39.27371	4.802244e-06	0.1	39.27371	0.01793117	0.1	39.27371	0.0001284679	0.1	39.27371	3.803686e-08	0.1	39.27371	0.4781216	0.1	39.27371	9.049851e-08	0.1	39.27371	3.857885e-09	0.1	39.27371	3.340323e-11	0.1	39.27371	9.37735e-10	0.1	39.27371	7.173441e-18	0.1
41.45663	0.02193017	0.1	41.45663	0.0003262738	0.1	41.45663	1.802074e-10	0.1	41.45663	4.215023e-06	0.1	41.45663	0.01553339	0.1	41.45663	0.0001269241	0.1	41.45663	3.530346e-08	0.1	41.45663	0.4810394	0.1	41.45663	8.399515e-08	0.1	41.45663	3.580635e-09	0.1	41.45663	3.122318e-11	0.1	41.45663	8.703441e-10	0.1	41.45663	6.657926e-18	0.1
43.63955	0.01901187	0.1	43.63955	0.0002828558	0.1	43.63955	1.579072e-10	0.1	43.63955	3.707891e-06	0.1	43.63955	0.01346633	0.1	43.63955	0.0001256163	0.1	43.63955	3.279102e-08	0.1	43.63955	0.4835547	0.1	43.63955	7.80175e-08	0.1	43.63955	3.325796e-09	0.1	43.63955	2.922821e-11	0.1	43.63955	8.084007e-10	0.1	43.63955	6.184082e-18	0.1
45.82247	0.01649257	0.1	45.82247	0.000245374	0.1	45.82247	1.386391e-10	0.1	45.82247	3.269557e-06	0.1	45.82247	0.01168188	0.1	45.82247	0.0001245047	0.1	45.82247	3.047702e-08	0.1	45.82247	0.4857261	0.1	45.82247	7.251197e-08	0.1	45.82247	3.091082e-09	0.1	45.82247	2.740114e-11	0.1	45.82247	7.513489e-10	0.1	45.82247	5.747658e-18	0.1
48.00538	0.0143151	0.1	48.00538	0.000212978	0.1	48.00538	1.219755e-10	0.1	48.00538	2.89038e-06	0.1	48.00538	0.01013955	0.1	48.00538	0.000123557	0.1	48.00538	2.83424e-08	0.1	48.00538	0.4876029	0.1	48.00538	6.743359e-08	0.1	48.00538	2.874578e-09	0.1	48.00538	2.572687e-11	0.1	48.00538	6.987249e-10	0.1	48.00538	5.345107e-18	0.1
50.1883	0.01243113	0.1	50.1883	0.0001849485	0.1	50.1883	1.075521e-10	0.1	50.1883	2.562127e-06	0.1	50.1883	0.008805111	0.1	50.1883	0.000122747	0.1	50.1883	2.636925e-08	0.1	50.1883	0.4892267	0.1	50.1883	6.273833e-08	0.1	50.1883	2.674405e-09	0.1	50.1883	2.419208e-11	0.1	50.1883	6.500659e-10	0.1	50.1883	4.972882e-18	0.1
52.15292	0.01095245	0.1	52.15292	0.0001629489	0.1	52.15292	9.622877e-11	0.1	52.15292	2.304398e-06	0.1	52.15292	0.007757745	0.1	52.15292	0.0001221178	0.1	52.15292	2.472116e-08	0.1	52.15292	0.4905011	0.1	52.15292	5.881816e-08	0.1	52.15292	2.507276e-09	0.1	52.15292	2.292025e-11	0.1	52.15292	6.094459e-10	0.1	52.15292	4.662159e-18	0.1
52.91695	0.01042698	0.1	52.91695	0.000155131	0.1	52.91695	9.220438e-11	0.1	52.91695	2.212796e-06	0.1	52.91695	0.007385549	0.1	52.91695	0.0001218956	0.1	52.91695	2.41093e-08	0.1	52.91695	0.490954	0.1	52.91695	5.736095e-08	0.1	52.91695	2.445149e-09	0.1	52.91695	2.245189e-11	0.1	52.91695	5.9434e-10	0.1	52.91695	4.546607e-18	0.1
53.46267	0.01006742	0.1	53.46267	0.0001497815	0.1	53.46267	8.945049e-11	0.1	53.46267	2.150111e-06	0.1	53.46267	0.007130867	0.1	53.46267	0.000121744	0.1	53.46267	2.368381e-08	0.1	53.46267	0.4912639	0.1	53.46267	5.635086e-08	0.1	53.46267	2.402087e-09	0.1	53.46267	2.212597e-11	0.1	53.46267	5.838787e-10	0.1	53.46267	4.466574e-18	0.1
