Batch	m_SP	13	W5	W1	W2	W3	W4	W6	R	P1	P2	P3	P4	P5	P6																							
1.555915e-09	0.9845809	0.1	1.555915e-09	1.555913e-109	0.1	1.555915e-09	6.45015e-11	0.1	1.555915e-09	4.776401e-10	0.1	1.555915e-09	0.01541777	0.1	1.555915e-09	6.020251e-08	0.1	1.555915e-09	2.660008e-08	0.1	1.555915e-09	3.111264e-07	0.1	1.555915e-09	2.473419e-07	0.1	1.555915e-09	2.675567e-08	0.1	1.555915e-09	3.904393e-13	0.1	1.555915e-09	5.304577e-09	0.1	1.555915e-09	2.146684e-16	0.1
2.699802e-09	0.9736156	0.1	2.699802e-09	2.699797e-109	0.1	2.699802e-09	1.118345e-10	0.1	2.699802e-09	8.28764e-10	0.1	2.699802e-09	0.02638215	0.1	2.699802e-09	1.044482e-07	0.1	2.699802e-09	4.614853e-08	0.1	2.699802e-09	5.397919e-07	0.1	2.699802e-09	4.291233e-07	0.1	2.699802e-09	4.641847e-08	0.1	2.699802e-09	6.773671e-13	0.1	2.699802e-09	9.203063e-09	0.1	2.699802e-09	3.724314e-16	0.1
4.256053e-09	0.9591842	0.1	4.256053e-09	4.256042e-109	0.1	4.256053e-09	1.761123e-10	0.1	4.256053e-09	1.30643e-09	0.1	4.256053e-09	0.04081221	0.1	4.256053e-09	1.646252e-07	0.1	4.256053e-09	7.273415e-08	0.1	4.256053e-09	8.507979e-07	0.1	4.256053e-09	6.763558e-07	0.1	4.256053e-09	7.315959e-08	0.1	4.256053e-09	1.067579e-12	0.1	4.256053e-09	1.450513e-08	0.1	4.256053e-09	5.869937e-16	0.1
6.619745e-09	0.9382954	0.1	6.619745e-09	6.619719e-109	0.1	6.619745e-09	2.734806e-10	0.1	6.619745e-09	2.031857e-09	0.1	6.619745e-09	0.06169906	0.1	6.619745e-09	2.559833e-07	0.1	6.619745e-09	1.130924e-07	0.1	6.619745e-09	1.322972e-06	0.1	6.619745e-09	1.051691e-06	0.1	6.619745e-09	1.137537e-07	0.1	6.619745e-09	1.659932e-12	0.1	6.619745e-09	2.25543e-08	0.1	6.619745e-09	9.127325e-16	0.1
9.86149e-09	0.9115523	0.1	9.86149e-09	9.861432e-109	0.1	9.86149e-09	4.065155e-10	0.1	9.86149e-09	3.026661e-09	0.1	9.86149e-09	0.08843954	0.1	9.86149e-09	3.812011e-07	0.1	9.86149e-09	1.684038e-07	0.1	9.86149e-09	1.97019e-06	0.1	9.86149e-09	1.566135e-06	0.1	9.86149e-09	1.693879e-07	0.1	9.86149e-09	2.471769e-12	0.1	9.86149e-09	3.358643e-08	0.1	9.86149e-09	1.359229e-15	0.1
1.419225e-08	0.8789957	0.1	1.419225e-08	1.419213e-108	0.1	1.419225e-08	5.833455e-10	0.1	1.419225e-08	4.355545e-09	0.1	1.419225e-08	0.1209925	0.1	1.419225e-08	5.483507e-07	0.1	1.419225e-08	2.422316e-07	0.1	1.419225e-08	2.834248e-06	0.1	1.419225e-08	2.252861e-06	0.1	1.419225e-08	2.436447e-07	0.1	1.419225e-08	3.55545e-12	0.1	1.419225e-08	4.831274e-08	0.1	1.419225e-08	1.955375e-15	0.1
1.879526e-08	0.8479914	0.1	1.879526e-08	1.879505e-108	0.1	1.879526e-08	7.701859e-10	0.1	1.879526e-08	5.76794e-09	0.1	1.879526e-08	0.151993	0.1	1.879526e-08	7.258507e-07	0.1	1.879526e-08	3.206274e-07	0.1	1.879526e-08	3.751974e-06	0.1	1.879526e-08	2.982136e-06	0.1	1.879526e-08	3.224927e-07	0.1	1.879526e-08	4.706346e-12	0.1	1.879526e-08	6.395118e-08	0.1	1.879526e-08	2.588714e-15	0.1
2.339827e-08	0.8203062	0.1	2.339827e-08	2.339794e-108	0.1	2.339827e-08	9.559056e-10	0.1	2.339827e-08	7.180414e-09	0.1	2.339827e-08	0.1796744	0.1	2.339827e-08	9.031981e-07	0.1	2.339827e-08	3.989557e-07	0.1	2.339827e-08	4.669113e-06	0.1	2.339827e-08	3.710824e-06	0.1	2.339827e-08	4.012681e-07	0.1	2.339827e-08	5.856509e-12	0.1	2.339827e-08	7.957685e-08	0.1	2.339827e-08	3.221923e-15	0.1
2.800128e-08	0.7955848	0.1	2.800128e-08	2.800081e-108	0.1	2.800128e-08	1.140522e-09	0.1	2.800128e-08	8.593066e-09	0.1	2.800128e-08	0.204392	0.1	2.800128e-08	1.080402e-06	0.1	2.800128e-08	4.77224e-07	0.1	2.800128e-08	5.585742e-06	0.1	2.800128e-08	4.43897e-06	0.1	2.800128e-08	4.799771e-07	0.1	2.800128e-08	7.006138e-12	0.1	2.800128e-08	9.519092e-08	0.1	2.800128e-08	3.85516e-15	0.1
3.355946e-08	0.769234	0.1	3.355946e-08	3.355879e-108	0.1	3.355946e-08	1.362001e-09	0.1	3.355946e-08	1.029922e-08	0.1	3.355946e-08	0.2307382	0.1	3.355946e-08	1.294197e-06	0.1	3.355946e-08	5.716628e-07	0.1	3.355946e-08	6.692e-06	0.1	3.355946e-08	5.317552e-06	0.1	3.355946e-08	5.749379e-07	0.1	3.355946e-08	8.393875e-12	0.1	3.355946e-08	1.140311e-07	0.1	3.355946e-08	4.620054e-15	0.1
3.911765e-08	0.7462504	0.1	3.911765e-08	3.911674e-108	0.1	3.911765e-08	1.581921e-09	0.1	3.911765e-08	1.200591e-08	0.1	3.911765e-08	0.2537172	0.1	3.911765e-08	1.507807e-06	0.1	3.911765e-08	6.660337e-07	0.1	3.911765e-08	7.797726e-06	0.1	3.911765e-08	6.195465e-06	0.1	3.911765e-08	6.698176e-07	0.1	3.911765e-08	9.781404e-12	0.1	3.911765e-08	1.328574e-07	0.1	3.911765e-08	5.385466e-15	0.1
4.467583e-08	0.7262038	0.1	4.467583e-08	4.467465e-108	0.1	4.467583e-08	1.800307e-09	0.1	4.467583e-08	1.371325e-08	0.1	4.467583e-08	0.2737592	0.1	4.467583e-08	1.721242e-06	0.1	4.467583e-08	7.603457e-07	0.1	4.467583e-08	8.903016e-06	0.1	4.467583e-08	7.072762e-06	0.1	4.467583e-08	7.646228e-07	0.1	4.467583e-08	1.116901e-11	0.1	4.467583e-08	1.516713e-07	0.1	4.467583e-08	6.151643e-15	0.1
5.023402e-08	0.7087188	0.1	5.023402e-08	5.023252e-108	0.1	5.023402e-08	2.017181e-09	0.1	5.023402e-08	1.542134e-08	0.1	5.023402e-08	0.2912396	0.1	5.023402e-08	1.934512e-06	0.1	5.023402e-08	8.546065e-07	0.1	5.023402e-08	1.000796e-05	0.1	5.023402e-08	7.949484e-06	0.1	5.023402e-08	8.593594e-07	0.1	5.023402e-08	1.255695e-11	0.1	5.023402e-08	1.704738e-07	0.1	5.023402e-08	6.918819e-15	0.1
5.57922e-08	0.693468	0.1	5.57922e-08	5.579035e-108	0.1	5.57922e-08	2.232564e-09	0.1	5.57922e-08	1.713027e-08	0.1	5.57922e-08	0.3064858	0.1	5.57922e-08	2.147626e-06	0.1	5.57922e-08	9.488229e-07	0.1	5.57922e-08	1.111262e-05	0.1	5.57922e-08	8.825666e-06	0.1	5.57922e-08	9.540318e-07	0.1	5.57922e-08	1.394547e-11	0.1	5.57922e-08	1.892659e-07	0.1	5.57922e-08	7.687225e-15	0.1
6.180345e-08	0.6791596	0.1	6.180345e-08	6.180119e-108	0.1	6.180345e-08	2.463846e-09	0.1	6.180345e-08	1.897956e-08	0.1	6.180345e-08	0.3207892	0.1	6.180345e-08	2.377944e-06	0.1	6.180345e-08	1.050676e-06	0.1	6.180345e-08	1.23071e-05	0.1	6.180345e-08	9.772693e-06	0.1	6.180345e-08	1.056354e-06	0.1	6.180345e-08	1.544811e-11	0.1	6.180345e-08	2.095792e-07	0.1	6.180345e-08	8.519906e-15	0.1
6.849431e-08	0.6655339	0.1	6.849431e-08	6.849153e-108	0.1	6.849431e-08	2.719277e-09	0.1	6.849431e-08	2.103929e-08	0.1	6.849431e-08	0.3344094	0.1	6.849431e-08	2.634104e-06	0.1	6.849431e-08	1.164e-06	0.1	6.849431e-08	1.363642e-05	0.1	6.849431e-08	1.082611e-05	0.1	6.849431e-08	1.170165e-06	0.1	6.849431e-08	1.712211e-11	0.1	6.849431e-08	2.321769e-07	0.1	6.849431e-08	9.449052e-15	0.1
7.518517e-08	0.6539756	0.1	7.518517e-08	7.518182e-108	0.1	7.518517e-08	2.972631e-09	0.1	7.518517e-08	2.310058e-08	0.1	7.518517e-08	0.3459622	0.1	7.518517e-08	2.890069e-06	0.1	7.518517e-08	1.277284e-06	0.1	7.518517e-08	1.496562e-05	0.1	7.518517e-08	1.187885e-05	0.1	7.518517e-08	1.283899e-06	0.1	7.518517e-08	1.8798e-11	0.1	7.518517e-08	2.547627e-07	0.1	7.518517e-08	1.0381e-14	0.1
8.187602e-08	0.6441709	0.1	8.187602e-08	8.187206e-108	0.1	8.187602e-08	3.223934e-09	0.1	8.187602e-08	2.516351e-08	0.1	8.187602e-08	0.3557613	0.1	8.187602e-08	3.145844e-06	0.1	8.187602e-08	1.390536e-06	0.1	8.187602e-08	1.629479e-05	0.1	8.187602e-08	1.293093e-05	0.1	8.187602e-08	1.397557e-06	0.1	8.187602e-08	2.047615e-11	0.1	8.187602e-08	2.773375e-07	0.1	8.187602e-08	1.13161e-14	0.1
8.856688e-08	0.6358538	0.1	8.856688e-08	8.856224e-108	0.1	8.856688e-08	3.473211e-09	0.1	8.856688e-08	2.722816e-08	0.1	8.856688e-08	0.3640729	0.1	8.856688e-08	3.401439e-06	0.1	8.856688e-08	1.50376e-06	0.1	8.856688e-08	1.762399e-05	0.1	8.856688e-08	1.398236e-05	0.1	8.856688e-08	1.511141e-06	0.1	8.856688e-08	2.215688e-11	0.1	8.856688e-08	2.999018e-07	0.1	8.856688e-08	1.225471e-14	0.1
9.525774e-08	0.6287985	0.1	9.525774e-08	9.525237e-108	0.1	9.525774e-08	3.720486e-09	0.1	9.525774e-08	2.929458e-08	0.1	9.525774e-08	0.3711227	0.1	9.525774e-08	3.656859e-06	0.1	9.525774e-08	1.616962e-06	0.1	9.525774e-08	1.895327e-05	0.1	9.525774e-08	1.503313e-05	0.1	9.525774e-08	1.624653e-06	0.1	9.525774e-08	2.384052e-11	0.1	9.525774e-08	3.22456e-07	0.1	9.525774e-08	1.319716e-14	0.1
1.022238e-07	0.6225878	0.1	1.022238e-07	1.022176e-107	0.1	1.022238e-07	3.975826e-09	0.1	1.022238e-07	3.144794e-08	0.1	1.022238e-07	0.3773277	0.1	1.022238e-07	3.922604e-06	0.1	1.022238e-07	1.734801e-06	0.1	1.022238e-07	2.033739e-05	0.1	1.022238e-07	1.612644e-05	0.1	1.022238e-07	1.742757e-06	0.1	1.022238e-07	2.559681e-11	0.1	1.022238e-07	3.459275e-07	0.1	1.022238e-07	1.41828e-14	0.1
1.102906e-07	0.6166067	0.1	1.102906e-07	1.102834e-107	0.1	1.102906e-07	4.268862e-09	0.1	1.102906e-07	3.394412e-08	0.1	1.102906e-07	0.3833022	0.1	1.102906e-07	4.230119e-06	0.1	1.102906e-07	1.871242e-06	0.1	1.102906e-07	2.194049e-05	0.1	1.102906e-07	1.739162e-05	0.1	1.102906e-07	1.879427e-06	0.1	1.102906e-07	2.763542e-11	0.1	1.102906e-07	3.730951e-07	0.1	1.102906e-07	1.533034e-14	0.1
1.183574e-07	0.6117014	0.1	1.183574e-07	1.183491e-107	0.1	1.183574e-07	4.559085e-09	0.1	1.183574e-07	3.644309e-08	0.1	1.183574e-07	0.3882007	0.1	1.183574e-07	4.5374e-06	0.1	1.183574e-07	2.007667e-06	0.1	1.183574e-07	2.354396e-05	0.1	1.183574e-07	1.865582e-05	0.1	1.183574e-07	2.01599e-06	0.1	1.183574e-07	2.967964e-11	0.1	1.183574e-07	4.002489e-07	0.1	1.183574e-07	1.648499e-14	0.1
1.264242e-07	0.6076784	0.1	1.264242e-07	1.264147e-107	0.1	1.264242e-07	4.846528e-09	0.1	1.264242e-07	3.894491e-08	0.1	1.264242e-07	0.3922171	0.1	1.264242e-07	4.844455e-06	0.1	1.264242e-07	2.144081e-06	0.1	1.264242e-07	2.514785e-05	0.1	1.264242e-07	1.991904e-05	0.1	1.264242e-07	2.152446e-06	0.1	1.264242e-07	3.172997e-11	0.1	1.264242e-07	4.273891e-07	0.1	1.264242e-07	1.764733e-14	0.1
1.34491e-07	0.6043789	0.1	1.34491e-07	1.344803e-107	0.1	1.34491e-07	5.131223e-09	0.1	1.34491e-07	4.144962e-08	0.1	1.34491e-07	0.39551	0.1	1.34491e-07	5.151288e-06	0.1	1.34491e-07	2.280489e-06	0.1	1.34491e-07	2.675222e-05	0.1	1.34491e-07	2.118122e-05	0.1	1.34491e-07	2.288792e-06	0.1	1.34491e-07	3.378689e-11	0.1	1.34491e-07	4.545155e-07	0.1	1.34491e-07	1.881788e-14	0.1
1.425578e-07	0.6016725	0.1	1.425578e-07	1.425458e-107	0.1	1.425578e-07	5.413201e-09	0.1	1.425578e-07	4.395727e-08	0.1	1.425578e-07	0.3982097	0.1	1.425578e-07	5.457903e-06	0.1	1.425578e-07	2.416892e-06	0.1	1.425578e-07	2.835714e-05	0.1	1.425578e-07	2.244235e-05	0.1	1.425578e-07	2.425024e-06	0.1	1.425578e-07	3.585085e-11	0.1	1.425578e-07	4.81628e-07	0.1	1.425578e-07	1.999721e-14	0.1
1.516204e-07	0.5992078	0.1	1.516204e-07	1.516068e-107	0.1	1.516204e-07	5.72678e-09	0.1	1.516204e-07	4.677799e-08	0.1	1.516204e-07	0.4006669	0.1	1.516204e-07	5.802113e-06	0.1	1.516204e-07	2.570132e-06	0.1	1.516204e-07	3.016088e-05	0.1	1.516204e-07	2.385784e-05	0.1	1.516204e-07	2.577932e-06	0.1	1.516204e-07	3.817856e-11	0.1	1.516204e-07	5.120702e-07	0.1	1.516204e-07	2.133323e-14	0.1
1.613468e-07	0.5971068	0.1	1.613468e-07	1.613314e-107	0.1	1.613468e-07	6.0596e-09	0.1	1.613468e-07	4.980953e-08	0.1	1.613468e-07	0.40276	0.1	1.613468e-07	6.171241e-06	0.1	1.613468e-07	2.7346e-06	0.1	1.613468e-07	3.209764e-05	0.1	1.613468e-07	2.53754e-05	0.1	1.613468e-07	2.74187e-06	0.1	1.613468e-07	4.068805e-11	0.1	1.613468e-07	5.447218e-07	0.1	1.613468e-07	2.278104e-14	0.1
1.710732e-07	0.5954519	0.1	1.710732e-07	1.710559e-107	0.1	1.710732e-07	6.388606e-09	0.1	1.710732e-07	5.284544e-08	0.1	1.710732e-07	0.4044069	0.1	1.710732e-07	6.540068e-06	0.1	1.710732e-07	2.899073e-06	0.1	1.710732e-07	3.403539e-05	0.1	1.710732e-07	2.689122e-05	0.1	1.710732e-07	2.905622e-06	0.1	1.710732e-07	4.320996e-11	0.1	1.710732e-07	5.773513e-07	0.1	1.710732e-07	2.424414e-14	0.1
1.807996e-07	0.5941482	0.1	1.807996e-07	1.807803e-107	0.1	1.807996e-07	6.713845e-09	0.1	1.807996e-07	5.588575e-08	0.1	1.807996e-07	0.4057026	0.1	1.807996e-07	6.908598e-06	0.1	1.807996e-07	3.063554e-06	0.1	1.807996e-07	3.597422e-05	0.1	1.807996e-07	2.840522e-05	0.1	1.807996e-07	3.069181e-06	0.1	1.807996e-07	4.574505e-11	0.1	1.807996e-07	6.099579e-07	0.1	1.807996e-07	2.572346e-14	0.1
1.905261e-07	0.5931209	0.1	1.905261e-07	1.905046e-107	0.1	1.905261e-07	7.035362e-09	0.1	1.905261e-07	5.893049e-08	0.1	1.905261e-07	0.4067219	0.1	1.905261e-07	7.276835e-06	0.1	1.905261e-07	3.228047e-06	0.1	1.905261e-07	3.791417e-05	0.1	1.905261e-07	2.991731e-05	0.1	1.905261e-07	3.232538e-06	0.1	1.905261e-07	4.829408e-11	0.1	1.905261e-07	6.425407e-07	0.1	1.905261e-07	2.72199e-14	0.1
2.018697e-07	0.5921942	0.1	2.018697e-07	2.018456e-107	0.1	2.018697e-07	7.405696e-09	0.1	2.018697e-07	6.248708e-08	0.1	2.018697e-07	0.4076392	0.1	2.018697e-07	7.705933e-06	0.1	2.018697e-07	3.419906e-06	0.1	2.018697e-07	4.017817e-05	0.1	2.018697e-07	3.167829e-05	0.1	2.018697e-07	3.422789e-06	0.1	2.018697e-07	5.128552e-11	0.1	2.018697e-07	6.805097e-07	0.1	2.018697e-07	2.898795e-14	0.1
2.136176e-07	0.5914703	0.1	2.136176e-07	2.135907e-107	0.1	2.136176e-07	7.78403e-09	0.1	2.136176e-07	6.617682e-08	0.1	2.136176e-07	0.4083535	0.1	2.136176e-07	8.149914e-06	0.1	2.136176e-07	3.618625e-06	0.1	2.136176e-07	4.252466e-05	0.1	2.136176e-07	3.349902e-05	0.1	2.136176e-07	3.619503e-06	0.1	2.136176e-07	5.440588e-11	0.1	2.136176e-07	7.197947e-07	0.1	2.136176e-07	3.084633e-14	0.1
2.253655e-07	0.5909266	0.1	2.253655e-07	2.253356e-107	0.1	2.253655e-07	8.157149e-09	0.1	2.253655e-07	6.987308e-08	0.1	2.253655e-07	0.4088875	0.1	2.253655e-07	8.593482e-06	0.1	2.253655e-07	3.81737e-06	0.1	2.253655e-07	4.487306e-05	0.1	2.253655e-07	3.531653e-05	0.1	2.253655e-07	3.815878e-06	0.1	2.253655e-07	5.755018e-11	0.1	2.253655e-07	7.590401e-07	0.1	2.253655e-07	3.273402e-14	0.1
2.371134e-07	0.590518	0.1	2.371134e-07	2.370803e-107	0.1	2.371134e-07	8.525127e-09	0.1	2.371134e-07	7.357587e-08	0.1	2.371134e-07	0.4092865	0.1	2.371134e-07	9.036642e-06	0.1	2.371134e-07	4.016142e-06	0.1	2.371134e-07	4.722347e-05	0.1	2.371134e-07	3.713068e-05	0.1	2.371134e-07	4.011897e-06	0.1	2.371134e-07	6.071971e-11	0.1	2.371134e-07	7.98244e-07	0.1	2.371134e-07	3.465254e-14	0.1
2.508085e-07	0.5901675	0.1	2.508085e-07	2.507714e-107	0.1	2.508085e-07	8.947699e-09	0.1	2.508085e-07	7.790064e-08	0.1	2.508085e-07	0.4096258	0.1	2.508085e-07	9.552741e-06	0.1	2.508085e-07	4.247897e-06	0.1	2.508085e-07	4.996607e-05	0.1	2.508085e-07	3.924102e-05	0.1	2.508085e-07	4.239932e-06	0.1	2.508085e-07	6.444805e-11	0.1	2.508085e-07	8.438906e-07	0.1	2.508085e-07	3.692997e-14	0.1
2.649903e-07	0.5899077	0.1	2.649903e-07	2.649489e-107	0.1	2.649903e-07	9.378152e-09	0.1	2.649903e-07	8.238852e-08	0.1	2.649903e-07	0.4098739	0.1	2.649903e-07	1.008661e-05	0.1	2.649903e-07	4.487936e-06	0.1	2.649903e-07	5.28093e-05	0.1	2.649903e-07	4.142106e-05	0.1	2.649903e-07	4.475511e-06	0.1	2.649903e-07	6.834894e-11	0.1	2.649903e-07	8.910943e-07	0.1	2.649903e-07	3.93372e-14	0.1
2.791721e-07	0.5897225	0.1	2.791721e-07	2.791262e-107	0.1	2.791721e-07	9.801459e-09	0.1	2.791721e-07	8.688598e-08	0.1	2.791721e-07	0.4100475	0.1	2.791721e-07	1.061991e-05	0.1	2.791721e-07	4.728026e-06	0.1	2.791721e-07	5.565585e-05	0.1	2.791721e-07	4.359539e-05	0.1	2.791721e-07	4.710489e-06	0.1	2.791721e-07	7.229267e-11	0.1	2.791721e-07	9.38228e-07	0.1	2.791721e-07	4.179667e-14	0.1
2.945509e-07	0.5895805	0.1	2.945509e-07	2.944997e-107	0.1	2.945509e-07	1.025256e-08	0.1	2.945509e-07	9.177387e-08	0.1	2.945509e-07	0.4101769	0.1	2.945509e-07	1.119757e-05	0.1	2.945509e-07	4.988442e-06	0.1	2.945509e-07	5.874658e-05	0.1	2.945509e-07	4.594649e-05	0.1	2.945509e-07	4.964587e-06	0.1	2.945509e-07	7.662016e-11	0.1	2.945509e-07	9.892569e-07	0.1	2.945509e-07	4.452573e-14	0.1
3.117251e-07	0.5894714	0.1	3.117251e-07	3.116678e-107	0.1	3.117251e-07	1.074674e-08	0.1	3.117251e-07	9.724575e-08	0.1	3.117251e-07	0.410272	0.1	3.117251e-07	1.184188e-05	0.1	3.117251e-07	5.27934e-06	0.1	3.117251e-07	6.220318e-05	0.1	3.117251e-07	4.856333e-05	0.1	3.117251e-07	5.247429e-06	0.1	3.117251e-07	8.151869e-11	0.1	3.117251e-07	1.046136e-06	0.1	3.117251e-07	4.765348e-14	0.1
3.288993e-07	0.589397	0.1	3.288993e-07	3.288356e-107	0.1	3.288993e-07	1.123102e-08	0.1	3.288993e-07	1.027317e-07	0.1	3.288993e-07	0.4103324	0.1	3.288993e-07	1.248538e-05	0.1	3.288993e-07	5.570327e-06	0.1	3.288993e-07	6.566532e-05	0.1	3.288993e-07	5.11705e-05	0.1	3.288993e-07	5.529251e-06	0.1	3.288993e-07	8.649022e-11	0.1	3.288993e-07	1.102896e-06	0.1	3.288993e-07	5.086994e-14	0.1
3.482224e-07	0.5893401	0.1	3.482224e-07	3.48151e-107	0.1	3.482224e-07	1.176429e-08	0.1	3.482224e-07	1.08921e-07	0.1	3.482224e-07	0.4103734	0.1	3.482224e-07	1.320843e-05	0.1	3.482224e-07	5.897837e-06	0.1	3.482224e-07	6.956758e-05	0.1	3.482224e-07	5.409173e-05	0.1	3.482224e-07	5.845055e-06	0.1	3.482224e-07	9.217563e-11	0.1	3.482224e-07	1.166609e-06	0.1	3.482224e-07	5.460025e-14	0.1
3.689782e-07	0.5892989	0.1	3.689782e-07	3.688981e-107	0.1	3.689782e-07	1.232373e-08	0.1	3.689782e-07	1.155892e-07	0.1	3.689782e-07	0.4103977	0.1	3.689782e-07	1.398397e-05	0.1	3.689782e-07	6.24977e-06	0.1	3.689782e-07	7.376767e-05	0.1	3.689782e-07	5.721446e-05	0.1	3.689782e-07	6.182682e-06	0.1	3.689782e-07	9.839644e-11	0.1	3.689782e-07	1.234859e-06	0.1	3.689782e-07	5.874506e-14	0.1
3.906277e-07	0.5892691	0.1	3.906277e-07	3.90538e-107	0.1	3.906277e-07	1.289285e-08	0.1	3.906277e-07	1.225665e-07	0.1	3.906277e-07	0.4104099	0.1	3.906277e-07	1.479167e-05	0.1	3.906277e-07	6.61702e-06	0.1	3.906277e-07	7.815842e-05	0.1	3.906277e-07	6.045415e-05	0.1	3.906277e-07	6.533001e-06	0.1	3.906277e-07	1.050173e-10	0.1	3.906277e-07	1.305832e-06	0.1	3.906277e-07	6.322813e-14	0.1
4.158519e-07	0.5892442	0.1	4.158519e-07	4.157503e-107	0.1	4.158519e-07	1.353788e-08	0.1	4.158519e-07	1.307243e-07	0.1	4.158519e-07	0.4104142	0.1	4.158519e-07	1.573119e-05	0.1	4.158519e-07	7.045131e-06	0.1	4.158519e-07	8.328736e-05	0.1	4.158519e-07	6.420504e-05	0.1	4.158519e-07	6.938663e-06	0.1	4.158519e-07	1.129105e-10	0.1	4.158519e-07	1.388231e-06	0.1	4.158519e-07	6.866761e-14	0.1
4.422023e-07	0.5892246	0.1	4.422023e-07	4.420874e-107	0.1	4.422023e-07	1.419154e-08	0.1	4.422023e-07	1.392791e-07	0.1	4.422023e-07	0.4104124	0.1	4.422023e-07	1.67109e-05	0.1	4.422023e-07	7.492624e-06	0.1	4.422023e-07	8.866115e-05	0.1	4.422023e-07	6.809472e-05	0.1	4.422023e-07	7.359411e-06	0.1	4.422023e-07	1.21373e-10	0.1	4.422023e-07	1.473953e-06	0.1	4.422023e-07	7.461083e-14	0.1
4.730575e-07	0.5892057	0.1	4.730575e-07	4.72926e-107	0.1	4.730575e-07	1.49316e-08	0.1	4.730575e-07	1.493389e-07	0.1	4.730575e-07	0.4104063	0.1	4.730575e-07	1.785586e-05	0.1	4.730575e-07	8.016987e-06	0.1	4.730575e-07	9.497521e-05	0.1	4.730575e-07	7.261006e-05	0.1	4.730575e-07	7.847945e-06	0.1	4.730575e-07	1.315793e-10	0.1	4.730575e-07	1.573841e-06	0.1	4.730575e-07	8.19263e-14	0.1
5.06715e-07	0.5891876	0.1	5.06715e-07	5.065643e-107	0.1	5.06715e-07	1.570878e-08	0.1	5.06715e-07	1.603649e-07	0.1	5.06715e-07	0.4103971	0.1	5.06715e-07	1.910209e-05	0.1	5.06715e-07	8.589451e-06	0.1	5.06715e-07	0.0001018905	0.1	5.06715e-07	7.748452e-05	0.1	5.06715e-07	8.375471e-06	0.1	5.06715e-07	1.430981e-10	0.1	5.06715e-07	1.682166e-06	0.1	5.06715e-07	9.036672e-14	0.1
5.44576e-07	0.5891686	0.1	5.44576e-07	5.444021e-107	0.1	5.44576e-07	1.654699e-08	0.1	5.44576e-07	1.728336e-07	0.1	5.44576e-07	0.4103855	0.1	5.44576e-07	2.050067e-05	0.1	5.44576e-07	9.234039e-06	0.1	5.44576e-07	0.000109706	0.1	5.44576e-07	8.290067e-05	0.1	5.44576e-07	8.961802e-06	0.1	5.44576e-07	1.565631e-10	0.1	5.44576e-07	1.80318e-06	0.1	5.44576e-07	1.00465e-13	0.1
5.908295e-07	0.5891462	0.1	5.908295e-07	5.90625e-107	0.1	5.908295e-07	1.752159e-08	0.1	5.908295e-07	1.881604e-07	0.1	5.908295e-07	0.4103706	0.1	5.908295e-07	2.220464e-05	0.1	5.908295e-07	1.002246e-05	0.1	5.908295e-07	0.0001193087	0.1	5.908295e-07	8.941548e-05	0.1	5.908295e-07	9.667349e-06	0.1	5.908295e-07	1.737844e-10	0.1	5.908295e-07	1.949737e-06	0.1	5.908295e-07	1.137136e-13	0.1
6.444552e-07	0.5891207	0.1	6.444552e-07	6.442123e-107	0.1	6.444552e-07	1.858709e-08	0.1	6.444552e-07	2.060603e-07	0.1	6.444552e-07	0.4103531	0.1	6.444552e-07	2.417398e-05	0.1	6.444552e-07	1.093793e-05	0.1	6.444552e-07	0.0001305216	0.1	6.444552e-07	9.682015e-05	0.1	6.444552e-07	1.046967e-05	0.1	6.444552e-07	1.948752e-10	0.1	6.444552e-07	2.117773e-06	0.1	6.444552e-07	1.303938e-13	0.1
7.070817e-07	0.5890912	0.1	7.070817e-07	7.067897e-107	0.1	7.070817e-07	1.974929e-08	0.1	7.070817e-07	2.271411e-07	0.1	7.070817e-07	0.4103327	0.1	7.070817e-07	2.646565e-05	0.1	7.070817e-07	1.200902e-05	0.1	7.070817e-07	0.0001437305	0.1	7.070817e-07	0.0001052539	0.1	7.070817e-07	1.138409e-05	0.1	7.070817e-07	2.211261e-10	0.1	7.070817e-07	2.311285e-06	0.1	7.070817e-07	1.517561e-13	0.1
7.860517e-07	0.5890543	0.1	7.860517e-07	7.856917e-107	0.1	7.860517e-07	2.109797e-08	0.1	7.860517e-07	2.539942e-07	0.1	7.860517e-07	0.410307	0.1	7.860517e-07	2.934318e-05	0.1	7.860517e-07	1.336281e-05	0.1	7.860517e-07	0.0001605707	0.1	7.860517e-07	0.0001155411	0.1	7.860517e-07	1.250043e-05	0.1	7.860517e-07	2.568628e-10	0.1	7.860517e-07	2.550818e-06	0.1	7.860517e-07	1.817159e-13	0.1
8.941949e-07	0.5890043	0.1	8.941949e-07	8.937307e-107	0.1	8.941949e-07	2.27533e-08	0.1	8.941949e-07	2.91254e-07	0.1	8.941949e-07	0.4102721	0.1	8.941949e-07	3.326242e-05	0.1	8.941949e-07	1.522271e-05	0.1	8.941949e-07	0.0001839826	0.1	8.941949e-07	0.000128964	0.1	8.941949e-07	1.395892e-05	0.1	8.941949e-07	3.108476e-10	0.1	8.941949e-07	2.870142e-06	0.1	8.941949e-07	2.284225e-13	0.1
1.038716e-06	0.5889383	0.1	1.038716e-06	1.038093e-106	0.1	1.038716e-06	2.466189e-08	0.1	1.038716e-06	3.419111e-07	0.1	1.038716e-06	0.4102262	0.1	1.038716e-06	3.8463e-05	0.1	1.038716e-06	1.771928e-05	0.1	1.038716e-06	0.0002159319	0.1	1.038716e-06	0.0001456424	0.1	1.038716e-06	1.577469e-05	0.1	1.038716e-06	3.925729e-10	0.1	1.038716e-06	3.280028e-06	0.1	1.038716e-06	3.013092e-13	0.1
1.226865e-06	0.588854	0.1	1.226865e-06	1.226002e-106	0.1	1.226865e-06	2.670877e-08	0.1	1.226865e-06	4.092896e-07	0.1	1.226865e-06	0.4101674	0.1	1.226865e-06	4.517198e-05	0.1	1.226865e-06	2.098807e-05	0.1	1.226865e-06	0.0002586919	0.1	1.226865e-06	0.00016513	0.1	1.226865e-06	1.79027e-05	0.1	1.226865e-06	5.159342e-10	0.1	1.226865e-06	3.782873e-06	0.1	1.226865e-06	4.138794e-13	0.1
1.505225e-06	0.5887325	0.1	1.505225e-06	1.503941e-106	0.1	1.505225e-06	2.90207e-08	0.1	1.505225e-06	5.117288e-07	0.1	1.505225e-06	0.4100828	0.1	1.505225e-06	5.497154e-05	0.1	1.505225e-06	2.585859e-05	0.1	1.505225e-06	0.0003243476	0.1	1.505225e-06	0.0001893965	0.1	1.505225e-06	2.056595e-05	0.1	1.505225e-06	7.333806e-10	0.1	1.505225e-06	4.460312e-06	0.1	1.505225e-06	6.139011e-13	0.1
1.783586e-06	0.5886145	0.1	1.783586e-06	1.781804e-106	0.1	1.783586e-06	3.069293e-08	0.1	1.783586e-06	6.170688e-07	0.1	1.783586e-06	0.4100006	0.1	1.783586e-06	6.461727e-05	0.1	1.783586e-06	3.076028e-05	0.1	1.783586e-06	0.0003926671	0.1	1.783586e-06	0.0002086112	0.1	1.783586e-06	2.269047e-05	0.1	1.783586e-06	9.897209e-10	0.1	1.783586e-06	5.058635e-06	0.1	1.783586e-06	8.463312e-13	0.1
2.061946e-06	0.5884997	0.1	2.061946e-06	2.059593e-106	0.1	2.061946e-06	3.190384e-08	0.1	2.061946e-06	7.248308e-07	0.1	2.061946e-06	0.4099207	0.1	2.061946e-06	7.410154e-05	0.1	2.061946e-06	3.567895e-05	0.1	2.061946e-06	0.0004633184	0.1	2.061946e-06	0.0002234576	0.1	2.061946e-06	2.434697e-05	0.1	2.061946e-06	1.279986e-09	0.1	2.061946e-06	5.581966e-06	0.1	2.061946e-06	1.101129e-12	0.1
2.340307e-06	0.5883875	0.1	2.340307e-06	2.337311e-106	0.1	2.340307e-06	3.278168e-08	0.1	2.340307e-06	8.345442e-07	0.1	2.340307e-06	0.4098425	0.1	2.340307e-06	8.341538e-05	0.1	2.340307e-06	4.059926e-05	0.1	2.340307e-06	0.0005359253	0.1	2.340307e-06	0.000234709	0.1	2.340307e-06	2.561619e-05	0.1	2.340307e-06	1.598489e-09	0.1	2.340307e-06	6.036928e-06	0.1	2.340307e-06	1.368461e-12	0.1
2.618667e-06	0.5882773	0.1	2.618667e-06	2.614957e-106	0.1	2.618667e-06	3.341878e-08	0.1	2.618667e-06	9.457871e-07	0.1	2.618667e-06	0.4097657	0.1	2.618667e-06	9.255052e-05	0.1	2.618667e-06	4.55063e-05	0.1	2.618667e-06	0.0006101258	0.1	2.618667e-06	0.0002431076	0.1	2.618667e-06	2.657623e-05	0.1	2.618667e-06	1.939738e-09	0.1	2.618667e-06	6.431209e-06	0.1	2.618667e-06	1.639901e-12	0.1
2.949648e-06	0.5881483	0.1	2.949648e-06	2.944997e-106	0.1	2.949648e-06	3.395384e-08	0.1	2.949648e-06	1.079562e-06	0.1	2.949648e-06	0.4096758	0.1	2.949648e-06	0.0001031711	0.1	2.949648e-06	5.130492e-05	0.1	2.949648e-06	0.0006999914	0.1	2.949648e-06	0.0002502721	0.1	2.949648e-06	2.740964e-05	0.1	2.949648e-06	2.368475e-09	0.1	2.949648e-06	6.831775e-06	0.1	2.949648e-06	1.959029e-12	0.1
3.195594e-06	0.5880535	0.1	3.195594e-06	3.19018e-106	0.1	3.195594e-06	3.423909e-08	0.1	3.195594e-06	1.179761e-06	0.1	3.195594e-06	0.4096098	0.1	3.195594e-06	0.0001108891	0.1	3.195594e-06	5.557725e-05	0.1	3.195594e-06	0.0007676789	0.1	3.195594e-06	0.0002541054	0.1	3.195594e-06	2.786485e-05	0.1	3.195594e-06	2.699541e-09	0.1	3.195594e-06	7.088205e-06	0.1	3.195594e-06	2.189277e-12	0.1
3.424752e-06	0.5879658	0.1	3.424752e-06	3.418578e-106	0.1	3.424752e-06	3.444191e-08	0.1	3.424752e-06	1.273578e-06	0.1	3.424752e-06	0.4095487	0.1	3.424752e-06	0.0001179451	0.1	3.424752e-06	5.952288e-05	0.1	3.424752e-06	0.0008313037	0.1	3.424752e-06	0.0002568177	0.1	3.424752e-06	2.819356e-05	0.1	3.424752e-06	3.015456e-09	0.1	3.424752e-06	7.299907e-06	0.1	3.424752e-06	2.396417e-12	0.1
3.73116e-06	0.5878492	0.1	3.73116e-06	3.723895e-106	0.1	3.73116e-06	3.464278e-08	0.1	3.73116e-06	1.399544e-06	0.1	3.73116e-06	0.4094675	0.1	3.73116e-06	0.0001271754	0.1	3.73116e-06	6.473693e-05	0.1	3.73116e-06	0.0009170582	0.1	3.73116e-06	0.0002594691	0.1	3.73116e-06	2.852376e-05	0.1	3.73116e-06	3.446696e-09	0.1	3.73116e-06	7.547544e-06	0.1	3.73116e-06	2.660393e-12	0.1
4.060293e-06	0.5877247	0.1	4.060293e-06	4.051761e-106	0.1	4.060293e-06	3.479409e-08	0.1	4.060293e-06	1.535341e-06	0.1	4.060293e-06	0.4093808	0.1	4.060293e-06	0.0001368305	0.1	4.060293e-06	7.024849e-05	0.1	4.060293e-06	0.00100987	0.1	4.060293e-06	0.000261415	0.1	4.060293e-06	2.877615e-05	0.1	4.060293e-06	3.91861e-09	0.1	4.060293e-06	7.775147e-06	0.1	4.060293e-06	2.926055e-12	0.1
4.295388e-06	0.587636	0.1	4.295388e-06	4.285891e-106	0.1	4.295388e-06	3.4873e-08	0.1	4.295388e-06	1.632565e-06	0.1	4.295388e-06	0.409319	0.1	4.295388e-06	0.0001435636	0.1	4.295388e-06	7.412294e-05	0.1	4.295388e-06	0.001076524	0.1	4.295388e-06	0.0002623958	0.1	4.295388e-06	2.89094e-05	0.1	4.295388e-06	4.25998e-09	0.1	4.295388e-06	7.917035e-06	0.1	4.295388e-06	3.104196e-12	0.1
4.641074e-06	0.587506	0.1	4.641074e-06	4.630068e-106	0.1	4.641074e-06	3.495792e-08	0.1	4.641074e-06	1.775769e-06	0.1	4.641074e-06	0.4092285	0.1	4.641074e-06	0.0001532203	0.1	4.641074e-06	7.971785e-05	0.1	4.641074e-06	0.001174981	0.1	4.641074e-06	0.0002634031	0.1	4.641074e-06	2.905454e-05	0.1	4.641074e-06	4.767035e-09	0.1	4.641074e-06	8.099171e-06	0.1	4.641074e-06	3.348807e-12	0.1
5.057482e-06	0.5873498	0.1	5.057482e-06	5.044514e-106	0.1	5.057482e-06	3.502647e-08	0.1	5.057482e-06	1.948546e-06	0.1	5.057482e-06	0.4091196	0.1	5.057482e-06	0.0001644747	0.1	5.057482e-06	8.628483e-05	0.1	5.057482e-06	0.001294173	0.1	5.057482e-06	0.0002641502	0.1	5.057482e-06	2.917379e-05	0.1	5.057482e-06	5.384226e-09	0.1	5.057482e-06	8.283482e-06	0.1	5.057482e-06	3.617293e-12	0.1
5.521039e-06	0.5871762	0.1	5.521039e-06	5.505701e-106	0.1	5.521039e-06	3.507558e-08	0.1	5.521039e-06	2.141119e-06	0.1	5.521039e-06	0.4089987	0.1	5.521039e-06	0.0001765308	0.1	5.521039e-06	9.335921e-05	0.1	5.521039e-06	0.001427491	0.1	5.521039e-06	0.0002646135	0.1	5.521039e-06	2.926132e-05	0.1	5.521039e-06	6.077782e-09	0.1	5.521039e-06	8.452177e-06	0.1	5.521039e-06	3.885178e-12	0.1
6.043394e-06	0.5869809	0.1	6.043394e-06	6.025149e-106	0.1	6.043394e-06	3.511081e-08	0.1	6.043394e-06	2.358309e-06	0.1	6.043394e-06	0.4088627	0.1	6.043394e-06	0.0001895401	0.1	6.043394e-06	0.0001010169	0.1	6.043394e-06	0.001578396	0.1	6.043394e-06	0.0002648725	0.1	6.043394e-06	2.932623e-05	0.1	6.043394e-06	6.865964e-09	0.1	6.043394e-06	8.605827e-06	0.1	6.043394e-06	4.152174e-12	0.1
6.604948e-06	0.5867712	0.1	6.604948e-06	6.5833e-106	0.1	6.604948e-06	3.513551e-08	0.1	6.604948e-06	2.591945e-06	0.1	6.604948e-06	0.4087167	0.1	6.604948e-06	0.0002028724	0.1	6.604948e-06	0.0001088631	0.1	6.604948e-06	0.001741323	0.1	6.604948e-06	0.000264988	0.1	6.604948e-06	2.937379e-05	0.1	6.604948e-06	7.720022e-09	0.1	6.604948e-06	8.737443e-06	0.1	6.604948e-06	4.403506e-12	0.1
7.240666e-06	0.5865342	0.1	7.240666e-06	7.214817e-106	0.1	7.240666e-06	3.515493e-08	0.1	7.240666e-06	2.856564e-06	0.1	7.240666e-06	0.4085515	0.1	7.240666e-06	0.000217187	0.1	7.240666e-06	0.0001172499	0.1	7.240666e-06	0.001926547	0.1	7.240666e-06	0.0002650225	0.1	7.240666e-06	2.941308e-05	0.1	7.240666e-06	8.694424e-09	0.1	7.240666e-06	8.854322e-06	0.1	7.240666e-06	4.650373e-12	0.1
7.925826e-06	0.586279	0.1	7.925826e-06	7.895035e-106	0.1	7.925826e-06	3.517091e-08	0.1	7.925826e-06	3.141877e-06	0.1	7.925826e-06	0.4083738	0.1	7.925826e-06	0.0002317377	0.1	7.925826e-06	0.0001256923	0.1	7.925826e-06	0.002127021	0.1	7.925826e-06	0.000265012	0.1	7.925826e-06	2.944684e-05	0.1	7.925826e-06	9.752966e-09	0.1	7.925826e-06	8.951528e-06	0.1	7.925826e-06	4.879462e-12	0.1
8.742277e-06	0.5859754	0.1	8.742277e-06	8.705033e-106	0.1	8.742277e-06	3.518696e-08	0.1	8.742277e-06	3.481982e-06	0.1	8.742277e-06	0.4081623	0.1	8.742277e-06	0.0002479592	0.1	8.742277e-06	0.0001349469	0.1	8.742277e-06	0.002366961	0.1	8.742277e-06	0.0002649787	0.1	8.742277e-06	2.948157e-05	0.1	8.742277e-06	1.102506e-08	0.1	8.742277e-06	9.038843e-06	0.1	8.742277e-06	5.112129e-12	0.1
9.673636e-06	0.5856296	0.1	9.673636e-06	9.628285e-106	0.1	9.673636e-06	3.520364e-08	0.1	9.673636e-06	3.870081e-06	0.1	9.673636e-06	0.4079215	0.1	9.673636e-06	0.0002650816	0.1	9.673636e-06	0.0001444584	0.1	9.673636e-06	0.002641946	0.1	9.673636e-06	0.000264936	0.1	9.673636e-06	2.95175e-05	0.1	9.673636e-06	1.248971e-08	0.1	9.673636e-06	9.111614e-06	0.1	9.673636e-06	5.335438e-12	0.1
1.072812e-05	0.5852389	0.1	1.072812e-05	1.067263e-105	0.1	1.072812e-05	3.522171e-08	0.1	1.072812e-05	4.309611e-06	0.1	1.072812e-05	0.4076493	0.1	1.072812e-05	0.000282829	0.1	1.072812e-05	0.0001539437	0.1	1.072812e-05	0.002954775	0.1	1.072812e-05	0.000264889	0.1	1.072812e-05	2.955498e-05	0.1	1.072812e-05	1.416428e-08	0.1	1.072812e-05	9.170503e-06	0.1	1.072812e-05	5.546577e-12	0.1
1.208821e-05	0.584736	0.1	1.208821e-05	1.201813e-105	0.1	1.208821e-05	3.524443e-08	0.1	1.208821e-05	4.876631e-06	0.1	1.208821e-05	0.407299	0.1	1.208821e-05	0.0003033884	0.1	1.208821e-05	0.0001643193	0.1	1.208821e-05	0.003360343	0.1	1.208821e-05	0.0002648282	0.1	1.208821e-05	2.959833e-05	0.1	1.208821e-05	1.634744e-08	0.1	1.208821e-05	9.222631e-06	0.1	1.208821e-05	5.769629e-12	0.1
1.370925e-05	0.5841383	0.1	1.370925e-05	1.361957e-105	0.1	1.370925e-05	3.52709e-08	0.1	1.370925e-05	5.552453e-06	0.1	1.370925e-05	0.4068827	0.1	1.370925e-05	0.0003248417	0.1	1.370925e-05	0.0001742705	0.1	1.370925e-05	0.003846371	0.1	1.370925e-05	0.000264747	0.1	1.370925e-05	2.964161e-05	0.1	1.370925e-05	1.897943e-08	0.1	1.370925e-05	9.263248e-06	0.1	1.370925e-05	5.981452e-12	0.1
1.550426e-05	0.5834782	0.1	1.550426e-05	1.539007e-105	0.1	1.550426e-05	3.529947e-08	0.1	1.550426e-05	6.300579e-06	0.1	1.550426e-05	0.4064229	0.1	1.550426e-05	0.0003452287	0.1	1.550426e-05	0.0001827257	0.1	1.550426e-05	0.004387353	0.1	1.550426e-05	0.0002646383	0.1	1.550426e-05	2.967793e-05	0.1	1.550426e-05	2.192521e-08	0.1	1.550426e-05	9.291974e-06	0.1	1.550426e-05	6.164675e-12	0.1
1.729927e-05	0.5828196	0.1	1.729927e-05	1.71576e-105	0.1	1.729927e-05	3.532728e-08	0.1	1.729927e-05	7.048212e-06	0.1	1.729927e-05	0.4059642	0.1	1.729927e-05	0.0003625742	0.1	1.729927e-05	0.0001890281	0.1	1.729927e-05	0.004930708	0.1	1.729927e-05	0.0002645077	0.1	1.729927e-05	2.970228e-05	0.1	1.729927e-05	2.489677e-08	0.1	1.729927e-05	9.310162e-06	0.1	1.729927e-05	6.306359e-12	0.1
1.946134e-05	0.5820282	0.1	1.946134e-05	1.928266e-105	0.1	1.946134e-05	3.535988e-08	0.1	1.946134e-05	7.947751e-06	0.1	1.946134e-05	0.4054129	0.1	1.946134e-05	0.0003800509	0.1	1.946134e-05	0.000194447	0.1	1.946134e-05	0.005587618	0.1	1.946134e-05	0.0002643239	0.1	1.946134e-05	2.971752e-05	0.1	1.946134e-05	2.850116e-08	0.1	1.946134e-05	9.323003e-06	0.1	1.946134e-05	6.434129e-12	0.1
2.190209e-05	0.5811366	0.1	2.190209e-05	2.167647e-105	0.1	2.190209e-05	3.539571e-08	0.1	2.190209e-05	8.961563e-06	0.1	2.190209e-05	0.4047919	0.1	2.190209e-05	0.0003960553	0.1	2.190209e-05	0.000198509	0.1	2.190209e-05	0.006331542	0.1	2.190209e-05	0.0002640883	0.1	2.190209e-05	2.971978e-05	0.1	2.190209e-05	3.259265e-08	0.1	2.190209e-05	9.329509e-06	0.1	2.190209e-05	6.535268e-12	0.1
2.470523e-05	0.5801148	0.1	2.470523e-05	2.441895e-105	0.1	2.470523e-05	3.543586e-08	0.1	2.470523e-05	1.01233e-05	0.1	2.470523e-05	0.4040801	0.1	2.470523e-05	0.0004105056	0.1	2.470523e-05	0.0002013719	0.1	2.470523e-05	0.007187935	0.1	2.470523e-05	0.0002637914	0.1	2.470523e-05	2.970811e-05	0.1	2.470523e-05	3.73093e-08	0.1	2.470523e-05	9.330053e-06	0.1	2.470523e-05	6.610457e-12	0.1
2.821484e-05	0.5788384	0.1	2.821484e-05	2.784246e-105	0.1	2.821484e-05	3.548506e-08	0.1	2.821484e-05	1.157339e-05	0.1	2.821484e-05	0.403191	0.1	2.821484e-05	0.0004240004	0.1	2.821484e-05	0.000203291	0.1	2.821484e-05	0.00826174	0.1	2.821484e-05	0.0002633944	0.1	2.821484e-05	2.96795e-05	0.1	2.821484e-05	4.322729e-08	0.1	2.821484e-05	9.324179e-06	0.1	2.821484e-05	6.663309e-12	0.1
3.172445e-05	0.5775651	0.1	3.172445e-05	3.125471e-105	0.1	3.172445e-05	3.553343e-08	0.1	3.172445e-05	1.301819e-05	0.1	3.172445e-05	0.4023041	0.1	3.172445e-05	0.0004336529	0.1	3.172445e-05	0.000204159	0.1	3.172445e-05	0.009335935	0.1	3.172445e-05	0.0002629813	0.1	3.172445e-05	2.964172e-05	0.1	3.172445e-05	4.914854e-08	0.1	3.172445e-05	9.314028e-06	0.1	3.172445e-05	6.687967e-12	0.1
3.523406e-05	0.5762949	0.1	3.523406e-05	3.465573e-105	0.1	3.523406e-05	3.55812e-08	0.1	3.523406e-05	1.445745e-05	0.1	3.523406e-05	0.4014193	0.1	3.523406e-05	0.0004404809	0.1	3.523406e-05	0.0002044635	0.1	3.523406e-05	0.01040945	0.1	3.523406e-05	0.00026256	0.1	3.523406e-05	2.959893e-05	0.1	3.523406e-05	5.506638e-08	0.1	3.523406e-05	9.301525e-06	0.1	3.523406e-05	6.696528e-12	0.1
3.874367e-05	0.5750279	0.1	3.874367e-05	3.804556e-105	0.1	3.874367e-05	3.562852e-08	0.1	3.874367e-05	1.589107e-05	0.1	3.874367e-05	0.4005368	0.1	3.874367e-05	0.0004452331	0.1	3.874367e-05	0.0002044679	0.1	3.874367e-05	0.01148152	0.1	3.874367e-05	0.0002621347	0.1	3.874367e-05	2.95535e-05	0.1	3.874367e-05	6.097715e-08	0.1	3.874367e-05	9.287756e-06	0.1	3.874367e-05	6.696138e-12	0.1
4.225328e-05	0.5737645	0.1	4.225328e-05	4.142424e-105	0.1	4.225328e-05	3.567546e-08	0.1	4.225328e-05	1.731899e-05	0.1	4.225328e-05	0.3996568	0.1	4.225328e-05	0.00044846	0.1	4.225328e-05	0.0002043131	0.1	4.225328e-05	0.01255159	0.1	4.225328e-05	0.0002617077	0.1	4.225328e-05	2.950671e-05	0.1	4.225328e-05	6.687879e-08	0.1	4.225328e-05	9.273323e-06	0.1	4.225328e-05	6.690861e-12	0.1
4.650413e-05	0.572239	0.1	4.650413e-05	4.550167e-105	0.1	4.650413e-05	3.57319e-08	0.1	4.650413e-05	1.904086e-05	0.1	4.650413e-05	0.3985942	0.1	4.650413e-05	0.0004508979	0.1	4.650413e-05	0.0002040171	0.1	4.650413e-05	0.01384443	0.1	4.650413e-05	0.0002611903	0.1	4.650413e-05	2.944918e-05	0.1	4.650413e-05	7.401301e-08	0.1	4.650413e-05	9.255411e-06	0.1	4.650413e-05	6.681075e-12	0.1
5.075498e-05	0.570719	0.1	5.075498e-05	4.956292e-105	0.1	5.075498e-05	3.578791e-08	0.1	5.075498e-05	2.075435e-05	0.1	5.075498e-05	0.3975354	0.1	5.075498e-05	0.0004522009	0.1	5.075498e-05	0.0002036637	0.1	5.075498e-05	0.01513326	0.1	5.075498e-05	0.0002606735	0.1	5.075498e-05	2.939129e-05	0.1	5.075498e-05	8.113094e-08	0.1	5.075498e-05	9.237297e-06	0.1	5.075498e-05	6.669468e-12	0.1
5.586617e-05	0.5688987	0.1	5.586617e-05	5.442484e-105	0.1	5.586617e-05	3.585474e-08	0.1	5.586617e-05	2.280361e-05	0.1	5.586617e-05	0.3962675	0.1	5.586617e-05	0.000452758	0.1	5.586617e-05	0.0002032059	0.1	5.586617e-05	0.01667719	0.1	5.586617e-05	0.0002600539	0.1	5.586617e-05	2.932163e-05	0.1	5.586617e-05	8.966688e-08	0.1	5.586617e-05	9.215445e-06	0.1	5.586617e-05	6.654462e-12	0.1
6.097736e-05	0.5670867	0.1	6.097736e-05	5.926365e-105	0.1	6.097736e-05	3.592102e-08	0.1	6.097736e-05	2.484088e-05	0.1	6.097736e-05	0.3950054	0.1	6.097736e-05	0.0004525932	0.1	6.097736e-05	0.0002027341	0.1	6.097736e-05	0.0182145	0.1	6.097736e-05	0.0002594367	0.1	6.097736e-05	2.925211e-05	0.1	6.097736e-05	9.817736e-08	0.1	6.097736e-05	9.193613e-06	0.1	6.097736e-05	6.639007e-12	0.1
6.693476e-05	0.5649853	0.1	6.693476e-05	6.487465e-105	0.1	6.693476e-05	3.599762e-08	0.1	6.693476e-05	2.720041e-05	0.1	6.693476e-05	0.3935416	0.1	6.693476e-05	0.0004518352	0.1	6.693476e-05	0.0002021791	0.1	6.693476e-05	0.0199977	0.1	6.693476e-05	0.0002587204	0.1	6.693476e-05	2.917139e-05	0.1	6.693476e-05	1.080638e-07	0.1	6.693476e-05	9.168251e-06	0.1	6.693476e-05	6.62083e-12	0.1
7.310371e-05	0.5628211	0.1	7.310371e-05	7.065233e-105	0.1	7.310371e-05	3.60762e-08	0.1	7.310371e-05	2.962681e-05	0.1	7.310371e-05	0.3920342	0.1	7.310371e-05	0.0004506646	0.1	7.310371e-05	0.0002016041	0.1	7.310371e-05	0.02183425	0.1	7.310371e-05	0.0002579825	0.1	7.310371e-05	2.90882e-05	0.1	7.310371e-05	1.18263e-07	0.1	7.310371e-05	9.142109e-06	0.1	7.310371e-05	6.602002e-12	0.1
8.007683e-05	0.5603896	0.1	8.007683e-05	7.714362e-105	0.1	8.007683e-05	3.616414e-08	0.1	8.007683e-05	3.234896e-05	0.1	8.007683e-05	0.3903405	0.1	8.007683e-05	0.000449075	0.1	8.007683e-05	0.0002009567	0.1	8.007683e-05	0.02389791	0.1	8.007683e-05	0.000257153	0.1	8.007683e-05	2.899468e-05	0.1	8.007683e-05	1.297435e-07	0.1	8.007683e-05	9.112719e-06	0.1	8.007683e-05	6.5808e-12	0.1
8.758608e-05	0.5577884	0.1	8.758608e-05	8.408747e-105	0.1	8.758608e-05	3.62578e-08	0.1	8.758608e-05	3.525624e-05	0.1	8.758608e-05	0.3885286	0.1	8.758608e-05	0.0004471957	0.1	8.758608e-05	0.0002002633	0.1	8.758608e-05	0.02610562	0.1	8.758608e-05	0.0002562654	0.1	8.758608e-05	2.889459e-05	0.1	8.758608e-05	1.42048e-07	0.1	8.758608e-05	9.081265e-06	0.1	8.758608e-05	6.558095e-12	0.1
9.615613e-05	0.5548415	0.1	9.615613e-05	9.195392e-105	0.1	9.615613e-05	3.636341e-08	0.1	9.615613e-05	3.854391e-05	0.1	9.615613e-05	0.386476	0.1	9.615613e-05	0.0004449502	0.1	9.615613e-05	0.0001994773	0.1	9.615613e-05	0.02860676	0.1	9.615613e-05	0.0002552593	0.1	9.615613e-05	2.878115e-05	0.1	9.615613e-05	1.560142e-07	0.1	9.615613e-05	9.045614e-06	0.1	9.615613e-05	6.532356e-12	0.1
0.0001054334	0.5516775	0.1	0.0001054334	1.004002e-104	0.1	0.0001054334	3.647619e-08	0.1	0.0001054334	4.206688e-05	0.1	0.0001054334	0.384272	0.1	0.0001054334	0.0004424719	0.1	0.0001054334	0.0001986329	0.1	0.0001054334	0.03129233	0.1	0.0001054334	0.0002541784	0.1	0.0001054334	2.865929e-05	0.1	0.0001054334	1.710384e-07	0.1	0.0001054334	9.007316e-06	0.1	0.0001054334	6.504705e-12	0.1
0.0001165245	0.5479297	0.1	0.0001165245	1.104045e-104	0.1	0.0001165245	3.660897e-08	0.1	0.0001165245	4.62302e-05	0.1	0.0001165245	0.3816615	0.1	0.0001165245	0.0004394966	0.1	0.0001165245	0.0001976322	0.1	0.0001165245	0.03447332	0.1	0.0001165245	0.0002528975	0.1	0.0001165245	2.851487e-05	0.1	0.0001165245	1.888669e-07	0.1	0.0001165245	8.961927e-06	0.1	0.0001165245	6.471935e-12	0.1
0.0001291865	0.5436971	0.1	0.0001291865	1.217033e-104	0.1	0.0001291865	3.675785e-08	0.1	0.0001291865	5.091957e-05	0.1	0.0001291865	0.3787133	0.1	0.0001291865	0.0004361156	0.1	0.0001291865	0.0001965013	0.1	0.0001291865	0.03806587	0.1	0.0001291865	0.0002514499	0.1	0.0001291865	2.835165e-05	0.1	0.0001291865	2.090371e-07	0.1	0.0001291865	8.910632e-06	0.1	0.0001291865	6.4349e-12	0.1
0.0001435245	0.5389623	0.1	0.0001435245	1.343424e-104	0.1	0.0001435245	3.692301e-08	0.1	0.0001435245	5.614916e-05	0.1	0.0001435245	0.3754153	0.1	0.0001435245	0.0004323247	0.1	0.0001435245	0.0001952352	0.1	0.0001435245	0.04208463	0.1	0.0001435245	0.0002498294	0.1	0.0001435245	2.816893e-05	0.1	0.0001435245	2.31632e-07	0.1	0.0001435245	8.853209e-06	0.1	0.0001435245	6.39344e-12	0.1
0.0001620584	0.5329317	0.1	0.0001620584	1.504411e-104	0.1	0.0001620584	3.713124e-08	0.1	0.0001620584	6.278506e-05	0.1	0.0001620584	0.3712146	0.1	0.0001620584	0.0004274924	0.1	0.0001620584	0.0001936211	0.1	0.0001620584	0.04720331	0.1	0.0001620584	0.0002477634	0.1	0.0001620584	2.793599e-05	0.1	0.0001620584	2.604375e-07	0.1	0.0001620584	8.780001e-06	0.1	0.0001620584	6.340585e-12	0.1
0.0001849745	0.5256118	0.1	0.0001849745	1.699818e-104	0.1	0.0001849745	3.738069e-08	0.1	0.0001849745	7.080115e-05	0.1	0.0001849745	0.3661159	0.1	0.0001849745	0.0004216258	0.1	0.0001849745	0.0001916596	0.1	0.0001849745	0.05341639	0.1	0.0001849745	0.0002452528	0.1	0.0001849745	2.765291e-05	0.1	0.0001849745	2.95398e-07	0.1	0.0001849745	8.691038e-06	0.1	0.0001849745	6.276353e-12	0.1
0.0002135526	0.5166887	0.1	0.0002135526	1.938026e-104	0.1	0.0002135526	3.767974e-08	0.1	0.0002135526	8.051403e-05	0.1	0.0002135526	0.3599005	0.1	0.0002135526	0.0004144742	0.1	0.0002135526	0.0001892651	0.1	0.0002135526	0.06099022	0.1	0.0002135526	0.0002421878	0.1	0.0002135526	2.730733e-05	0.1	0.0002135526	3.379262e-07	0.1	0.0002135526	8.58243e-06	0.1	0.0002135526	6.197939e-12	0.1
0.0002530922	0.5047048	0.1	0.0002530922	2.257952e-104	0.1	0.0002530922	3.807236e-08	0.1	0.0002530922	9.345312e-05	0.1	0.0002530922	0.3515531	0.1	0.0002530922	0.0004048698	0.1	0.0002530922	0.0001860428	0.1	0.0002530922	0.07116206	0.1	0.0002530922	0.0002380633	0.1	0.0002530922	2.684229e-05	0.1	0.0002530922	3.946932e-07	0.1	0.0002530922	8.436281e-06	0.1	0.0002530922	6.09242e-12	0.1
0.0003242636	0.4841335	0.1	0.0003242636	2.80716e-104	0.1	0.0003242636	3.872083e-08	0.1	0.0003242636	0.0001153662	0.1	0.0003242636	0.3372242	0.1	0.0003242636	0.000388384	0.1	0.0003242636	0.0001804935	0.1	0.0003242636	0.08862308	0.1	0.0003242636	0.0002309603	0.1	0.0003242636	2.604141e-05	0.1	0.0003242636	4.903771e-07	0.1	0.0003242636	8.184587e-06	0.1	0.0003242636	5.910699e-12	0.1
0.0004409586	0.4529437	0.1	0.0004409586	3.639946e-104	0.1	0.0004409586	3.963694e-08	0.1	0.0004409586	0.0001478061	0.1	0.0004409586	0.3154989	0.1	0.0004409586	0.000363391	0.1	0.0004409586	0.000172032	0.1	0.0004409586	0.1150977	0.1	0.0004409586	0.0002201297	0.1	0.0004409586	2.482026e-05	0.1	0.0004409586	6.278984e-07	0.1	0.0004409586	7.80081e-06	0.1	0.0004409586	5.633615e-12	0.1
0.0006207138	0.4102608	0.1	0.0006207138	4.77985e-104	0.1	0.0006207138	4.074012e-08	0.1	0.0006207138	0.00019044	0.1	0.0006207138	0.285768	0.1	0.0006207138	0.0003291936	0.1	0.0006207138	0.0001603445	0.1	0.0006207138	0.1513291	0.1	0.0006207138	0.0002051697	0.1	0.0006207138	2.31335e-05	0.1	0.0006207138	7.91582e-07	0.1	0.0006207138	7.27071e-06	0.1	0.0006207138	5.250889e-12	0.1
0.0008574434	0.3622234	0.1	0.0008574434	6.063271e-104	0.1	0.0008574434	4.172905e-08	0.1	0.0008574434	0.0002354688	0.1	0.0008574434	0.2523074	0.1	0.0008574434	0.0002907145	0.1	0.0008574434	0.0001470075	0.1	0.0008574434	0.1921075	0.1	0.0008574434	0.0001880983	0.1	0.0008574434	2.120869e-05	0.1	0.0008574434	9.272681e-07	0.1	0.0008574434	6.665794e-06	0.1	0.0008574434	4.814149e-12	0.1
0.001147618	0.3133168	0.1	0.001147618	7.370835e-104	0.1	0.001147618	4.238437e-08	0.1	0.001147618	0.0002772033	0.1	0.001147618	0.2182414	0.1	0.001147618	0.000251549	0.1	0.001147618	0.0001331716	0.1	0.001147618	0.2336267	0.1	0.001147618	0.0001703882	0.1	0.001147618	1.921186e-05	0.1	0.001147618	1.003846e-06	0.1	0.001147618	6.038247e-06	0.1	0.001147618	4.361073e-12	0.1
0.001451155	0.2712158	0.1	0.001451155	8.497649e-104	0.1	0.001451155	4.257555e-08	0.1	0.001451155	0.0003087704	0.1	0.001451155	0.1889159	0.1	0.001451155	0.000217843	0.1	0.001451155	0.0001209854	0.1	0.001451155	0.2693711	0.1	0.001451155	0.0001547895	0.1	0.001451155	1.745309e-05	0.1	0.001451155	1.023016e-06	0.1	0.001451155	5.485516e-06	0.1	0.001451155	3.962016e-12	0.1
0.001793831	0.2321771	0.1	0.001793831	9.544102e-104	0.1	0.001793831	4.234305e-08	0.1	0.001793831	0.000333251	0.1	0.001793831	0.1617234	0.1	0.001793831	0.0001865972	0.1	0.001793831	0.0001093793	0.1	0.001793831	0.3025187	0.1	0.001793831	0.0001399332	0.1	0.001793831	1.577803e-05	0.1	0.001793831	1.010017e-06	0.1	0.001793831	4.959093e-06	0.1	0.001793831	3.581955e-12	0.1
0.002162602	0.1978543	0.1	0.002162602	1.046614e-103	0.1	0.002162602	4.170596e-08	0.1	0.002162602	0.0003497162	0.1	0.002162602	0.1378158	0.1	0.002162602	0.0001591335	0.1	0.002162602	9.884728e-05	0.1	0.002162602	0.3316654	0.1	0.002162602	0.0001264516	0.1	0.002162602	1.425796e-05	0.1	0.002162602	9.80549e-07	0.1	0.002162602	4.481384e-06	0.1	0.002162602	3.237069e-12	0.1
0.002531372	0.1696526	0.1	0.002531372	1.122591e-103	0.1	0.002531372	4.078125e-08	0.1	0.002531372	0.0003585544	0.1	0.002531372	0.1181719	0.1	0.002531372	0.0001365733	0.1	0.002531372	8.988446e-05	0.1	0.002531372	0.3556173	0.1	0.002531372	0.0001149785	0.1	0.002531372	1.296436e-05	0.1	0.002531372	9.467744e-07	0.1	0.002531372	4.074845e-06	0.1	0.002531372	2.943568e-12	0.1
0.002697318	0.1585828	0.1	0.002697318	1.152487e-103	0.1	0.002697318	4.029449e-08	0.1	0.002697318	0.0003605764	0.1	0.002697318	0.1104612	0.1	0.002697318	0.0001277194	0.1	0.002697318	8.626964e-05	0.1	0.002697318	0.3650199	0.1	0.002697318	0.0001103512	0.1	0.002697318	1.244263e-05	0.1	0.002697318	9.314693e-07	0.1	0.002697318	3.910882e-06	0.1	0.002697318	2.825195e-12	0.1
0.002799954	0.1521741	0.1	0.002799954	1.16982e-103	0.1	0.002799954	3.997556e-08	0.1	0.002799954	0.0003613129	0.1	0.002799954	0.1059972	0.1	0.002799954	0.000122594	0.1	0.002799954	8.414756e-05	0.1	0.002799954	0.3704637	0.1	0.002799954	0.0001076347	0.1	0.002799954	1.213635e-05	0.1	0.002799954	9.220953e-07	0.1	0.002799954	3.814627e-06	0.1	0.002799954	2.755705e-12	0.1
0.002944362	0.1436768	0.1	0.002944362	1.192832e-103	0.1	0.002944362	3.950658e-08	0.1	0.002944362	0.0003617505	0.1	0.002944362	0.1000784	0.1	0.002944362	0.0001157986	0.1	0.002944362	8.129727e-05	0.1	0.002944362	0.377682	0.1	0.002944362	0.000103986	0.1	0.002944362	1.172496e-05	0.1	0.002944362	9.090773e-07	0.1	0.002944362	3.68534e-06	0.1	0.002944362	2.662368e-12	0.1
0.003144101	0.132839	0.1	0.003144101	1.222242e-103	0.1	0.003144101	3.882423e-08	0.1	0.003144101	0.0003613244	0.1	0.003144101	0.09252927	0.1	0.003144101	0.0001071322	0.1	0.003144101	7.759448e-05	0.1	0.003144101	0.3868892	0.1	0.003144101	9.9246e-05	0.1	0.003144101	1.119052e-05	0.1	0.003144101	8.914622e-07	0.1	0.003144101	3.517384e-06	0.1	0.003144101	2.541115e-12	0.1
0.003423967	0.1192355	0.1	0.003423967	1.259272e-103	0.1	0.003423967	3.781507e-08	0.1	0.003423967	0.0003590045	0.1	0.003423967	0.08305374	0.1	0.003423967	9.625546e-05	0.1	0.003423967	7.282328e-05	0.1	0.003423967	0.3984471	0.1	0.003423967	9.313825e-05	0.1	0.003423967	1.050187e-05	0.1	0.003423967	8.676155e-07	0.1	0.003423967	3.300964e-06	0.1	0.003423967	2.384875e-12	0.1
0.003595338	0.1117109	0.1	0.003595338	1.279821e-103	0.1	0.003595338	3.717309e-08	0.1	0.003595338	0.0003567419	0.1	0.003595338	0.07781246	0.1	0.003595338	9.023965e-05	0.1	0.003595338	7.011565e-05	0.1	0.003595338	0.4048409	0.1	0.003595338	8.967211e-05	0.1	0.003595338	1.011106e-05	0.1	0.003595338	8.535019e-07	0.1	0.003595338	3.178146e-06	0.1	0.003595338	2.29621e-12	0.1
0.0038143	0.1028831	0.1	0.0038143	1.304004e-103	0.1	0.0038143	3.633259e-08	0.1	0.0038143	0.0003530665	0.1	0.0038143	0.07166345	0.1	0.0038143	8.318246e-05	0.1	0.0038143	6.68669e-05	0.1	0.0038143	0.4123427	0.1	0.0038143	8.551322e-05	0.1	0.0038143	9.642142e-06	0.1	0.0038143	8.35993e-07	0.1	0.0038143	3.030782e-06	0.1	0.0038143	2.189826e-12	0.1
0.004082102	0.09315417	0.1	0.004082102	1.330767e-103	0.1	0.004082102	3.52818e-08	0.1	0.004082102	0.0003475605	0.1	0.004082102	0.06488672	0.1	0.004082102	7.54054e-05	0.1	0.004082102	6.318247e-05	0.1	0.004082102	0.4206113	0.1	0.004082102	8.079653e-05	0.1	0.004082102	9.110334e-06	0.1	0.004082102	8.153386e-07	0.1	0.004082102	2.863653e-06	0.1	0.004082102	2.069174e-12	0.1
0.00441835	0.08238433	0.1	0.00441835	1.360566e-103	0.1	0.00441835	3.394005e-08	0.1	0.00441835	0.0003393782	0.1	0.00441835	0.05738497	0.1	0.00441835	6.679693e-05	0.1	0.00441835	5.89526e-05	0.1	0.00441835	0.4297659	0.1	0.00441835	7.538154e-05	0.1	0.00441835	8.499793e-06	0.1	0.00441835	7.905012e-07	0.1	0.00441835	2.671782e-06	0.1	0.00441835	1.930661e-12	0.1
0.004754598	0.07299287	0.1	0.004754598	1.386742e-103	0.1	0.004754598	3.258712e-08	0.1	0.004754598	0.000330105	0.1	0.004754598	0.05084333	0.1	0.004754598	5.929068e-05	0.1	0.004754598	5.510672e-05	0.1	0.004754598	0.4377504	0.1	0.004754598	7.045806e-05	0.1	0.004754598	7.944669e-06	0.1	0.004754598	7.667728e-07	0.1	0.004754598	2.497327e-06	0.1	0.004754598	1.804723e-12	0.1
0.004922722	0.06874862	0.1	0.004922722	1.398644e-103	0.1	0.004922722	3.191029e-08	0.1	0.004922722	0.0003251494	0.1	0.004922722	0.04788699	0.1	0.004922722	5.589852e-05	0.1	0.004922722	5.33116e-05	0.1	0.004922722	0.4413593	0.1	0.004922722	6.815993e-05	0.1	0.004922722	7.685555e-06	0.1	0.004922722	7.5529e-07	0.1	0.004922722	2.415897e-06	0.1	0.004922722	1.74594e-12	0.1
0.005109066	0.06436015	0.1	0.005109066	1.411008e-103	0.1	0.005109066	3.116187e-08	0.1	0.005109066	0.0003194576	0.1	0.005109066	0.04483019	0.1	0.005109066	5.239114e-05	0.1	0.005109066	5.141261e-05	0.1	0.005109066	0.4450913	0.1	0.005109066	6.57288e-05	0.1	0.005109066	7.411445e-06	0.1	0.005109066	7.4284e-07	0.1	0.005109066	2.329755e-06	0.1	0.005109066	1.683755e-12	0.1
0.005322739	0.05970294	0.1	0.005322739	1.424202e-103	0.1	0.005322739	3.030786e-08	0.1	0.005322739	0.0003127186	0.1	0.005322739	0.0415862	0.1	0.005322739	4.866903e-05	0.1	0.005322739	4.934409e-05	0.1	0.005322739	0.4490522	0.1	0.005322739	6.308062e-05	0.1	0.005322739	7.112863e-06	0.1	0.005322739	7.289033e-07	0.1	0.005322739	2.235922e-06	0.1	0.005322739	1.616019e-12	0.1
0.005590097	0.05438663	0.1	0.005590097	1.439372e-103	0.1	0.005590097	2.924845e-08	0.1	0.005590097	0.0003040374	0.1	0.005590097	0.03788311	0.1	0.005590097	4.442016e-05	0.1	0.005590097	4.690668e-05	0.1	0.005590097	0.4535744	0.1	0.005590097	5.996015e-05	0.1	0.005590097	6.76103e-06	0.1	0.005590097	7.119448e-07	0.1	0.005590097	2.125355e-06	0.1	0.005590097	1.536203e-12	0.1
0.005870877	0.04935106	0.1	0.005870877	1.453871e-103	0.1	0.005870877	2.81502e-08	0.1	0.005870877	0.0002947066	0.1	0.005870877	0.03437558	0.1	0.005870877	4.039563e-05	0.1	0.005870877	4.451153e-05	0.1	0.005870877	0.4578586	0.1	0.005870877	5.689375e-05	0.1	0.005870877	6.415294e-06	0.1	0.005870877	6.94671e-07	0.1	0.005870877	2.016703e-06	0.1	0.005870877	1.457771e-12	0.1
0.006151656	0.04481426	0.1	0.006151656	1.467065e-103	0.1	0.006151656	2.706978e-08	0.1	0.006151656	0.0002852368	0.1	0.006151656	0.03121546	0.1	0.006151656	3.676965e-05	0.1	0.006151656	4.226952e-05	0.1	0.006151656	0.4617191	0.1	0.006151656	5.402338e-05	0.1	0.006151656	6.09166e-06	0.1	0.006151656	6.779094e-07	0.1	0.006151656	1.914998e-06	0.1	0.006151656	1.384353e-12	0.1
0.006432436	0.04072119	0.1	0.006432436	1.479099e-103	0.1	0.006432436	2.600981e-08	0.1	0.006432436	0.000275697	0.1	0.006432436	0.02836442	0.1	0.006432436	3.349821e-05	0.1	0.006432436	4.016689e-05	0.1	0.006432436	0.4652028	0.1	0.006432436	5.133142e-05	0.1	0.006432436	5.788142e-06	0.1	0.006432436	6.616266e-07	0.1	0.006432436	1.819615e-06	0.1	0.006432436	1.3155e-12	0.1
0.006713216	0.03702386	0.1	0.006713216	1.490101e-103	0.1	0.006713216	2.497244e-08	0.1	0.006713216	0.0002661456	0.1	0.006713216	0.02578904	0.1	0.006713216	3.054294e-05	0.1	0.006713216	3.819159e-05	0.1	0.006713216	0.4683503	0.1	0.006713216	4.880246e-05	0.1	0.006713216	5.503004e-06	0.1	0.006713216	6.457935e-07	0.1	0.006713216	1.730008e-06	0.1	0.006713216	1.250817e-12	0.1
0.00693784	0.03432251	0.1	0.00693784	1.498233e-103	0.1	0.00693784	2.415998e-08	0.1	0.00693784	0.0002585295	0.1	0.00693784	0.02390741	0.1	0.00693784	2.838365e-05	0.1	0.00693784	3.669586e-05	0.1	0.00693784	0.4706504	0.1	0.00693784	4.688748e-05	0.1	0.00693784	5.287088e-06	0.1	0.00693784	6.334336e-07	0.1	0.00693784	1.662155e-06	0.1	0.00693784	1.201838e-12	0.1
0.007050152	0.03305064	0.1	0.007050152	1.502094e-103	0.1	0.007050152	2.375981e-08	0.1	0.007050152	0.0002547375	0.1	0.007050152	0.02302149	0.1	0.007050152	2.736696e-05	0.1	0.007050152	3.597446e-05	0.1	0.007050152	0.4717335	0.1	0.007050152	4.596387e-05	0.1	0.007050152	5.182952e-06	0.1	0.007050152	6.273518e-07	0.1	0.007050152	1.629429e-06	0.1	0.007050152	1.178215e-12	0.1
0.007120347	0.03228102	0.1	0.007120347	1.504441e-103	0.1	0.007120347	2.351181e-08	0.1	0.007120347	0.0002523744	0.1	0.007120347	0.02248541	0.1	0.007120347	2.675173e-05	0.1	0.007120347	3.55322e-05	0.1	0.007120347	0.4723889	0.1	0.007120347	4.539763e-05	0.1	0.007120347	5.119109e-06	0.1	0.007120347	6.23583e-07	0.1	0.007120347	1.609366e-06	0.1	0.007120347	1.163732e-12	0.1
0.007240289	0.03100928	0.1	0.007240289	1.508339e-103	0.1	0.007240289	2.309184e-08	0.1	0.007240289	0.0002483508	0.1	0.007240289	0.02159958	0.1	0.007240289	2.573509e-05	0.1	0.007240289	3.479139e-05	0.1	0.007240289	0.4734721	0.1	0.007240289	4.444916e-05	0.1	0.007240289	5.012169e-06	0.1	0.007240289	6.171998e-07	0.1	0.007240289	1.575759e-06	0.1	0.007240289	1.139474e-12	0.1
0.007419551	0.02920575	0.1	0.007419551	1.513912e-103	0.1	0.007419551	2.247324e-08	0.1	0.007419551	0.0002423756	0.1	0.007419551	0.02034332	0.1	0.007419551	2.429328e-05	0.1	0.007419551	3.3718e-05	0.1	0.007419551	0.4750083	0.1	0.007419551	4.307487e-05	0.1	0.007419551	4.857219e-06	0.1	0.007419551	6.077899e-07	0.1	0.007419551	1.527065e-06	0.1	0.007419551	1.104325e-12	0.1
0.007689417	0.02669499	0.1	0.007689417	1.521769e-103	0.1	0.007689417	2.156292e-08	0.1	0.007689417	0.0002334827	0.1	0.007689417	0.01859445	0.1	0.007689417	2.228595e-05	0.1	0.007689417	3.217454e-05	0.1	0.007689417	0.4771474	0.1	0.007689417	4.109873e-05	0.1	0.007689417	4.63441e-06	0.1	0.007689417	5.939087e-07	0.1	0.007689417	1.457046e-06	0.1	0.007689417	1.053782e-12	0.1
0.0080098	0.02400384	0.1	0.0080098	1.530344e-103	0.1	0.0080098	2.051553e-08	0.1	0.0080098	0.0002231132	0.1	0.0080098	0.01671992	0.1	0.0080098	2.013417e-05	0.1	0.0080098	3.04476e-05	0.1	0.0080098	0.4794408	0.1	0.0080098	3.888767e-05	0.1	0.0080098	4.385113e-06	0.1	0.0080098	5.778555e-07	0.1	0.0080098	1.378703e-06	0.1	0.0080098	9.972323e-13	0.1
0.008414696	0.02100058	0.1	0.008414696	1.540148e-103	0.1	0.008414696	1.924454e-08	0.1	0.008414696	0.0002103471	0.1	0.008414696	0.014628	0.1	0.008414696	1.773253e-05	0.1	0.008414696	2.841524e-05	0.1	0.008414696	0.482001	0.1	0.008414696	3.628552e-05	0.1	0.008414696	4.091722e-06	0.1	0.008414696	5.58198e-07	0.1	0.008414696	1.286503e-06	0.1	0.008414696	9.306804e-13	0.1
0.008819592	0.01838446	0.1	0.008819592	1.548948e-103	0.1	0.008819592	1.803291e-08	0.1	0.008819592	0.0001980052	0.1	0.008819592	0.01280573	0.1	0.008819592	1.564012e-05	0.1	0.008819592	2.653524e-05	0.1	0.008819592	0.4842321	0.1	0.008819592	3.387844e-05	0.1	0.008819592	3.820325e-06	0.1	0.008819592	5.392091e-07	0.1	0.008819592	1.201215e-06	0.1	0.008819592	8.691183e-13	0.1
0.009224488	0.01610295	0.1	0.009224488	1.55688e-103	0.1	0.009224488	1.68806e-08	0.1	0.009224488	0.0001861237	0.1	0.009224488	0.01121654	0.1	0.009224488	1.381498e-05	0.1	0.009224488	2.479333e-05	0.1	0.009224488	0.4861786	0.1	0.009224488	3.164812e-05	0.1	0.009224488	3.568858e-06	0.1	0.009224488	5.20856e-07	0.1	0.009224488	1.122191e-06	0.1	0.009224488	8.120777e-13	0.1
0.009629383	0.01411124	0.1	0.009629383	1.564063e-103	0.1	0.009629383	1.578706e-08	0.1	0.009629383	0.0001747272	0.1	0.009629383	0.009829215	0.1	0.009629383	1.222136e-05	0.1	0.009629383	2.317701e-05	0.1	0.009629383	0.4878786	0.1	0.009629383	2.957861e-05	0.1	0.009629383	3.335522e-06	0.1	0.009629383	5.031101e-07	0.1	0.009629383	1.048864e-06	0.1	0.009629383	7.591501e-13	0.1
0.0099533	0.01270059	0.1	0.0099533	1.569336e-103	0.1	0.0099533	1.49539e-08	0.1	0.0099533	0.00016597	0.1	0.0099533	0.008846622	0.1	0.0099533	1.109241e-05	0.1	0.0099533	2.196698e-05	0.1	0.0099533	0.4890832	0.1	0.0099533	2.802928e-05	0.1	0.0099533	3.160837e-06	0.1	0.0099533	4.893339e-07	0.1	0.0099533	9.939686e-07	0.1	0.0099533	7.195266e-13	0.1
0.01015575	0.01189293	0.1	0.01015575	1.572441e-103	0.1	0.01015575	1.445168e-08	0.1	0.01015575	0.0001606615	0.1	0.01015575	0.008284045	0.1	0.01015575	1.044594e-05	0.1	0.01015575	2.124571e-05	0.1	0.01015575	0.4897731	0.1	0.01015575	2.710576e-05	0.1	0.01015575	3.05671e-06	0.1	0.01015575	4.809078e-07	0.1	0.01015575	9.612467e-07	0.1	0.01015575	6.959081e-13	0.1
0.0103582	0.01113761	0.1	0.0103582	1.57541e-103	0.1	0.0103582	1.396348e-08	0.1	0.0103582	0.0001554804	0.1	0.0103582	0.007757921	0.1	0.0103582	9.841289e-06	0.1	0.0103582	2.055e-05	0.1	0.0103582	0.4904184	0.1	0.0103582	2.621496e-05	0.1	0.0103582	2.956272e-06	0.1	0.0103582	4.726204e-07	0.1	0.0103582	9.296838e-07	0.1	0.0103582	6.731263e-13	0.1
0.01060559	0.01028054	0.1	0.01060559	1.578869e-103	0.1	0.01060559	1.338563e-08	0.1	0.01060559	0.0001493222	0.1	0.01060559	0.007160928	0.1	0.01060559	9.155085e-06	0.1	0.01060559	1.973295e-05	0.1	0.01060559	0.4911509	0.1	0.01060559	2.51688e-05	0.1	0.01060559	2.838321e-06	0.1	0.01060559	4.626773e-07	0.1	0.01060559	8.926166e-07	0.1	0.01060559	6.463713e-13	0.1
