Batch	m_SP	13	P6	W1	W2	W3	W4	W5	W6	R	P1	P2	P3	P4	P5																							
2.548693e-12	9.6663433356e-06	0.1	2.548693e-12	1.45644e-08	0.1	2.548693e-12	6.833386e-12	0.1	2.548693e-12	1.099572e-10	0.1	2.548693e-12	1.004155e-07	0.1	2.548693e-12	1.594196e-07	0.1	2.548693e-12	6.32633e-10	0.1	2.548693e-12	8.818077e-09	0.1	2.548693e-12	1.069625e-08	0.1	2.548693e-12	2.685287e-08	0.1	2.548693e-12	9.697087e-09	0.1	2.548693e-12	6.298596e-13	0.1	2.548693e-12	2.34895e-09	0.1
5.431258e-12	9.302479974270002e-06	0.1	5.431258e-12	3.058476e-08	0.1	5.431258e-12	1.428848e-11	0.1	5.431258e-12	2.299459e-10	0.1	5.431258e-12	2.108643e-07	0.1	5.431258e-12	3.347259e-07	0.1	5.431258e-12	2.154535e-09	0.1	5.431258e-12	1.843746e-08	0.1	5.431258e-12	2.255453e-08	0.1	5.431258e-12	5.367996e-08	0.1	5.431258e-12	1.941259e-08	0.1	5.431258e-12	1.316948e-12	0.1	5.431258e-12	4.773256e-09	0.1
9.306366e-12	8.8348167674494e-06	0.1	9.306366e-12	5.137621e-08	0.1	9.306366e-12	2.387154e-11	0.1	9.306366e-12	3.842253e-10	0.1	9.306366e-12	3.541991e-07	0.1	9.306366e-12	5.621662e-07	0.1	9.306366e-12	5.367062e-09	0.1	9.306366e-12	3.080111e-08	0.1	9.306366e-12	3.808288e-08	0.1	9.306366e-12	8.44355e-08	0.1	9.306366e-12	3.059244e-08	0.1	9.306366e-12	2.200042e-12	0.1	9.306366e-12	7.672985e-09	0.1
1.576488e-11	8.107040118067799e-06	0.1	1.576488e-11	8.417451e-08	0.1	1.576488e-11	3.878751e-11	0.1	1.576488e-11	6.244507e-10	0.1	1.576488e-11	5.802931e-07	0.1	1.576488e-11	9.207893e-07	0.1	1.576488e-11	1.312152e-08	0.1	1.576488e-11	5.00418e-08	0.1	1.576488e-11	6.287807e-08	0.1	1.576488e-11	1.241306e-07	0.1	1.576488e-11	4.511158e-08	0.1	1.576488e-11	3.574315e-12	0.1	1.576488e-11	1.168711e-08	0.1
2.550541e-11	7.1212203628114005e-06	0.1	2.550541e-11	1.294411e-07	0.1	2.550541e-11	5.899745e-11	0.1	2.550541e-11	9.501058e-10	0.1	2.550541e-11	8.923107e-07	0.1	2.550541e-11	1.415446e-06	0.1	2.550541e-11	2.881522e-08	0.1	2.550541e-11	7.610515e-08	0.1	2.550541e-11	9.765132e-08	0.1	2.550541e-11	1.625164e-07	0.1	2.550541e-11	5.931947e-08	0.1	2.550541e-11	5.435854e-12	0.1	2.550541e-11	1.61115e-08	0.1
3.645126e-11	6.1557202110134e-06	0.1	3.645126e-11	1.746816e-07	0.1	3.645126e-11	7.879668e-11	0.1	3.645126e-11	1.269322e-09	0.1	3.645126e-11	1.204124e-06	0.1	3.645126e-11	1.90951e-06	0.1	3.645126e-11	4.973978e-08	0.1	3.645126e-11	1.01632e-07	0.1	3.645126e-11	1.329779e-07	0.1	3.645126e-11	1.836473e-07	0.1	3.645126e-11	6.733905e-08	0.1	3.645126e-11	7.259027e-12	0.1	3.645126e-11	1.92428e-08	0.1
4.820068e-11	5.2645117749702e-06	0.1	4.820068e-11	2.172082e-07	0.1	4.820068e-11	9.707742e-11	0.1	4.820068e-11	1.564204e-09	0.1	4.820068e-11	1.497217e-06	0.1	4.820068e-11	2.373691e-06	0.1	4.820068e-11	7.369607e-08	0.1	4.820068e-11	1.251953e-07	0.1	4.820068e-11	1.666477e-07	0.1	4.820068e-11	1.893934e-07	0.1	4.820068e-11	6.976076e-08	0.1	4.820068e-11	8.941913e-12	0.1	4.820068e-11	2.099588e-08	0.1
5.995009e-11	4.5023306255169e-06	0.1	5.995009e-11	2.541397e-07	0.1	5.995009e-11	1.127153e-10	0.1	5.995009e-11	1.816559e-09	0.1	5.995009e-11	1.751744e-06	0.1	5.995009e-11	2.776635e-06	0.1	5.995009e-11	9.753663e-08	0.1	5.995009e-11	1.453477e-07	0.1	5.995009e-11	1.962095e-07	0.1	5.995009e-11	1.843704e-07	0.1	5.995009e-11	6.819247e-08	0.1	5.995009e-11	1.038116e-11	0.1	5.995009e-11	2.15575e-08	0.1
7.267523e-11	3.8008094711704e-06	0.1	7.267523e-11	2.885717e-07	0.1	7.267523e-11	1.271115e-10	0.1	7.267523e-11	2.048957e-09	0.1	7.267523e-11	1.989045e-06	0.1	7.267523e-11	3.152189e-06	0.1	7.267523e-11	1.220634e-07	0.1	7.267523e-11	1.638965e-07	0.1	7.267523e-11	2.240095e-07	0.1	7.267523e-11	1.720891e-07	0.1	7.267523e-11	6.390988e-08	0.1	7.267523e-11	1.170585e-11	0.1	7.267523e-11	2.124394e-08	0.1
8.686395e-11	3.14669227406e-06	0.1	8.686395e-11	3.210414e-07	0.1	8.686395e-11	1.405374e-10	0.1	8.686395e-11	2.265755e-09	0.1	8.686395e-11	2.212831e-06	0.1	8.686395e-11	3.506257e-06	0.1	8.686395e-11	1.470361e-07	0.1	8.686395e-11	1.811922e-07	0.1	8.686395e-11	2.50412e-07	0.1	8.686395e-11	1.544042e-07	0.1	8.686395e-11	5.757555e-08	0.1	8.686395e-11	1.294104e-11	0.1	8.686395e-11	2.016785e-08	0.1
1.010527e-10	2.605148645652e-06	0.1	1.010527e-10	3.481778e-07	0.1	1.010527e-10	1.516546e-10	0.1	1.010527e-10	2.445314e-09	0.1	1.010527e-10	2.399874e-06	0.1	1.010527e-10	3.802122e-06	0.1	1.010527e-10	1.691529e-07	0.1	1.010527e-10	1.955116e-07	0.1	1.010527e-10	2.726004e-07	0.1	1.010527e-10	1.354894e-07	0.1	1.010527e-10	5.070407e-08	0.1	1.010527e-10	1.396365e-11	0.1	1.010527e-10	1.864797e-08	0.1
1.170799e-10	2.104663900797e-06	0.1	1.170799e-10	3.734529e-07	0.1	1.170799e-10	1.619303e-10	0.1	1.170799e-10	2.611312e-09	0.1	1.170799e-10	2.574108e-06	0.1	1.170799e-10	4.077673e-06	0.1	1.170799e-10	1.906777e-07	0.1	1.170799e-10	2.087455e-07	0.1	1.170799e-10	2.933548e-07	0.1	1.170799e-10	1.147934e-07	0.1	1.170799e-10	4.311082e-08	0.1	1.170799e-10	1.490873e-11	0.1	1.170799e-10	1.668229e-08	0.1
1.343328e-10	1.672814435264e-06	0.1	1.343328e-10	3.954059e-07	0.1	1.343328e-10	1.70798e-10	0.1	1.343328e-10	2.754585e-09	0.1	1.343328e-10	2.725469e-06	0.1	1.343328e-10	4.317011e-06	0.1	1.343328e-10	2.100297e-07	0.1	1.343328e-10	2.201646e-07	0.1	1.343328e-10	3.114412e-07	0.1	1.343328e-10	9.462674e-08	0.1	1.343328e-10	3.56522e-08	0.1	1.343328e-10	1.57242e-11	0.1	1.343328e-10	1.450333e-08	0.1
1.515857e-10	1.3295749063566002e-06	0.1	1.515857e-10	4.129447e-07	0.1	1.515857e-10	1.778468e-10	0.1	1.515857e-10	2.868483e-09	0.1	1.515857e-10	2.846425e-06	0.1	1.515857e-10	4.508246e-06	0.1	1.515857e-10	2.258874e-07	0.1	1.515857e-10	2.292408e-07	0.1	1.515857e-10	3.259256e-07	0.1	1.515857e-10	7.71863e-08	0.1	1.515857e-10	2.916015e-08	0.1	1.515857e-10	1.637235e-11	0.1	1.515857e-10	1.241308e-08	0.1
1.718103e-10	1.0157772326472e-06	0.1	1.718103e-10	4.290446e-07	0.1	1.718103e-10	1.842916e-10	0.1	1.718103e-10	2.972629e-09	0.1	1.718103e-10	2.957498e-06	0.1	1.718103e-10	4.683832e-06	0.1	1.718103e-10	2.407244e-07	0.1	1.718103e-10	2.375385e-07	0.1	1.718103e-10	3.392453e-07	0.1	1.718103e-10	6.023557e-08	0.1	1.718103e-10	2.281564e-08	0.1	1.718103e-10	1.69649e-11	0.1	1.718103e-10	1.018729e-08	0.1
1.927779e-10	7.684043548275001e-07	0.1	1.927779e-10	4.417769e-07	0.1	1.927779e-10	1.893725e-10	0.1	1.927779e-10	3.054739e-09	0.1	1.927779e-10	3.045385e-06	0.1	1.927779e-10	4.822746e-06	0.1	1.927779e-10	2.5263e-07	0.1	1.927779e-10	2.440799e-07	0.1	1.927779e-10	3.497934e-07	0.1	1.927779e-10	4.625299e-08	0.1	1.927779e-10	1.755699e-08	0.1	1.927779e-10	1.743202e-11	0.1	1.927779e-10	8.190378e-09	0.1
2.137455e-10	5.8127413842882e-07	0.1	2.137455e-10	4.514292e-07	0.1	2.137455e-10	1.932164e-10	0.1	2.137455e-10	3.116859e-09	0.1	2.137455e-10	3.112058e-06	0.1	2.137455e-10	4.928117e-06	0.1	2.137455e-10	2.617476e-07	0.1	2.137455e-10	2.490282e-07	0.1	2.137455e-10	3.577983e-07	0.1	2.137455e-10	3.53456e-08	0.1	2.137455e-10	1.343923e-08	0.1	2.137455e-10	1.778539e-11	0.1	2.137455e-10	6.516029e-09	0.1
2.355569e-10	4.3480429102566e-07	0.1	2.355569e-10	4.589937e-07	0.1	2.355569e-10	1.962251e-10	0.1	2.355569e-10	3.165484e-09	0.1	2.355569e-10	3.164361e-06	0.1	2.355569e-10	5.010763e-06	0.1	2.355569e-10	2.689449e-07	0.1	2.355569e-10	2.529014e-07	0.1	2.355569e-10	3.640777e-07	0.1	2.355569e-10	2.662841e-08	0.1	2.355569e-10	1.01384e-08	0.1	2.355569e-10	1.806197e-11	0.1	2.355569e-10	5.091521e-09	0.1
2.60744e-10	3.1095180387594e-07	0.1	2.60744e-10	4.653932e-07	0.1	2.60744e-10	1.987694e-10	0.1	2.60744e-10	3.206603e-09	0.1	2.60744e-10	3.208672e-06	0.1	2.60744e-10	5.080766e-06	0.1	2.60744e-10	2.750683e-07	0.1	2.60744e-10	2.561765e-07	0.1	2.60744e-10	3.693962e-07	0.1	2.60744e-10	1.914616e-08	0.1	2.60744e-10	7.298092e-09	0.1	2.60744e-10	1.829584e-11	0.1	2.60744e-10	3.795785e-09	0.1
2.859311e-10	2.2237824276564e-07	0.1	2.859311e-10	4.699675e-07	0.1	2.859311e-10	2.00589e-10	0.1	2.859311e-10	3.23601e-09	0.1	2.859311e-10	3.240413e-06	0.1	2.859311e-10	5.130897e-06	0.1	2.859311e-10	2.794663e-07	0.1	2.859311e-10	2.585187e-07	0.1	2.859311e-10	3.73204e-07	0.1	2.859311e-10	1.373924e-08	0.1	2.859311e-10	5.241477e-09	0.1	2.859311e-10	1.84631e-11	0.1	2.859311e-10	2.808686e-09	0.1
3.111182e-10	1.5903461421522e-07	0.1	3.111182e-10	4.732337e-07	0.1	3.111182e-10	2.018903e-10	0.1	3.111182e-10	3.257041e-09	0.1	3.111182e-10	3.263145e-06	0.1	3.111182e-10	5.166785e-06	0.1	3.111182e-10	2.826202e-07	0.1	3.111182e-10	2.601937e-07	0.1	3.111182e-10	3.759291e-07	0.1	3.111182e-10	9.846982e-09	0.1	3.111182e-10	3.758838e-09	0.1	3.111182e-10	1.858271e-11	0.1	3.111182e-10	2.065951e-09	0.1
3.394359e-10	1.0909214361102e-07	0.1	3.394359e-10	4.75801e-07	0.1	3.394359e-10	2.029164e-10	0.1	3.394359e-10	3.273623e-09	0.1	3.394359e-10	3.281093e-06	0.1	3.394359e-10	5.195103e-06	0.1	3.394359e-10	2.851114e-07	0.1	3.394359e-10	2.615144e-07	0.1	3.394359e-10	3.780788e-07	0.1	3.394359e-10	6.764891e-09	0.1	3.394359e-10	2.583532e-09	0.1	3.394359e-10	1.867702e-11	0.1	3.394359e-10	1.454439e-09	0.1
