Batch	m_SP	11	W4_L	W2	W3	W6	R	P1	P2	P3	P4	P5	P6																			
1.82775e-09	0.9887206	0.1	1.82775e-09	7.812279e-07	0.1	1.82775e-09	8.36962e-06	0.1	1.82775e-09	9.766576e-05	0.1	1.82775e-09	0.0006723446	0.1	1.82775e-09	0.001319766	0.1	1.82775e-09	0.00263707	0.1	1.82775e-09	0.0007680716	0.1	1.82775e-09	3.573573e-07	0.1	1.82775e-09	0.0001886795	0.1	1.82775e-09	1.655331e-09	0.1
2.392089e-09	0.9853358	0.1	2.392089e-09	9.766503e-07	0.1	2.392089e-09	1.108385e-05	0.1	2.392089e-09	0.0001261762	0.1	2.392089e-09	0.0008824485	0.1	2.392089e-09	0.00176257	0.1	2.392089e-09	0.003386375	0.1	2.392089e-09	0.0009862839	0.1	2.392089e-09	5.039685e-07	0.1	2.392089e-09	0.0002448202	0.1	2.392089e-09	2.503253e-09	0.1
2.956429e-09	0.9820123	0.1	2.956429e-09	1.154075e-06	0.1	2.956429e-09	1.388637e-05	0.1	2.956429e-09	0.0001541016	0.1	2.956429e-09	0.001094953	0.1	2.956429e-09	0.002231777	0.1	2.956429e-09	0.004090908	0.1	2.956429e-09	0.001191444	0.1	2.956429e-09	6.770554e-07	0.1	2.956429e-09	0.0002995228	0.1	2.956429e-09	3.588372e-09	0.1
3.520768e-09	0.9787558	0.1	3.520768e-09	1.315244e-06	0.1	3.520768e-09	1.678722e-05	0.1	3.520768e-09	0.0001815188	0.1	3.520768e-09	0.001310289	0.1	3.520768e-09	0.002731095	0.1	3.520768e-09	0.004745424	0.1	3.520768e-09	0.001382033	0.1	3.520768e-09	8.802017e-07	0.1	3.520768e-09	0.0003525657	0.1	3.520768e-09	4.93241e-09	0.1
4.085108e-09	0.9755698	0.1	4.085108e-09	1.461718e-06	0.1	4.085108e-09	1.979272e-05	0.1	4.085108e-09	0.0002084833	0.1	4.085108e-09	0.001528699	0.1	4.085108e-09	0.003262937	0.1	4.085108e-09	0.005346622	0.1	4.085108e-09	0.001557103	0.1	4.085108e-09	1.115768e-06	0.1	4.085108e-09	0.0004037532	0.1	4.085108e-09	6.541902e-09	0.1
4.649447e-09	0.9724558	0.1	4.649447e-09	1.594887e-06	0.1	4.649447e-09	2.290559e-05	0.1	4.649447e-09	0.0002350309	0.1	4.649447e-09	0.001750247	0.1	4.649447e-09	0.003828496	0.1	4.649447e-09	0.005893029	0.1	4.649447e-09	0.001716239	0.1	4.649447e-09	1.384958e-06	0.1	4.649447e-09	0.000452919	0.1	4.649447e-09	8.409759e-09	0.1
5.262347e-09	0.9691552	0.1	5.262347e-09	1.725889e-06	0.1	5.262347e-09	2.640738e-05	0.1	5.262347e-09	0.0002634116	0.1	5.262347e-09	0.0019943	0.1	5.262347e-09	0.004481022	0.1	5.262347e-09	0.006424587	0.1	5.262347e-09	0.001871098	0.1	5.262347e-09	1.715586e-06	0.1	5.262347e-09	0.0005038704	0.1	5.262347e-09	1.070946e-08	0.1
5.948089e-09	0.9655602	0.1	5.948089e-09	1.857327e-06	0.1	5.948089e-09	3.046971e-05	0.1	5.948089e-09	0.0002946129	0.1	5.948089e-09	0.002271239	0.1	5.948089e-09	0.005257046	0.1	5.948089e-09	0.006945385	0.1	5.948089e-09	0.002022914	0.1	5.948089e-09	2.131602e-06	0.1	5.948089e-09	0.0005577117	0.1	5.948089e-09	1.357512e-08	0.1
6.633831e-09	0.9620634	0.1	6.633831e-09	1.974458e-06	0.1	6.633831e-09	3.467503e-05	0.1	6.633831e-09	0.0003252164	0.1	6.633831e-09	0.002551665	0.1	6.633831e-09	0.006078807	0.1	6.633831e-09	0.007392728	0.1	6.633831e-09	0.002153453	0.1	6.633831e-09	2.593773e-06	0.1	6.633831e-09	0.0006081103	0.1	6.633831e-09	1.669288e-08	0.1
7.319572e-09	0.9586583	0.1	7.319572e-09	2.078806e-06	0.1	7.319572e-09	3.901076e-05	0.1	7.319572e-09	0.0003551929	0.1	7.319572e-09	0.002834801	0.1	7.319572e-09	0.006942464	0.1	7.319572e-09	0.007772779	0.1	7.319572e-09	0.002264533	0.1	7.319572e-09	3.098573e-06	0.1	7.319572e-09	0.0006550319	0.1	7.319572e-09	1.99992e-08	0.1
8.005314e-09	0.9553374	0.1	8.005314e-09	2.171714e-06	0.1	8.005314e-09	4.34628e-05	0.1	8.005314e-09	0.0003845054	0.1	8.005314e-09	0.003119782	0.1	8.005314e-09	0.007843639	0.1	8.005314e-09	0.008092444	0.1	8.005314e-09	0.002358182	0.1	8.005314e-09	3.641958e-06	0.1	8.005314e-09	0.0006985052	0.1	8.005314e-09	2.343129e-08	0.1
8.691056e-09	0.9520933	0.1	8.691056e-09	2.254369e-06	0.1	8.691056e-09	4.801656e-05	0.1	8.691056e-09	0.0004131154	0.1	8.691056e-09	0.003405714	0.1	8.691056e-09	0.00877777	0.1	8.691056e-09	0.008358848	0.1	8.691056e-09	0.002436485	0.1	8.691056e-09	4.219695e-06	0.1	8.691056e-09	0.0007386121	0.1	8.691056e-09	2.693087e-08	0.1
9.376797e-09	0.9489183	0.1	9.376797e-09	2.327823e-06	0.1	9.376797e-09	5.265776e-05	0.1	9.376797e-09	0.000440986	0.1	9.376797e-09	0.003691713	0.1	9.376797e-09	0.009740372	0.1	9.376797e-09	0.008578948	0.1	9.376797e-09	0.002501474	0.1	9.376797e-09	4.827618e-06	0.1	9.376797e-09	0.0007754767	0.1	9.376797e-09	3.044655e-08	0.1
1.006254e-08	0.9458057	0.1	1.006254e-08	2.393017e-06	0.1	1.006254e-08	5.737296e-05	0.1	1.006254e-08	0.0004680854	0.1	1.006254e-08	0.003976932	0.1	1.006254e-08	0.01072721	0.1	1.006254e-08	0.008759273	0.1	1.006254e-08	0.00255505	0.1	1.006254e-08	5.461784e-06	0.1	1.006254e-08	0.0008092541	0.1	1.006254e-08	3.393493e-08	0.1
1.074828e-08	0.942749	0.1	1.074828e-08	2.450793e-06	0.1	1.074828e-08	6.214987e-05	0.1	1.074828e-08	0.0004943874	0.1	1.074828e-08	0.004260581	0.1	1.074828e-08	0.01173442	0.1	1.074828e-08	0.008905779	0.1	1.074828e-08	0.002598943	0.1	1.074828e-08	6.118584e-06	0.1	1.074828e-08	0.0008401205	0.1	1.074828e-08	3.73608e-08	0.1
1.1463e-08	0.9396166	0.1	1.1463e-08	2.50393e-06	0.1	1.1463e-08	6.718246e-05	0.1	1.1463e-08	0.0005209319	0.1	1.1463e-08	0.004553769	0.1	1.1463e-08	0.01280213	0.1	1.1463e-08	0.009028202	0.1	1.1463e-08	0.002636043	0.1	1.1463e-08	6.823748e-06	0.1	1.1463e-08	0.000869397	0.1	1.1463e-08	4.083542e-08	0.1
1.229365e-08	0.9360373	0.1	1.229365e-08	2.557602e-06	0.1	1.229365e-08	7.308614e-05	0.1	1.229365e-08	0.0005506492	0.1	1.229365e-08	0.004890416	0.1	1.229365e-08	0.01406157	0.1	1.229365e-08	0.009138472	0.1	1.229365e-08	0.00267004	0.1	1.229365e-08	7.665549e-06	0.1	1.229365e-08	0.0008999966	0.1	1.229365e-08	4.472097e-08	0.1
1.320254e-08	0.9321879	0.1	1.320254e-08	2.607574e-06	0.1	1.320254e-08	7.959721e-05	0.1	1.320254e-08	0.000581761	0.1	1.320254e-08	0.005252604	0.1	1.320254e-08	0.01545739	0.1	1.320254e-08	0.009227495	0.1	1.320254e-08	0.002698254	0.1	1.320254e-08	8.609296e-06	0.1	1.320254e-08	0.0009296455	0.1	1.320254e-08	4.875816e-08	0.1
1.42288e-08	0.9279161	0.1	1.42288e-08	2.654489e-06	0.1	1.42288e-08	8.699458e-05	0.1	1.42288e-08	0.0006151312	0.1	1.42288e-08	0.00565246	0.1	1.42288e-08	0.01704983	0.1	1.42288e-08	0.009297281	0.1	1.42288e-08	0.002721413	0.1	1.42288e-08	9.69783e-06	0.1	1.42288e-08	0.0009588322	0.1	1.42288e-08	5.302716e-08	0.1
1.560636e-08	0.9222913	0.1	1.560636e-08	2.704153e-06	0.1	1.560636e-08	9.697068e-05	0.1	1.560636e-08	0.0006570391	0.1	1.560636e-08	0.006171845	0.1	1.560636e-08	0.01920551	0.1	1.560636e-08	0.009353601	0.1	1.560636e-08	0.002741977	0.1	1.560636e-08	1.118862e-05	0.1	1.560636e-08	0.0009918229	0.1	1.560636e-08	5.826412e-08	0.1
1.698391e-08	0.916777	0.1	1.698391e-08	2.741351e-06	0.1	1.698391e-08	0.0001069718	0.1	1.698391e-08	0.0006957443	0.1	1.698391e-08	0.006669198	0.1	1.698391e-08	0.02137319	0.1	1.698391e-08	0.009380458	0.1	1.698391e-08	0.002754285	0.1	1.698391e-08	1.270513e-05	0.1	1.698391e-08	0.001018849	0.1	1.698391e-08	6.295128e-08	0.1
1.836147e-08	0.9113618	0.1	1.836147e-08	2.768587e-06	0.1	1.836147e-08	0.0001169761	0.1	1.836147e-08	0.0007313931	0.1	1.836147e-08	0.007142854	0.1	1.836147e-08	0.0235461	0.1	1.836147e-08	0.009388066	0.1	1.836147e-08	0.00276123	0.1	1.836147e-08	1.424097e-05	0.1	1.836147e-08	0.001040966	0.1	1.836147e-08	6.712639e-08	0.1
1.973902e-08	0.9060373	0.1	1.973902e-08	2.78788e-06	0.1	1.973902e-08	0.0001269687	0.1	1.973902e-08	0.0007641522	0.1	1.973902e-08	0.00759175	0.1	1.973902e-08	0.0257197	0.1	1.973902e-08	0.009383282	0.1	1.973902e-08	0.002764735	0.1	1.973902e-08	1.579179e-05	0.1	1.973902e-08	0.001059056	0.1	1.973902e-08	7.083772e-08	0.1
2.111658e-08	0.9007976	0.1	2.111658e-08	2.800859e-06	0.1	2.111658e-08	0.0001369396	0.1	2.111658e-08	0.0007941975	0.1	2.111658e-08	0.008015307	0.1	2.111658e-08	0.02789093	0.1	2.111658e-08	0.009370649	0.1	2.111658e-08	0.00276606	0.1	2.111658e-08	1.735461e-05	0.1	2.111658e-08	0.001073844	0.1	2.111658e-08	7.413623e-08	0.1
2.249414e-08	0.8956382	0.1	2.249414e-08	2.808828e-06	0.1	2.249414e-08	0.000146882	0.1	2.249414e-08	0.0008217061	0.1	2.249414e-08	0.008413338	0.1	2.249414e-08	0.03005778	0.1	2.249414e-08	0.009353136	0.1	2.249414e-08	0.002766014	0.1	2.249414e-08	1.892737e-05	0.1	2.249414e-08	0.001085922	0.1	2.249414e-08	7.707122e-08	0.1
2.387169e-08	0.8905556	0.1	2.387169e-08	2.812835e-06	0.1	2.387169e-08	0.0001567913	0.1	2.387169e-08	0.0008468513	0.1	2.387169e-08	0.008785968	0.1	2.387169e-08	0.03221889	0.1	2.387169e-08	0.009332655	0.1	2.387169e-08	0.002765103	0.1	2.387169e-08	2.050861e-05	0.1	2.387169e-08	0.001095771	0.1	2.387169e-08	7.968792e-08	0.1
2.524925e-08	0.8855468	0.1	2.524925e-08	2.813712e-06	0.1	2.524925e-08	0.0001666643	0.1	2.524925e-08	0.0008698001	0.1	2.524925e-08	0.009133575	0.1	2.524925e-08	0.03437336	0.1	2.524925e-08	0.009310419	0.1	2.524925e-08	0.002763638	0.1	2.524925e-08	2.209725e-05	0.1	2.524925e-08	0.001103781	0.1	2.524925e-08	8.20266e-08	0.1
2.66268e-08	0.8806093	0.1	2.66268e-08	2.812125e-06	0.1	2.66268e-08	0.0001764988	0.1	2.66268e-08	0.0008907105	0.1	2.66268e-08	0.009456735	0.1	2.66268e-08	0.03652058	0.1	2.66268e-08	0.009287177	0.1	2.66268e-08	0.0027618	0.1	2.66268e-08	2.369244e-05	0.1	2.66268e-08	0.001110269	0.1	2.66268e-08	8.412232e-08	0.1
2.818088e-08	0.8751217	0.1	2.818088e-08	2.808033e-06	0.1	2.818088e-08	0.0001875453	0.1	2.818088e-08	0.0009120397	0.1	2.818088e-08	0.009792883	0.1	2.818088e-08	0.0389337	0.1	2.818088e-08	0.009260303	0.1	2.818088e-08	0.002759402	0.1	2.818088e-08	2.549905e-05	0.1	2.818088e-08	0.001116076	0.1	2.818088e-08	8.623246e-08	0.1
2.985265e-08	0.8693129	0.1	2.985265e-08	2.801555e-06	0.1	2.985265e-08	0.0001993689	0.1	2.985265e-08	0.0009325266	0.1	2.985265e-08	0.01012221	0.1	2.985265e-08	0.04151809	0.1	2.985265e-08	0.009231004	0.1	2.985265e-08	0.002756507	0.1	2.985265e-08	2.744976e-05	0.1	2.985265e-08	0.001120855	0.1	2.985265e-08	8.82414e-08	0.1
3.152442e-08	0.8635981	0.1	3.152442e-08	2.79347e-06	0.1	3.152442e-08	0.0002111291	0.1	3.152442e-08	0.0009506884	0.1	3.152442e-08	0.01041976	0.1	3.152442e-08	0.04409017	0.1	3.152442e-08	0.009201502	0.1	3.152442e-08	0.002753309	0.1	3.152442e-08	2.940705e-05	0.1	3.152442e-08	0.00112439	0.1	3.152442e-08	9.001613e-08	0.1
3.355315e-08	0.8567841	0.1	3.355315e-08	2.782101e-06	0.1	3.355315e-08	0.0002253128	0.1	3.355315e-08	0.0009699034	0.1	3.355315e-08	0.0107408	0.1	3.355315e-08	0.04719439	0.1	3.355315e-08	0.009165531	0.1	3.355315e-08	0.002749009	0.1	3.355315e-08	3.178969e-05	0.1	3.355315e-08	0.001127324	0.1	3.355315e-08	9.189851e-08	0.1
3.558189e-08	0.8500968	0.1	3.558189e-08	2.769536e-06	0.1	3.558189e-08	0.0002393974	0.1	3.558189e-08	0.0009863356	0.1	3.558189e-08	0.01102113	0.1	3.558189e-08	0.05027931	0.1	3.558189e-08	0.009129371	0.1	3.558189e-08	0.002744219	0.1	3.558189e-08	3.417884e-05	0.1	3.558189e-08	0.001129054	0.1	3.558189e-08	9.352381e-08	0.1
3.795596e-08	0.8424236	0.1	3.795596e-08	2.753827e-06	0.1	3.795596e-08	0.0002557497	0.1	3.795596e-08	0.001002431	0.1	3.795596e-08	0.01130208	0.1	3.795596e-08	0.05386405	0.1	3.795596e-08	0.009086747	0.1	3.795596e-08	0.002737945	0.1	3.795596e-08	3.698065e-05	0.1	3.795596e-08	0.001129852	0.1	3.795596e-08	9.514477e-08	0.1
4.041635e-08	0.834635	0.1	4.041635e-08	2.736825e-06	0.1	4.041635e-08	0.0002725445	0.1	4.041635e-08	0.001015973	0.1	4.041635e-08	0.01154508	0.1	4.041635e-08	0.05754947	0.1	4.041635e-08	0.009042125	0.1	4.041635e-08	0.002730647	0.1	4.041635e-08	3.988844e-05	0.1	4.041635e-08	0.001129555	0.1	4.041635e-08	9.654816e-08	0.1
4.297977e-08	0.8266869	0.1	4.297977e-08	2.718659e-06	0.1	4.297977e-08	0.0002898727	0.1	4.297977e-08	0.001027121	0.1	4.297977e-08	0.01175216	0.1	4.297977e-08	0.06135603	0.1	4.297977e-08	0.008995075	0.1	4.297977e-08	0.002722174	0.1	4.297977e-08	4.291936e-05	0.1	4.297977e-08	0.001128261	0.1	4.297977e-08	9.775094e-08	0.1
4.595524e-08	0.8176601	0.1	4.595524e-08	2.697281e-06	0.1	4.595524e-08	0.0003097623	0.1	4.595524e-08	0.001036795	0.1	4.595524e-08	0.01194135	0.1	4.595524e-08	0.06573071	0.1	4.595524e-08	0.008939708	0.1	4.595524e-08	0.002711259	0.1	4.595524e-08	4.643527e-05	0.1	4.595524e-08	0.00112574	0.1	4.595524e-08	9.885946e-08	0.1
4.893072e-08	0.8088328	0.1	4.893072e-08	2.675793e-06	0.1	4.893072e-08	0.0003294049	0.1	4.893072e-08	0.001043474	0.1	4.893072e-08	0.01208358	0.1	4.893072e-08	0.07005702	0.1	4.893072e-08	0.008883564	0.1	4.893072e-08	0.002699261	0.1	4.893072e-08	4.994459e-05	0.1	4.893072e-08	0.001122331	0.1	4.893072e-08	9.970068e-08	0.1
5.215643e-08	0.7994725	0.1	5.215643e-08	2.652523e-06	0.1	5.215643e-08	0.0003504135	0.1	5.215643e-08	0.001047861	0.1	5.215643e-08	0.01219342	0.1	5.215643e-08	0.07469112	0.1	5.215643e-08	0.008821932	0.1	5.215643e-08	0.002685162	0.1	5.215643e-08	5.373706e-05	0.1	5.215643e-08	0.001117826	0.1	5.215643e-08	1.003533e-07	0.1
5.575752e-08	0.7892618	0.1	5.575752e-08	2.626693e-06	0.1	5.575752e-08	0.0003735089	0.1	5.575752e-08	0.001049841	0.1	5.575752e-08	0.01227129	0.1	5.575752e-08	0.07979413	0.1	5.575752e-08	0.008752384	0.1	5.575752e-08	0.002668273	0.1	5.575752e-08	5.795091e-05	0.1	5.575752e-08	0.001111999	0.1	5.575752e-08	1.008111e-07	0.1
5.98068e-08	0.778059	0.1	5.98068e-08	2.597925e-06	0.1	5.98068e-08	0.0003990212	0.1	5.98068e-08	0.001049069	0.1	5.98068e-08	0.01231393	0.1	5.98068e-08	0.08544213	0.1	5.98068e-08	0.008673556	0.1	5.98068e-08	0.002648107	0.1	5.98068e-08	6.265801e-05	0.1	5.98068e-08	0.00110466	0.1	5.98068e-08	1.010419e-07	0.1
6.432887e-08	0.7658707	0.1	6.432887e-08	2.56622e-06	0.1	6.432887e-08	0.0004269353	0.1	6.432887e-08	0.001045232	0.1	6.432887e-08	0.0123183	0.1	6.432887e-08	0.09163564	0.1	6.432887e-08	0.008585167	0.1	6.432887e-08	0.002624474	0.1	6.432887e-08	6.78688e-05	0.1	6.432887e-08	0.001095724	0.1	6.432887e-08	1.010132e-07	0.1
6.954693e-08	0.7521969	0.1	6.954693e-08	2.530248e-06	0.1	6.954693e-08	0.0004583887	0.1	6.954693e-08	0.001037822	0.1	6.954693e-08	0.0122816	0.1	6.954693e-08	0.09863245	0.1	6.954693e-08	0.008483265	0.1	6.954693e-08	0.002596207	0.1	6.954693e-08	7.381367e-05	0.1	6.954693e-08	0.001084727	0.1	6.954693e-08	1.006891e-07	0.1
7.476499e-08	0.7389107	0.1	7.476499e-08	2.494975e-06	0.1	7.476499e-08	0.000489037	0.1	7.476499e-08	0.001028043	0.1	7.476499e-08	0.01221324	0.1	7.476499e-08	0.1054693	0.1	7.476499e-08	0.008381985	0.1	7.476499e-08	0.002567306	0.1	7.476499e-08	7.96793e-05	0.1	7.476499e-08	0.00107325	0.1	7.476499e-08	1.00133e-07	0.1
7.998305e-08	0.7259858	0.1	7.998305e-08	2.460422e-06	0.1	7.998305e-08	0.0005188919	0.1	7.998305e-08	0.00101656	0.1	7.998305e-08	0.01212318	0.1	7.998305e-08	0.1121481	0.1	7.998305e-08	0.008281742	0.1	7.998305e-08	0.002538118	0.1	7.998305e-08	8.546115e-05	0.1	7.998305e-08	0.001061493	0.1	7.998305e-08	9.941036e-08	0.1
8.520111e-08	0.7134006	0.1	8.520111e-08	2.426599e-06	0.1	8.520111e-08	0.0005479692	0.1	8.520111e-08	0.001003876	0.1	8.520111e-08	0.01201854	0.1	8.520111e-08	0.1186714	0.1	8.520111e-08	0.008182832	0.1	8.520111e-08	0.002508899	0.1	8.520111e-08	9.115634e-05	0.1	8.520111e-08	0.001049604	0.1	8.520111e-08	9.857109e-08	0.1
9.041917e-08	0.7011372	0.1	9.041917e-08	2.393508e-06	0.1	9.041917e-08	0.0005762876	0.1	9.041917e-08	0.0009903709	0.1	9.041917e-08	0.01190437	0.1	9.041917e-08	0.1250427	0.1	9.041917e-08	0.008085454	0.1	9.041917e-08	0.002479834	0.1	9.041917e-08	9.676326e-05	0.1	9.041917e-08	0.001037691	0.1	9.041917e-08	9.765275e-08	0.1
9.563723e-08	0.68918	0.1	9.563723e-08	2.361144e-06	0.1	9.563723e-08	0.0006038672	0.1	9.563723e-08	0.0009763311	0.1	9.563723e-08	0.01178427	0.1	9.563723e-08	0.1312655	0.1	9.563723e-08	0.007989736	0.1	9.563723e-08	0.00245105	0.1	9.563723e-08	0.0001022812	0.1	9.563723e-08	0.00102583	0.1	9.563723e-08	9.668314e-08	0.1
1.008553e-07	0.6775155	0.1	1.008553e-07	2.329496e-06	0.1	1.008553e-07	0.0006307292	0.1	1.008553e-07	0.0009619721	0.1	1.008553e-07	0.01166075	0.1	1.008553e-07	0.1373437	0.1	1.008553e-07	0.007895753	0.1	1.008553e-07	0.002422634	0.1	1.008553e-07	0.00010771	0.1	1.008553e-07	0.001014075	0.1	1.008553e-07	9.568259e-08	0.1
1.060734e-07	0.6661319	0.1	1.060734e-07	2.298551e-06	0.1	1.060734e-07	0.0006568953	0.1	1.060734e-07	0.0009474551	0.1	1.060734e-07	0.01153558	0.1	1.060734e-07	0.1432814	0.1	1.060734e-07	0.00780354	0.1	1.060734e-07	0.002394644	0.1	1.060734e-07	0.00011305	0.1	1.060734e-07	0.001002463	0.1	1.060734e-07	9.466579e-08	0.1
1.121757e-07	0.6531607	0.1	1.121757e-07	2.263234e-06	0.1	1.121757e-07	0.000686642	0.1	1.121757e-07	0.0009304359	0.1	1.121757e-07	0.01138873	0.1	1.121757e-07	0.1500524	0.1	1.121757e-07	0.007697957	0.1	1.121757e-07	0.002362498	0.1	1.121757e-07	0.0001191833	0.1	1.121757e-07	0.0009890978	0.1	1.121757e-07	9.346999e-08	0.1
1.184992e-07	0.6400923	0.1	1.184992e-07	2.227601e-06	0.1	1.184992e-07	0.00071653	0.1	1.184992e-07	0.0009128912	0.1	1.184992e-07	0.01123736	0.1	1.184992e-07	0.1568786	0.1	1.184992e-07	0.0075911	0.1	1.184992e-07	0.002329888	0.1	1.184992e-07	0.0001254129	0.1	1.184992e-07	0.0009755155	0.1	1.184992e-07	9.223484e-08	0.1
1.248227e-07	0.6273875	0.1	1.248227e-07	2.192919e-06	0.1	1.248227e-07	0.0007455016	0.1	1.248227e-07	0.0008955437	0.1	1.248227e-07	0.01108773	0.1	1.248227e-07	0.1635183	0.1	1.248227e-07	0.007486794	0.1	1.248227e-07	0.002298004	0.1	1.248227e-07	0.0001315163	0.1	1.248227e-07	0.0009622197	0.1	1.248227e-07	9.101205e-08	0.1
1.322195e-07	0.6129678	0.1	1.322195e-07	2.153514e-06	0.1	1.322195e-07	0.0007782763	0.1	1.322195e-07	0.0008755956	0.1	1.322195e-07	0.01091569	0.1	1.322195e-07	0.1710572	0.1	1.322195e-07	0.007367943	0.1	1.322195e-07	0.002261631	0.1	1.322195e-07	0.0001384979	0.1	1.322195e-07	0.0009470379	0.1	1.322195e-07	8.96044e-08	0.1
1.398847e-07	0.5985052	0.1	1.398847e-07	2.113953e-06	0.1	1.398847e-07	0.0008110277	0.1	1.398847e-07	0.0008553865	0.1	1.398847e-07	0.01074131	0.1	1.398847e-07	0.1786212	0.1	1.398847e-07	0.00724826	0.1	1.398847e-07	0.002224971	0.1	1.398847e-07	0.0001455564	0.1	1.398847e-07	0.0009317271	0.1	1.398847e-07	8.817646e-08	0.1
1.481709e-07	0.583395	0.1	1.481709e-07	2.072581e-06	0.1	1.481709e-07	0.0008451112	0.1	1.481709e-07	0.0008341198	0.1	1.481709e-07	0.0105576	0.1	1.481709e-07	0.1865263	0.1	1.481709e-07	0.007122717	0.1	1.481709e-07	0.002186495	0.1	1.481709e-07	0.0001529889	0.1	1.481709e-07	0.0009156503	0.1	1.481709e-07	8.667121e-08	0.1
1.573885e-07	0.5671945	0.1	1.573885e-07	2.028185e-06	0.1	1.573885e-07	0.000881496	0.1	1.573885e-07	0.0008111996	0.1	1.573885e-07	0.01035923	0.1	1.573885e-07	0.1950041	0.1	1.573885e-07	0.006987544	0.1	1.573885e-07	0.002145051	0.1	1.573885e-07	0.0001610204	0.1	1.573885e-07	0.0008983285	0.1	1.573885e-07	8.504515e-08	0.1
1.673754e-07	0.5503273	0.1	1.673754e-07	1.981918e-06	0.1	1.673754e-07	0.0009191991	0.1	1.673754e-07	0.0007872492	0.1	1.673754e-07	0.01015136	0.1	1.673754e-07	0.2038332	0.1	1.673754e-07	0.006846162	0.1	1.673754e-07	0.002101693	0.1	1.673754e-07	0.0001694476	0.1	1.673754e-07	0.0008802034	0.1	1.673754e-07	8.334079e-08	0.1
1.785161e-07	0.5323049	0.1	1.785161e-07	1.932435e-06	0.1	1.785161e-07	0.0009592767	0.1	1.785161e-07	0.0007615965	0.1	1.785161e-07	0.009927884	0.1	1.785161e-07	0.2132695	0.1	1.785161e-07	0.006694339	0.1	1.785161e-07	0.002055125	0.1	1.785161e-07	0.00017852	0.1	1.785161e-07	0.0008607345	0.1	1.785161e-07	8.150819e-08	0.1
1.910387e-07	0.5129851	0.1	1.910387e-07	1.879336e-06	0.1	1.910387e-07	0.001001995	0.1	1.910387e-07	0.0007340541	0.1	1.910387e-07	0.009686812	0.1	1.910387e-07	0.2233879	0.1	1.910387e-07	0.006530667	0.1	1.910387e-07	0.002004919	0.1	1.910387e-07	0.0001883157	0.1	1.910387e-07	0.000839743	0.1	1.910387e-07	7.953107e-08	0.1
2.044827e-07	0.4932768	0.1	2.044827e-07	1.825111e-06	0.1	2.044827e-07	0.001045304	0.1	2.044827e-07	0.0007059317	0.1	2.044827e-07	0.009439263	0.1	2.044827e-07	0.2337131	0.1	2.044827e-07	0.006362655	0.1	2.044827e-07	0.001953379	0.1	2.044827e-07	0.0001983725	0.1	2.044827e-07	0.0008181933	0.1	2.044827e-07	7.750074e-08	0.1
2.20799e-07	0.47069	0.1	2.20799e-07	1.762893e-06	0.1	2.20799e-07	0.001094598	0.1	2.20799e-07	0.0006736852	0.1	2.20799e-07	0.00915344	0.1	2.20799e-07	0.2455506	0.1	2.20799e-07	0.006168697	0.1	2.20799e-07	0.001893878	0.1	2.20799e-07	0.0002099603	0.1	2.20799e-07	0.0007933148	0.1	2.20799e-07	7.515644e-08	0.1
2.395348e-07	0.4464103	0.1	2.395348e-07	1.695922e-06	0.1	2.395348e-07	0.001147169	0.1	2.395348e-07	0.0006390124	0.1	2.395348e-07	0.008843476	0.1	2.395348e-07	0.2582808	0.1	2.395348e-07	0.005958367	0.1	2.395348e-07	0.001829355	0.1	2.395348e-07	0.0002224628	0.1	2.395348e-07	0.0007663363	0.1	2.395348e-07	7.261412e-08	0.1
2.609994e-07	0.4205729	0.1	2.609994e-07	1.62455e-06	0.1	2.609994e-07	0.001202624	0.1	2.609994e-07	0.000602111	0.1	2.609994e-07	0.008510218	0.1	2.609994e-07	0.2718347	0.1	2.609994e-07	0.005732228	0.1	2.609994e-07	0.001759981	0.1	2.609994e-07	0.0002357773	0.1	2.609994e-07	0.0007373303	0.1	2.609994e-07	6.988076e-08	0.1
2.869271e-07	0.3918925	0.1	2.869271e-07	1.545195e-06	0.1	2.869271e-07	0.001263574	0.1	2.869271e-07	0.0005611478	0.1	2.869271e-07	0.008135671	0.1	2.869271e-07	0.2868896	0.1	2.869271e-07	0.005478056	0.1	2.869271e-07	0.001682009	0.1	2.869271e-07	0.0002504989	0.1	2.869271e-07	0.0007047295	0.1	2.869271e-07	6.680878e-08	0.1
3.201959e-07	0.358664	0.1	3.201959e-07	1.453077e-06	0.1	3.201959e-07	0.001333357	0.1	3.201959e-07	0.000513689	0.1	3.201959e-07	0.00769474	0.1	3.201959e-07	0.3043462	0.1	3.201959e-07	0.005178812	0.1	3.201959e-07	0.00159021	0.1	3.201959e-07	0.000267349	0.1	3.201959e-07	0.0006663489	0.1	3.201959e-07	6.319241e-08	0.1
3.615766e-07	0.322152	0.1	3.615766e-07	1.351623e-06	0.1	3.615766e-07	0.001408948	0.1	3.615766e-07	0.0004615419	0.1	3.615766e-07	0.007200005	0.1	3.615766e-07	0.3235491	0.1	3.615766e-07	0.004843014	0.1	3.615766e-07	0.0014872	0.1	3.615766e-07	0.0002853776	0.1	3.615766e-07	0.0006232818	0.1	3.615766e-07	5.913484e-08	0.1
4.123723e-07	0.2834415	0.1	4.123723e-07	1.243764e-06	0.1	4.123723e-07	0.001487726	0.1	4.123723e-07	0.0004062562	0.1	4.123723e-07	0.006661156	0.1	4.123723e-07	0.3439383	0.1	4.123723e-07	0.004477224	0.1	4.123723e-07	0.00137499	0.1	4.123723e-07	0.0003035569	0.1	4.123723e-07	0.0005763707	0.1	4.123723e-07	5.471559e-08	0.1
4.778798e-07	0.2415669	0.1	4.778798e-07	1.126679e-06	0.1	4.778798e-07	0.001571072	0.1	4.778798e-07	0.000346453	0.1	4.778798e-07	0.006057124	0.1	4.778798e-07	0.3660385	0.1	4.778798e-07	0.004067114	0.1	4.778798e-07	0.001249188	0.1	4.778798e-07	0.00032152	0.1	4.778798e-07	0.0005237794	0.1	4.778798e-07	4.976195e-08	0.1
5.433872e-07	0.2069016	0.1	5.433872e-07	1.029324e-06	0.1	5.433872e-07	0.001638134	0.1	5.433872e-07	0.0002969463	0.1	5.433872e-07	0.005535388	0.1	5.433872e-07	0.3843796	0.1	5.433872e-07	0.003712811	0.1	5.433872e-07	0.001140507	0.1	5.433872e-07	0.0003344367	0.1	5.433872e-07	0.0004783481	0.1	5.433872e-07	4.548342e-08	0.1
6.088947e-07	0.177947	0.1	6.088947e-07	9.475774e-07	0.1	6.088947e-07	0.001692213	0.1	6.088947e-07	0.0002555951	0.1	6.088947e-07	0.005079757	0.1	6.088947e-07	0.3997414	0.1	6.088947e-07	0.003403341	0.1	6.088947e-07	0.001045581	0.1	6.088947e-07	0.0003433805	0.1	6.088947e-07	0.0004386686	0.1	6.088947e-07	4.174714e-08	0.1
6.744022e-07	0.1535812	0.1	6.744022e-07	8.78333e-07	0.1	6.744022e-07	0.001735691	0.1	6.744022e-07	0.0002207965	0.1	6.744022e-07	0.004678121	0.1	6.744022e-07	0.4127073	0.1	6.744022e-07	0.003130496	0.1	6.744022e-07	0.0009618904	0.1	6.744022e-07	0.0003492574	0.1	6.744022e-07	0.0004036876	0.1	6.744022e-07	3.845379e-08	0.1
7.399097e-07	0.1329475	0.1	7.399097e-07	8.192131e-07	0.1	7.399097e-07	0.001770346	0.1	7.399097e-07	0.0001913268	0.1	7.399097e-07	0.004321241	0.1	7.399097e-07	0.4237228	0.1	7.399097e-07	0.002888016	0.1	7.399097e-07	0.0008875153	0.1	7.399097e-07	0.000352808	0.1	7.399097e-07	0.0003726018	0.1	7.399097e-07	3.552757e-08	0.1
8.054172e-07	0.1153809	0.1	8.054172e-07	7.683703e-07	0.1	8.054172e-07	0.001797554	0.1	8.054172e-07	0.0001662361	0.1	8.054172e-07	0.004001941	0.1	8.054172e-07	0.4331339	0.1	8.054172e-07	0.002671037	0.1	8.054172e-07	0.0008209636	0.1	8.054172e-07	0.000354622	0.1	8.054172e-07	0.000344787	0.1	8.054172e-07	3.290962e-08	0.1
8.709246e-07	0.1003572	0.1	8.709246e-07	7.243518e-07	0.1	8.709246e-07	0.00181841	0.1	8.709246e-07	0.0001447757	0.1	8.709246e-07	0.003714565	0.1	8.709246e-07	0.4412132	0.1	8.709246e-07	0.002475726	0.1	8.709246e-07	0.0007610587	0.1	8.709246e-07	0.0003551587	0.1	8.709246e-07	0.0003197513	0.1	8.709246e-07	3.055352e-08	0.1
9.364321e-07	0.087458	0.1	9.364321e-07	6.860026e-07	0.1	9.364321e-07	0.001833812	0.1	9.364321e-07	0.0001263482	0.1	9.364321e-07	0.003454586	0.1	9.364321e-07	0.4481782	0.1	9.364321e-07	0.002299015	0.1	9.364321e-07	0.0007068596	0.1	9.364321e-07	0.0003547701	0.1	9.364321e-07	0.0002971009	0.1	9.364321e-07	2.842214e-08	0.1
1.00194e-06	0.07634554	0.1	1.00194e-06	6.523957e-07	0.1	1.00194e-06	0.001844506	0.1	1.00194e-06	0.0001104713	0.1	1.00194e-06	0.003218338	0.1	1.00194e-06	0.4542048	0.1	1.00194e-06	0.002138419	0.1	1.00194e-06	0.0006576038	0.1	1.00194e-06	0.0003537214	0.1	1.00194e-06	0.0002765171	0.1	1.00194e-06	2.648542e-08	0.1
1.067447e-06	0.06674436	0.1	1.067447e-06	6.2278e-07	0.1	1.067447e-06	0.001851125	0.1	1.067447e-06	9.675167e-05	0.1	1.067447e-06	0.003002816	0.1	1.067447e-06	0.4594362	0.1	1.067447e-06	0.001991903	0.1	1.067447e-06	0.0006126667	0.1	1.067447e-06	0.0003522105	0.1	1.067447e-06	0.0002577385	0.1	1.067447e-06	2.47187e-08	0.1
1.132955e-06	0.05842789	0.1	1.132955e-06	5.965425e-07	0.1	1.132955e-06	0.00185421	0.1	1.132955e-06	8.486593e-05	0.1	1.132955e-06	0.002805531	0.1	1.132955e-06	0.4639904	0.1	1.132955e-06	0.001857778	0.1	1.132955e-06	0.0005715306	0.1	1.132955e-06	0.0003503832	0.1	1.132955e-06	0.0002405487	0.1	1.132955e-06	2.310155e-08	0.1
1.198462e-06	0.05120826	0.1	1.198462e-06	5.731785e-07	0.1	1.198462e-06	0.001854229	0.1	1.198462e-06	7.454587e-05	0.1	1.198462e-06	0.002624401	0.1	1.198462e-06	0.4679653	0.1	1.198462e-06	0.001734635	0.1	1.198462e-06	0.0005337626	0.1	1.198462e-06	0.0003483457	0.1	1.198462e-06	0.0002247666	0.1	1.198462e-06	2.161691e-08	0.1
1.263969e-06	0.04492864	0.1	1.263969e-06	5.522702e-07	0.1	1.263969e-06	0.001851586	0.1	1.263969e-06	6.556766e-05	0.1	1.263969e-06	0.002457668	0.1	1.263969e-06	0.4714424	0.1	1.263969e-06	0.001621281	0.1	1.263969e-06	0.0004989971	0.1	1.263969e-06	0.0003461747	0.1	1.263969e-06	0.0002102391	0.1	1.263969e-06	2.025035e-08	0.1
1.329477e-06	0.03945733	0.1	1.329477e-06	5.334692e-07	0.1	1.329477e-06	0.001846633	0.1	1.329477e-06	5.77433e-05	0.1	1.329477e-06	0.002303835	0.1	1.329477e-06	0.4744906	0.1	1.329477e-06	0.001516701	0.1	1.329477e-06	0.0004669226	0.1	1.329477e-06	0.0003439251	0.1	1.329477e-06	0.0001968363	0.1	1.329477e-06	1.898959e-08	0.1
1.394984e-06	0.03468307	0.1	1.394984e-06	5.164835e-07	0.1	1.394984e-06	0.001839678	0.1	1.394984e-06	5.091404e-05	0.1	1.394984e-06	0.002161616	0.1	1.394984e-06	0.4771679	0.1	1.394984e-06	0.001420025	0.1	1.394984e-06	0.0004372721	0.1	1.394984e-06	0.0003416353	0.1	1.394984e-06	0.0001844462	0.1	1.394984e-06	1.782409e-08	0.1
1.460492e-06	0.0305115	0.1	1.460492e-06	5.01067e-07	0.1	1.460492e-06	0.00183099	0.1	1.460492e-06	4.494519e-05	0.1	1.460492e-06	0.002029901	0.1	1.460492e-06	0.4795235	0.1	1.460492e-06	0.0013305	0.1	1.460492e-06	0.0004098143	0.1	1.460492e-06	0.0003393321	0.1	1.460492e-06	0.0001729722	0.1	1.460492e-06	1.674474e-08	0.1
1.525999e-06	0.02686218	0.1	1.525999e-06	4.870115e-07	0.1	1.525999e-06	0.001820805	0.1	1.525999e-06	3.972198e-05	0.1	1.525999e-06	0.001907722	0.1	1.525999e-06	0.4815995	0.1	1.525999e-06	0.001247468	0.1	1.525999e-06	0.000384348	0.1	1.525999e-06	0.0003370335	0.1	1.525999e-06	0.0001623301	0.1	1.525999e-06	1.574359e-08	0.1
1.591507e-06	0.02366632	0.1	1.591507e-06	4.741398e-07	0.1	1.591507e-06	0.001809329	0.1	1.591507e-06	3.514623e-05	0.1	1.591507e-06	0.001794231	0.1	1.591507e-06	0.4834319	0.1	1.591507e-06	0.001170355	0.1	1.591507e-06	0.0003606967	0.1	1.591507e-06	0.0003347516	0.1	1.591507e-06	0.0001524462	0.1	1.591507e-06	1.481369e-08	0.1
1.657014e-06	0.02086488	0.1	1.657014e-06	4.623009e-07	0.1	1.657014e-06	0.001796743	0.1	1.657014e-06	3.113372e-05	0.1	1.657014e-06	0.001688681	0.1	1.657014e-06	0.4850516	0.1	1.657014e-06	0.001098654	0.1	1.657014e-06	0.0003387048	0.1	1.657014e-06	0.0003324939	0.1	1.657014e-06	0.0001432553	0.1	1.657014e-06	1.394891e-08	0.1
1.722522e-06	0.01840705	0.1	1.722522e-06	4.513652e-07	0.1	1.722522e-06	0.001783207	0.1	1.722522e-06	2.761192e-05	0.1	1.722522e-06	0.001590407	0.1	1.722522e-06	0.4864853	0.1	1.722522e-06	0.001031916	0.1	1.722522e-06	0.0003182344	0.1	1.722522e-06	0.0003302648	0.1	1.722522e-06	0.0001346999	0.1	1.722522e-06	1.31438e-08	0.1
1.788029e-06	0.01624896	0.1	1.788029e-06	4.412218e-07	0.1	1.788029e-06	0.00176886	0.1	1.788029e-06	2.451825e-05	0.1	1.788029e-06	0.001498819	0.1	1.788029e-06	0.4877561	0.1	1.788029e-06	0.0009697377	0.1	1.788029e-06	0.0002991624	0.1	1.788029e-06	0.0003280665	0.1	1.788029e-06	0.0001267283	0.1	1.788029e-06	1.239353e-08	0.1
1.853537e-06	0.01435268	0.1	1.853537e-06	4.317748e-07	0.1	1.853537e-06	0.001753825	0.1	1.853537e-06	2.179858e-05	0.1	1.853537e-06	0.001413388	0.1	1.853537e-06	0.4888839	0.1	1.853537e-06	0.0009117614	0.1	1.853537e-06	0.0002813785	0.1	1.853537e-06	0.0003258999	0.1	1.853537e-06	0.0001192946	0.1	1.853537e-06	1.169374e-08	0.1
1.919044e-06	0.01268534	0.1	1.919044e-06	4.229417e-07	0.1	1.919044e-06	0.001738211	0.1	1.919044e-06	1.940599e-05	0.1	1.919044e-06	0.001333637	0.1	1.919044e-06	0.4898861	0.1	1.919044e-06	0.0008576634	0.1	1.919044e-06	0.0002647836	0.1	1.919044e-06	0.0003237648	0.1	1.919044e-06	0.0001123572	0.1	1.919044e-06	1.104053e-08	0.1
1.984552e-06	0.01121836	0.1	1.984552e-06	4.146509e-07	0.1	1.984552e-06	0.001722112	0.1	1.984552e-06	1.729972e-05	0.1	1.984552e-06	0.001259136	0.1	1.984552e-06	0.4907778	0.1	1.984552e-06	0.0008071517	0.1	1.984552e-06	0.0002492881	0.1	1.984552e-06	0.0003216604	0.1	1.984552e-06	0.0001058787	0.1	1.984552e-06	1.043038e-08	0.1
