# T[K]         C5H5         T1a_L         T4a_L         N7a_L         N1a_L
600	3.3922e+11(1.00)	3.8161e+14(1.00)	2.7047e+04(1.00)	1.8682e-13(-3.69)	3.8195e+14(1.00)
700	8.5253e+11(1.00)	3.6584e+14(1.00)	4.2519e+05(1.00)	3.4202e-09(-3.71)	3.6668e+14(1.00)
800	1.8159e+12(1.00)	3.3651e+14(1.00)	3.4584e+06(1.00)	6.3746e-06(-3.73)	3.3832e+14(1.00)
900	3.4427e+12(1.00)	3.0296e+14(1.00)	1.8048e+07(1.00)	2.5372e-03(-3.75)	3.0640e+14(1.00)
1000	5.9870e+12(1.00)	2.6980e+14(1.00)	6.8807e+07(1.00)	3.3722e-01(-3.76)	2.7579e+14(1.00)
1100	9.7469e+12(1.00)	2.3929e+14(1.00)	2.0861e+08(1.00)	2.3099e+01(-4.11)	2.4903e+14(1.00)
1200	1.5040e+13(1.00)	2.1176e+14(1.00)	5.3135e+08(1.00)	7.3332e+02(-4.13)	2.2681e+14(1.00)
1300	2.2227e+13(1.00)	1.8751e+14(1.00)	1.1862e+09(1.00)	1.4260e+04(-4.16)	2.0976e+14(1.00)
1400	3.1695e+13(1.00)	1.6635e+14(1.00)	2.3956e+09(0.99)	1.8636e+05(-4.17)	1.9808e+14(1.00)
1500	4.3867e+13(1.00)	1.4794e+14(1.00)	4.4908e+09(0.97)	1.7499e+06(-4.20)	1.9186e+14(1.00)
1600	5.9191e+13(1.00)	1.3195e+14(1.00)	7.9736e+09(0.87)	1.2406e+07(-4.25)	1.9123e+14(1.00)
1700	7.8092e+13(1.00)	1.1808e+14(1.00)	1.3596e+10(0.53)	6.9019e+07(-4.33)	1.9630e+14(1.00)
1800	1.0118e+14(1.00)	1.0597e+14(1.00)	2.2434e+10(-0.49)	3.1110e+08(-4.49)	2.0734e+14(1.00)
1900	1.2893e+14(1.00)	9.5390e+13(1.00)	3.5837e+10(-3.12)	1.1674e+09(-4.73)	2.2457e+14(1.00)
2000	1.6193e+14(1.00)	8.6076e+13(1.00)	5.5264e+10(-7.53)	3.7274e+09(-5.07)	2.4834e+14(1.00)
