Batch	m_SP	7	P3	R	W4_L	W3	P1	P2_L	P4											
4.207015e-13	9.85718942712e-06	0.1	4.207015e-13	2.006993e-12	0.1	4.207015e-13	1.42671e-07	0.1	4.207015e-13	1.308908e-14	0.1	4.207015e-13	9.598661e-12	0.1	4.207015e-13	1.83043548e-11	0.1	4.207015e-13	1.810656e-19	0.1
1.174542e-12	9.60654593358e-06	0.1	1.174542e-12	5.531881e-12	0.1	1.174542e-12	3.9324449000000003e-07	0.1	1.174542e-12	3.607748e-14	0.1	1.174542e-12	2.645682e-11	0.1	1.174542e-12	5.04523517e-11	0.1	1.174542e-12	4.990718e-19	0.1
2.94514e-12	9.04262057289e-06	0.1	2.94514e-12	1.346256e-11	0.1	2.94514e-12	9.570124899999999e-07	0.1	2.94514e-12	8.779931e-14	0.1	2.94514e-12	6.438616e-11	0.1	2.94514e-12	1.22782493e-10	0.1	2.94514e-12	1.214557e-18	0.1
6.209795e-12	8.0881991172e-06	0.1	6.209795e-12	2.688492e-11	0.1	6.209795e-12	1.9111671e-06	0.1	6.209795e-12	1.753365e-13	0.1	6.209795e-12	1.285801e-10	0.1	6.209795e-12	2.45198312e-10	0.1	6.209795e-12	2.425488e-18	0.1
8.541692e-12	7.46878731138e-06	0.1	8.541692e-12	3.559594e-11	0.1	8.541692e-12	2.5304069e-06	0.1	8.541692e-12	2.321474e-13	0.1	8.541692e-12	1.702414e-10	0.1	8.541692e-12	3.24645221e-10	0.1	8.541692e-12	3.211372e-18	0.1
1.150302e-11	6.75007449858e-06	0.1	1.150302e-11	4.570344e-11	0.1	1.150302e-11	3.2489185999999996e-06	0.1	1.150302e-11	2.980659e-13	0.1	1.150302e-11	2.185817e-10	0.1	1.150302e-11	4.16828651e-10	0.1	1.150302e-11	4.123246e-18	0.1
1.577932e-11	5.8325016744e-06	0.1	1.577932e-11	5.86076e-11	0.1	1.577932e-11	4.1662361e-06	0.1	1.577932e-11	3.822235e-13	0.1	1.577932e-11	2.802972e-10	0.1	1.577932e-11	5.3451825e-10	0.1	1.577932e-11	5.287425e-18	0.1
2.139865e-11	4.81362886323e-06	0.1	2.139865e-11	7.293636e-11	0.1	2.139865e-11	5.1848241e-06	0.1	2.139865e-11	4.756719e-13	0.1	2.139865e-11	3.488261e-10	0.1	2.139865e-11	6.652007700000001e-10	0.1	2.139865e-11	6.580128e-18	0.1
2.751084e-11	3.9064029355800005e-06	0.1	2.751084e-11	8.5695e-11	0.1	2.751084e-11	6.0917962000000005e-06	0.1	2.751084e-11	5.588804e-13	0.1	2.751084e-11	4.098456e-10	0.1	2.751084e-11	7.8156319e-10	0.1	2.751084e-11	7.731179e-18	0.1
3.559448e-11	2.96365936311e-06	0.1	3.559448e-11	9.895313e-11	0.1	3.559448e-11	7.0342769e-06	0.1	3.559448e-11	6.453465e-13	0.1	3.559448e-11	4.732541e-10	0.1	3.559448e-11	9.0248122e-10	0.1	3.559448e-11	8.927293e-18	0.1
4.367811e-11	2.2484315154600003e-06	0.1	4.367811e-11	1.090116e-10	0.1	4.367811e-11	7.7493063e-06	0.1	4.367811e-11	7.109455e-13	0.1	4.367811e-11	5.2136e-10	0.1	4.367811e-11	9.942177699999999e-10	0.1	4.367811e-11	9.834746e-18	0.1
5.176175e-11	1.70581094172e-06	0.1	5.176175e-11	1.166427e-10	0.1	5.176175e-11	8.291775e-06	0.1	5.176175e-11	7.607133e-13	0.1	5.176175e-11	5.578564e-10	0.1	5.176175e-11	1.06381559e-09	0.1	5.176175e-11	1.05232e-17	0.1
5.984539e-11	1.2941420584500001e-06	0.1	5.984539e-11	1.224321e-10	0.1	5.984539e-11	8.7033283e-06	0.1	5.984539e-11	7.984705e-13	0.1	5.984539e-11	5.85545e-10	0.1	5.984539e-11	1.11661667e-09	0.1	5.984539e-11	1.104551e-17	0.1
6.792903e-11	9.81823281669e-07	0.1	6.792903e-11	1.268244e-10	0.1	6.792903e-11	9.015560400000001e-06	0.1	6.792903e-11	8.271156e-13	0.1	6.792903e-11	6.065515e-10	0.1	6.792903e-11	1.15667481e-09	0.1	6.792903e-11	1.144177e-17	0.1
7.601267e-11	7.44877051155e-07	0.1	7.601267e-11	1.301567e-10	0.1	7.601267e-11	9.2524407e-06	0.1	7.601267e-11	8.488478e-13	0.1	7.601267e-11	6.224884e-10	0.1	7.601267e-11	1.18706667e-09	0.1	7.601267e-11	1.174239e-17	0.1
8.40963e-11	5.65113648807e-07	0.1	8.40963e-11	1.326847e-10	0.1	8.40963e-11	9.432154099999998e-06	0.1	8.40963e-11	8.653352e-13	0.1	8.40963e-11	6.345792e-10	0.1	8.40963e-11	1.21012301e-09	0.1	8.40963e-11	1.197047e-17	0.1
9.251446e-11	4.23860861349e-07	0.1	9.251446e-11	1.346712e-10	0.1	9.251446e-11	9.5733673e-06	0.1	9.251446e-11	8.782906e-13	0.1	9.251446e-11	6.440797e-10	0.1	9.251446e-11	1.22824073e-09	0.1	9.251446e-11	1.214969e-17	0.1
1.022707e-10	3.0370766289300005e-07	0.1	1.022707e-10	1.36361e-10	0.1	1.022707e-10	9.6934864e-06	0.1	1.022707e-10	8.893107e-13	0.1	1.022707e-10	6.521612e-10	0.1	1.022707e-10	1.2436517e-09	0.1	1.022707e-10	1.230213e-17	0.1
1.120269e-10	2.17614723831e-07	0.1	1.120269e-10	1.375717e-10	0.1	1.120269e-10	9.7795562e-06	0.1	1.120269e-10	8.97207e-13	0.1	1.120269e-10	6.579518e-10	0.1	1.120269e-10	1.2546937600000001e-09	0.1	1.120269e-10	1.241136e-17	0.1
1.217832e-10	1.55926840716e-07	0.1	1.217832e-10	1.384393e-10	0.1	1.217832e-10	9.8412269e-06	0.1	1.217832e-10	9.028648e-13	0.1	1.217832e-10	6.621009e-10	0.1	1.217832e-10	1.2626061200000001e-09	0.1	1.217832e-10	1.248963e-17	0.1
1.331042e-10	1.05909340896e-07	0.1	1.331042e-10	1.391427e-10	0.1	1.331042e-10	9.8912304e-06	0.1	1.331042e-10	9.074523e-13	0.1	1.331042e-10	6.65465e-10	0.1	1.331042e-10	1.26902142e-09	0.1	1.331042e-10	1.255309e-17	0.1
