Batch	m_SP	5	R	W4_L	P1	P2_L	P3	
3.704027000000e-11	9.737900620020e-06	1.000000000000e-01	3.704027000000e-11	2.589183300000e-07	1.000000000000e-01	3.704027000000e-11	1.297376000000e-09	1.000000000000e-01	3.704027000000e-11	1.517706790000e-09	1.000000000000e-01	3.704027000000e-11	2.071347000000e-10	1.000000000000e-01
7.930421000000e-11	9.447327525780e-06	1.000000000000e-01	7.930421000000e-11	5.460751600000e-07	1.000000000000e-01	7.930421000000e-11	2.736248000000e-09	1.000000000000e-01	7.930421000000e-11	3.200939690000e-09	1.000000000000e-01	7.930421000000e-11	4.368601000000e-10	1.000000000000e-01
1.771152000000e-10	8.807674922370e-06	1.000000000000e-01	1.771152000000e-10	1.178205960000e-06	1.000000000000e-01	1.771152000000e-10	5.903698000000e-09	1.000000000000e-01	1.771152000000e-10	6.906313900000e-09	1.000000000000e-01	1.771152000000e-10	9.425647000000e-10	1.000000000000e-01
3.531749000000e-10	7.763461364610e-06	1.000000000000e-01	3.531749000000e-10	2.210140210000e-06	1.000000000000e-01	3.531749000000e-10	1.107446000000e-08	1.000000000000e-01	3.531749000000e-10	1.295522130000e-08	1.000000000000e-01	3.531749000000e-10	1.768112000000e-09	1.000000000000e-01
5.745195000000e-10	6.624494754390e-06	1.000000000000e-01	5.745195000000e-10	3.335713600000e-06	1.000000000000e-01	5.745195000000e-10	1.671444000000e-08	1.000000000000e-01	5.745195000000e-10	1.955301980000e-08	1.000000000000e-01	5.745195000000e-10	2.668571000000e-09	1.000000000000e-01
8.130127000000e-10	5.583568605388e-06	1.000000000000e-01	8.130127000000e-10	4.364398600000e-06	1.000000000000e-01	8.130127000000e-10	2.186892000000e-08	1.000000000000e-01	8.130127000000e-10	2.558288530000e-08	1.000000000000e-01	8.130127000000e-10	3.491519000000e-09	1.000000000000e-01
1.090328000000e-09	4.577054771280e-06	1.000000000000e-01	1.090328000000e-09	5.359076600000e-06	1.000000000000e-01	1.090328000000e-09	2.685301000000e-08	1.000000000000e-01	1.090328000000e-09	3.141340460000e-08	1.000000000000e-01	1.090328000000e-09	4.287261000000e-09	1.000000000000e-01
1.393524000000e-09	3.683017801145e-06	1.000000000000e-01	1.393524000000e-09	6.242600700000e-06	1.000000000000e-01	1.393524000000e-09	3.128013000000e-08	1.000000000000e-01	1.393524000000e-09	3.659237900000e-08	1.000000000000e-01	1.393524000000e-09	4.994080000000e-09	1.000000000000e-01
1.696720000000e-09	2.963613067206e-06	1.000000000000e-01	1.696720000000e-09	6.953546000000e-06	1.000000000000e-01	1.696720000000e-09	3.484250000000e-08	1.000000000000e-01	1.696720000000e-09	4.075973700000e-08	1.000000000000e-01	1.696720000000e-09	5.562836000000e-09	1.000000000000e-01
1.999917000000e-09	2.384728913995e-06	1.000000000000e-01	1.999917000000e-09	7.525622800000e-06	1.000000000000e-01	1.999917000000e-09	3.770903000000e-08	1.000000000000e-01	1.999917000000e-09	4.411308900000e-08	1.000000000000e-01	1.999917000000e-09	6.020497000000e-09	1.000000000000e-01
2.315587000000e-09	1.901838791234e-06	1.000000000000e-01	2.315587000000e-09	8.002834400000e-06	1.000000000000e-01	2.315587000000e-09	4.010023000000e-08	1.000000000000e-01	2.315587000000e-09	4.691036700000e-08	1.000000000000e-01	2.315587000000e-09	6.402266000000e-09	1.000000000000e-01
2.681153000000e-09	1.463444219064e-06	1.000000000000e-01	2.681153000000e-09	8.436073700000e-06	1.000000000000e-01	2.681153000000e-09	4.227108000000e-08	1.000000000000e-01	2.681153000000e-09	4.944989600000e-08	1.000000000000e-01	2.681153000000e-09	6.748857000000e-09	1.000000000000e-01
3.046719000000e-09	1.126104626228e-06	1.000000000000e-01	3.046719000000e-09	8.769446300000e-06	1.000000000000e-01	3.046719000000e-09	4.394153000000e-08	1.000000000000e-01	3.046719000000e-09	5.140402800000e-08	1.000000000000e-01	3.046719000000e-09	7.015555000000e-09	1.000000000000e-01
3.412285000000e-09	8.665253480056e-07	1.000000000000e-01	3.412285000000e-09	9.025973800000e-06	1.000000000000e-01	3.412285000000e-09	4.522693000000e-08	1.000000000000e-01	3.412285000000e-09	5.290771900000e-08	1.000000000000e-01	3.412285000000e-09	7.220776000000e-09	1.000000000000e-01
3.777851000000e-09	6.667818654351e-07	1.000000000000e-01	3.777851000000e-09	9.223368300000e-06	1.000000000000e-01	3.777851000000e-09	4.621602000000e-08	1.000000000000e-01	3.777851000000e-09	5.406478400000e-08	1.000000000000e-01	3.777851000000e-09	7.378692000000e-09	1.000000000000e-01
4.203369000000e-09	4.915003357965e-07	1.000000000000e-01	4.203369000000e-09	9.396589500000e-06	1.000000000000e-01	4.203369000000e-09	4.708399000000e-08	1.000000000000e-01	4.203369000000e-09	5.508015400000e-08	1.000000000000e-01	4.203369000000e-09	7.517267000000e-09	1.000000000000e-01
4.643874000000e-09	3.584249798711e-07	1.000000000000e-01	4.643874000000e-09	9.528099400000e-06	1.000000000000e-01	4.643874000000e-09	4.774296000000e-08	1.000000000000e-01	4.643874000000e-09	5.585102300000e-08	1.000000000000e-01	4.643874000000e-09	7.622475000000e-09	1.000000000000e-01
5.084380000000e-09	2.613801600337e-07	1.000000000000e-01	5.084380000000e-09	9.624002700000e-06	1.000000000000e-01	5.084380000000e-09	4.822351000000e-08	1.000000000000e-01	5.084380000000e-09	5.641317600000e-08	1.000000000000e-01	5.084380000000e-09	7.699197000000e-09	1.000000000000e-01
5.542617000000e-09	1.882034991255e-07	1.000000000000e-01	5.542617000000e-09	9.696318200000e-06	1.000000000000e-01	5.542617000000e-09	4.858587000000e-08	1.000000000000e-01	5.542617000000e-09	5.683706800000e-08	1.000000000000e-01	5.542617000000e-09	7.757050000000e-09	1.000000000000e-01
6.071777000000e-09	1.287966991402e-07	1.000000000000e-01	6.071777000000e-09	9.755027600000e-06	1.000000000000e-01	6.071777000000e-09	4.888004000000e-08	1.000000000000e-01	6.071777000000e-09	5.718119600000e-08	1.000000000000e-01	6.071777000000e-09	7.804016000000e-09	1.000000000000e-01
