# T[K]         W1         Pr1         Pr3         Pr2
300	3.6814e-44(1.00)	4.0833e-56(1.00)	8.4415e-65(1.00)	3.6813e-44(1.00)
400	2.5501e-31(1.00)	2.6756e-40(1.00)	1.4431e-45(1.00)	2.5501e-31(1.00)
500	3.1552e-23(1.00)	2.3232e-30(1.00)	6.8544e-34(1.00)	3.1552e-23(1.00)
600	1.5242e-17(1.00)	1.2435e-23(1.00)	5.2752e-26(1.00)	1.5242e-17(1.00)
700	2.1861e-13(1.00)	1.0806e-18(1.00)	2.7103e-20(1.00)	2.1861e-13(1.00)
800	3.1862e-10(1.00)	7.0503e-15(1.00)	5.9965e-16(1.00)	3.1863e-10(1.00)
900	9.8355e-08(1.00)	7.8978e-12(1.00)	1.5883e-12(1.00)	9.8363e-08(1.00)
1000	1.0169e-05(1.00)	2.5072e-09(1.00)	9.3596e-10(1.00)	1.0173e-05(1.00)
1100	4.6720e-04(1.00)	3.0806e-07(1.00)	1.8174e-07(1.00)	4.6769e-04(1.00)
1200	1.1661e-02(1.00)	1.8261e-05(1.00)	1.5019e-05(1.00)	1.1694e-02(1.00)
1300	1.8189e-01(1.00)	6.0159e-04(1.00)	6.4038e-04(1.00)	1.8313e-01(1.00)
1400	1.9279e+00(1.00)	1.2342e-02(1.00)	1.6008e-02(1.00)	1.9562e+00(1.00)
1500	1.5135e+01(1.00)	1.7095e-01(1.00)	2.5895e-01(1.00)	1.5565e+01(1.00)
1600	9.1856e+01(1.00)	1.7153e+00(1.00)	2.9359e+00(1.00)	9.6506e+01(1.00)
1700	4.4957e+02(1.00)	1.3083e+01(1.00)	2.4809e+01(1.00)	4.8746e+02(1.00)
1800	1.8327e+03(1.00)	7.9162e+01(1.00)	1.6305e+02(1.00)	2.0749e+03(1.00)
1900	6.3846e+03(1.00)	3.9290e+02(1.00)	8.6874e+02(1.00)	7.6462e+03(1.00)
2000	1.9347e+04(1.00)	1.6411e+03(1.00)	3.8746e+03(1.00)	2.4862e+04(1.00)
2100	5.2004e+04(1.00)	5.9405e+03(1.00)	1.4821e+04(1.00)	7.2764e+04(1.00)
2200	1.2612e+05(1.00)	1.8916e+04(1.00)	4.9505e+04(1.00)	1.9454e+05(1.00)
2300	2.7729e+05(1.00)	5.4002e+04(1.00)	1.4725e+05(1.00)	4.7854e+05(1.00)
2400	5.6297e+05(1.00)	1.3961e+05(1.00)	3.9834e+05(1.00)	1.1009e+06(1.00)
2500	1.0665e+06(1.00)	3.3410e+05(1.00)	9.8601e+05(1.00)	2.3866e+06(1.00)
