Batch	m_SP	5	W1	W2	Pr1	Pr2	Pr3							
14728570000.0	0.9897513	0.1	14728570000.0	2.122935e-10	0.1	14728570000.0	0.0004482523	0.1	14728570000.0	0.004676093	0.1	14728570000.0	6.277327e-15	0.1
15690370000.0	0.9891456	0.1	15690370000.0	2.121648e-10	0.1	15690370000.0	0.0004480496	0.1	15690370000.0	0.004979152	0.1	15690370000.0	0.0	0.1
16845330000.0	0.988419	0.1	16845330000.0	2.120096e-10	0.1	16845330000.0	0.0004478046	0.1	16845330000.0	0.005342711	0.1	16845330000.0	4.534169e-16	0.1
18288340000.0	0.9875123	0.1	18288340000.0	2.118154e-10	0.1	18288340000.0	0.0004474977	0.1	18288340000.0	0.005796375	0.1	18288340000.0	4.0612e-14	0.1
20184580000.0	0.9863226	0.1	20184580000.0	2.115603e-10	0.1	20184580000.0	0.0004470944	0.1	20184580000.0	0.006391586	0.1	20184580000.0	5.229788e-14	0.1
22881160000.0	0.9846346	0.1	22881160000.0	2.111983e-10	0.1	22881160000.0	0.0004465219	0.1	22881160000.0	0.007236168	0.1	22881160000.0	0.0	0.1
27278690000.0	0.9818911	0.1	27278690000.0	2.106099e-10	0.1	27278690000.0	0.0004455911	0.1	27278690000.0	0.008608867	0.1	27278690000.0	1.410043e-14	0.1
35880710000.0	0.9765574	0.1	35880710000.0	2.094659e-10	0.1	35880710000.0	0.000443781	0.1	35880710000.0	0.01127752	0.1	35880710000.0	3.653091e-14	0.1
53084730000.0	0.966019	0.1	53084730000.0	2.072056e-10	0.1	53084730000.0	0.0004402021	0.1	53084730000.0	0.01655027	0.1	53084730000.0	3.619206e-14	0.1
87492790000.0	0.9454446	0.1	87492790000.0	2.027927e-10	0.1	87492790000.0	0.0004332048	0.1	87492790000.0	0.02684449	0.1	87492790000.0	0.0	0.1
145737300000.0	0.9120708	0.1	145737300000.0	1.956345e-10	0.1	145737300000.0	0.0004218256	0.1	145737300000.0	0.04354278	0.1	145737300000.0	1.626556e-14	0.1
235225500000.0	0.8640856	0.1	235225500000.0	1.853425e-10	0.1	235225500000.0	0.0004053957	0.1	235225500000.0	0.06755182	0.1	235225500000.0	9.078256e-14	0.1
351565800000.0	0.807037	0.1	351565800000.0	1.731065e-10	0.1	351565800000.0	0.0003857445	0.1	351565800000.0	0.09609574	0.1	351565800000.0	0.0	0.1
467906100000.0	0.7552812	0.1	467906100000.0	1.620057e-10	0.1	467906100000.0	0.0003677891	0.1	467906100000.0	0.1219916	0.1	467906100000.0	7.176685e-15	0.1
603662800000.0	0.7006877	0.1	603662800000.0	1.502962e-10	0.1	603662800000.0	0.0003486966	0.1	603662800000.0	0.1493074	0.1	603662800000.0	1.589622e-14	0.1
744273500000.0	0.6498374	0.1	744273500000.0	1.393895e-10	0.1	744273500000.0	0.0003307487	0.1	744273500000.0	0.1747506	0.1	744273500000.0	1.1159e-14	0.1
884884200000.0	0.6039882	0.1	884884200000.0	1.295556e-10	0.1	884884200000.0	0.000314407	0.1	884884200000.0	0.1976915	0.1	884884200000.0	1.366222e-14	0.1
884886000000.0	0.6039876	0.1	884886000000.0	1.295591e-10	0.1	884886000000.0	0.0003144068	0.1	884886000000.0	0.1976918	0.1	884886000000.0	0.0	0.1
884886000000.0	0.6039876	0.1	884886000000.0	1.295555e-10	0.1	884886000000.0	0.0003144068	0.1	884886000000.0	0.1976918	0.1	884886000000.0	1.724803e-12	0.1
884886000000.0	0.6039876	0.1	884886000000.0	1.295555e-10	0.1	884886000000.0	0.0003144068	0.1	884886000000.0	0.1976918	0.1	884886000000.0	4.770683e-19	0.1
884886000000.0	0.6039876	0.1	884886000000.0	1.295555e-10	0.1	884886000000.0	0.0003144068	0.1	884886000000.0	0.1976918	0.1	884886000000.0	1.007141e-15	0.1
884886100000.0	0.6039876	0.1	884886100000.0	1.295554e-10	0.1	884886100000.0	0.0003144068	0.1	884886100000.0	0.1976918	0.1	884886100000.0	5.510808e-15	0.1
884886500000.0	0.6039875	0.1	884886500000.0	1.295554e-10	0.1	884886500000.0	0.0003144068	0.1	884886500000.0	0.1976919	0.1	884886500000.0	2.222199e-14	0.1
884887700000.0	0.6039871	0.1	884887700000.0	1.295553e-10	0.1	884887700000.0	0.0003144067	0.1	884887700000.0	0.197692	0.1	884887700000.0	6.54782e-14	0.1
884891100000.0	0.6039861	0.1	884891100000.0	1.295551e-10	0.1	884891100000.0	0.0003144063	0.1	884891100000.0	0.1976926	0.1	884891100000.0	1.261919e-13	0.1
884903100000.0	0.6039823	0.1	884903100000.0	1.295543e-10	0.1	884903100000.0	0.0003144049	0.1	884903100000.0	0.1976944	0.1	884903100000.0	7.052436e-14	0.1
884930600000.0	0.6039738	0.1	884930600000.0	1.295525e-10	0.1	884930600000.0	0.0003144019	0.1	884930600000.0	0.1976987	0.1	884930600000.0	1.320504e-15	0.1
884992400000.0	0.6039547	0.1	884992400000.0	1.295484e-10	0.1	884992400000.0	0.000314395	0.1	884992400000.0	0.1977083	0.1	884992400000.0	2.349697e-14	0.1
885157200000.0	0.6039036	0.1	885157200000.0	1.295374e-10	0.1	885157200000.0	0.0003143767	0.1	885157200000.0	0.1977338	0.1	885157200000.0	1.397256e-13	0.1
885541700000.0	0.6037845	0.1	885541700000.0	1.295119e-10	0.1	885541700000.0	0.0003143341	0.1	885541700000.0	0.1977934	0.1	885541700000.0	1.73843e-14	0.1
886420500000.0	0.6035123	0.1	886420500000.0	1.294535e-10	0.1	886420500000.0	0.0003142365	0.1	886420500000.0	0.1979296	0.1	886420500000.0	0.0	0.1
888397800000.0	0.6029006	0.1	888397800000.0	1.293223e-10	0.1	888397800000.0	0.0003140174	0.1	888397800000.0	0.1982357	0.1	888397800000.0	2.557774e-14	0.1
892791900000.0	0.6015442	0.1	892791900000.0	1.290314e-10	0.1	892791900000.0	0.0003135312	0.1	892791900000.0	0.1989144	0.1	892791900000.0	1.578113e-15	0.1
901580100000.0	0.598844	0.1	901580100000.0	1.284522e-10	0.1	901580100000.0	0.000312563	0.1	901580100000.0	0.2002655	0.1	901580100000.0	0.0	0.1
919156400000.0	0.5934933	0.1	919156400000.0	1.273046e-10	0.1	919156400000.0	0.0003106426	0.1	919156400000.0	0.2029427	0.1	919156400000.0	2.881797e-14	0.1
954309100000.0	0.582987	0.1	954309100000.0	1.250511e-10	0.1	954309100000.0	0.0003068645	0.1	954309100000.0	0.2081996	0.1	954309100000.0	1.531835e-15	0.1
1006376000000.0	0.5678876	0.1	1006376000000.0	1.218125e-10	0.1	1006376000000.0	0.0003014172	0.1	1006376000000.0	0.2157548	0.1	1006376000000.0	4.968742e-16	0.1
1058443000000.0	0.553316	0.1	1058443000000.0	1.186871e-10	0.1	1058443000000.0	0.0002961398	0.1	1058443000000.0	0.2230458	0.1	1058443000000.0	3.041203e-14	0.1
1110510000000.0	0.539247	0.1	1110510000000.0	1.156695e-10	0.1	1110510000000.0	0.0002910242	0.1	1110510000000.0	0.2300855	0.1	1110510000000.0	1.124582e-14	0.1
1162577000000.0	0.5256568	0.1	1162577000000.0	1.127546e-10	0.1	1162577000000.0	0.0002860628	0.1	1162577000000.0	0.2368856	0.1	1162577000000.0	0.0	0.1
1214643000000.0	0.5125231	0.1	1214643000000.0	1.099376e-10	0.1	1214643000000.0	0.0002812486	0.1	1214643000000.0	0.2434572	0.1	1214643000000.0	0.0	0.1
1266710000000.0	0.4998251	0.1	1266710000000.0	1.072141e-10	0.1	1266710000000.0	0.000276575	0.1	1266710000000.0	0.2498109	0.1	1266710000000.0	0.0	0.1
1318777000000.0	0.4875432	0.1	1318777000000.0	1.045798e-10	0.1	1318777000000.0	0.0002720356	0.1	1318777000000.0	0.2559564	0.1	1318777000000.0	0.0	0.1
1370844000000.0	0.4756588	0.1	1370844000000.0	1.020307e-10	0.1	1370844000000.0	0.0002676246	0.1	1370844000000.0	0.261903	0.1	1370844000000.0	2.315827e-14	0.1
1422911000000.0	0.4641545	0.1	1422911000000.0	9.956319e-11	0.1	1422911000000.0	0.0002633364	0.1	1422911000000.0	0.2676594	0.1	1422911000000.0	6.787741e-15	0.1
1474978000000.0	0.4530139	0.1	1474978000000.0	9.717368e-11	0.1	1474978000000.0	0.0002591658	0.1	1474978000000.0	0.2732339	0.1	1474978000000.0	1.25335e-14	0.1
1527045000000.0	0.4422214	0.1	1527045000000.0	9.485884e-11	0.1	1527045000000.0	0.0002551079	0.1	1527045000000.0	0.2786342	0.1	1527045000000.0	9.692282e-15	0.1
1579112000000.0	0.4317626	0.1	1579112000000.0	9.261555e-11	0.1	1579112000000.0	0.0002511579	0.1	1579112000000.0	0.2838676	0.1	1579112000000.0	9.342352e-15	0.1
1631178000000.0	0.4216234	0.1	1631178000000.0	9.044082e-11	0.1	1631178000000.0	0.0002473115	0.1	1631178000000.0	0.288941	0.1	1631178000000.0	9.599603e-15	0.1
1683245000000.0	0.4117908	0.1	1683245000000.0	8.833186e-11	0.1	1683245000000.0	0.0002435646	0.1	1683245000000.0	0.293861	0.1	1683245000000.0	9.409731e-15	0.1
1735312000000.0	0.4022524	0.1	1735312000000.0	8.628599e-11	0.1	1735312000000.0	0.0002399131	0.1	1735312000000.0	0.2986339	0.1	1735312000000.0	9.269578e-15	0.1
1787379000000.0	0.3929965	0.1	1787379000000.0	8.430072e-11	0.1	1787379000000.0	0.0002363534	0.1	1787379000000.0	0.3032654	0.1	1787379000000.0	9.132009e-15	0.1
1839446000000.0	0.384012	0.1	1839446000000.0	8.237363e-11	0.1	1839446000000.0	0.0002328819	0.1	1839446000000.0	0.3077611	0.1	1839446000000.0	8.997861e-15	0.1
1891513000000.0	0.3752881	0.1	1891513000000.0	8.050248e-11	0.1	1891513000000.0	0.0002294952	0.1	1891513000000.0	0.3121264	0.1	1891513000000.0	8.86699e-15	0.1
1943580000000.0	0.3668151	0.1	1943580000000.0	7.86851e-11	0.1	1943580000000.0	0.0002261902	0.1	1943580000000.0	0.3163663	0.1	1943580000000.0	8.739275e-15	0.1
1995647000000.0	0.3585832	0.1	1995647000000.0	7.691945e-11	0.1	1995647000000.0	0.0002229638	0.1	1995647000000.0	0.3204854	0.1	1995647000000.0	8.614598e-15	0.1
2047714000000.0	0.3505834	0.1	2047714000000.0	7.52036e-11	0.1	2047714000000.0	0.0002198132	0.1	2047714000000.0	0.3244885	0.1	2047714000000.0	8.492848e-15	0.1
2099780000000.0	0.3428072	0.1	2099780000000.0	7.353569e-11	0.1	2099780000000.0	0.0002167355	0.1	2099780000000.0	0.3283797	0.1	2099780000000.0	8.373919e-15	0.1
2153938000000.0	0.334947	0.1	2153938000000.0	7.184976e-11	0.1	2153938000000.0	0.0002136089	0.1	2153938000000.0	0.3323129	0.1	2153938000000.0	8.253099e-15	0.1
2216461000000.0	0.3261511	0.1	2216461000000.0	6.996313e-11	0.1	2216461000000.0	0.0002100905	0.1	2216461000000.0	0.3367144	0.1	2216461000000.0	8.117138e-15	0.1
2278984000000.0	0.3176412	0.1	2278984000000.0	6.813784e-11	0.1	2278984000000.0	0.0002066658	0.1	2278984000000.0	0.3409728	0.1	2278984000000.0	7.984798e-15	0.1
2341506000000.0	0.3094051	0.1	2341506000000.0	6.637129e-11	0.1	2341506000000.0	0.000203331	0.1	2341506000000.0	0.3450941	0.1	2341506000000.0	7.855932e-15	0.1
2404029000000.0	0.3014314	0.1	2404029000000.0	6.466102e-11	0.1	2404029000000.0	0.0002000825	0.1	2404029000000.0	0.3490842	0.1	2404029000000.0	7.730399e-15	0.1
2466551000000.0	0.2937094	0.1	2466551000000.0	6.300472e-11	0.1	2466551000000.0	0.0001969168	0.1	2466551000000.0	0.3529484	0.1	2466551000000.0	7.608066e-15	0.1
2529074000000.0	0.2862287	0.1	2529074000000.0	6.140019e-11	0.1	2529074000000.0	0.0001938306	0.1	2529074000000.0	0.3566918	0.1	2529074000000.0	7.488808e-15	0.1
2591596000000.0	0.2789797	0.1	2591596000000.0	5.984534e-11	0.1	2591596000000.0	0.0001908209	0.1	2591596000000.0	0.3603193	0.1	2591596000000.0	7.372505e-15	0.1
2654119000000.0	0.2719531	0.1	2654119000000.0	5.833819e-11	0.1	2654119000000.0	0.0001878848	0.1	2654119000000.0	0.3638356	0.1	2654119000000.0	7.259045e-15	0.1
2716641000000.0	0.2651402	0.1	2716641000000.0	5.687688e-11	0.1	2716641000000.0	0.0001850195	0.1	2716641000000.0	0.3672449	0.1	2716641000000.0	7.148321e-15	0.1
2779164000000.0	0.2585326	0.1	2779164000000.0	5.545962e-11	0.1	2779164000000.0	0.0001822224	0.1	2779164000000.0	0.3705515	0.1	2779164000000.0	7.040231e-15	0.1
2841686000000.0	0.2521226	0.1	2841686000000.0	5.408473e-11	0.1	2841686000000.0	0.0001794909	0.1	2841686000000.0	0.3737592	0.1	2841686000000.0	6.934678e-15	0.1
2904209000000.0	0.2459026	0.1	2904209000000.0	5.275058e-11	0.1	2904209000000.0	0.0001768227	0.1	2904209000000.0	0.3768719	0.1	2904209000000.0	6.831571e-15	0.1
2966732000000.0	0.2398654	0.1	2966732000000.0	5.145566e-11	0.1	2966732000000.0	0.0001742155	0.1	2966732000000.0	0.3798931	0.1	2966732000000.0	6.730822e-15	0.1
3029254000000.0	0.2340043	0.1	3029254000000.0	5.01985e-11	0.1	3029254000000.0	0.0001716673	0.1	3029254000000.0	0.3828262	0.1	3029254000000.0	6.632348e-15	0.1
3091777000000.0	0.2283129	0.1	3091777000000.0	4.897773e-11	0.1	3091777000000.0	0.0001691758	0.1	3091777000000.0	0.3856744	0.1	3091777000000.0	6.53607e-15	0.1
3154299000000.0	0.2227848	0.1	3154299000000.0	4.7792e-11	0.1	3154299000000.0	0.0001667392	0.1	3154299000000.0	0.3884408	0.1	3154299000000.0	6.441913e-15	0.1
3216822000000.0	0.2174144	0.1	3216822000000.0	4.664007e-11	0.1	3216822000000.0	0.0001643557	0.1	3216822000000.0	0.3911285	0.1	3216822000000.0	6.349804e-15	0.1
3279344000000.0	0.2121958	0.1	3279344000000.0	4.552073e-11	0.1	3279344000000.0	0.0001620233	0.1	3279344000000.0	0.3937401	0.1	3279344000000.0	6.259676e-15	0.1
3341867000000.0	0.2071239	0.1	3341867000000.0	4.443283e-11	0.1	3341867000000.0	0.0001597406	0.1	3341867000000.0	0.3962783	0.1	3341867000000.0	6.171462e-15	0.1
3404389000000.0	0.2021934	0.1	3404389000000.0	4.337528e-11	0.1	3404389000000.0	0.0001575057	0.1	3404389000000.0	0.3987458	0.1	3404389000000.0	6.0851e-15	0.1
3466912000000.0	0.1973996	0.1	3466912000000.0	4.234702e-11	0.1	3466912000000.0	0.0001553173	0.1	3466912000000.0	0.4011449	0.1	3466912000000.0	6.00053e-15	0.1
3529435000000.0	0.1927376	0.1	3529435000000.0	4.134705e-11	0.1	3529435000000.0	0.0001531737	0.1	3529435000000.0	0.403478	0.1	3529435000000.0	5.917696e-15	0.1
3591957000000.0	0.188203	0.1	3591957000000.0	4.03744e-11	0.1	3591957000000.0	0.0001510736	0.1	3591957000000.0	0.4057474	0.1	3591957000000.0	5.836542e-15	0.1
3654480000000.0	0.1837916	0.1	3654480000000.0	3.942818e-11	0.1	3654480000000.0	0.0001490157	0.1	3654480000000.0	0.4079552	0.1	3654480000000.0	5.757016e-15	0.1
3717002000000.0	0.1794992	0.1	3717002000000.0	3.850748e-11	0.1	3717002000000.0	0.0001469986	0.1	3717002000000.0	0.4101034	0.1	3717002000000.0	5.679068e-15	0.1
3779525000000.0	0.1753219	0.1	3779525000000.0	3.761147e-11	0.1	3779525000000.0	0.0001450211	0.1	3779525000000.0	0.412194	0.1	3779525000000.0	5.602651e-15	0.1
3842047000000.0	0.171256	0.1	3842047000000.0	3.673935e-11	0.1	3842047000000.0	0.000143082	0.1	3842047000000.0	0.4142289	0.1	3842047000000.0	5.527717e-15	0.1
3904570000000.0	0.1672978	0.1	3904570000000.0	3.589033e-11	0.1	3904570000000.0	0.0001411802	0.1	3904570000000.0	0.4162099	0.1	3904570000000.0	5.454224e-15	0.1
3967092000000.0	0.1634439	0.1	3967092000000.0	3.506367e-11	0.1	3967092000000.0	0.0001393145	0.1	3967092000000.0	0.4181387	0.1	3967092000000.0	5.382129e-15	0.1
4029615000000.0	0.1596909	0.1	4029615000000.0	3.425867e-11	0.1	4029615000000.0	0.000137484	0.1	4029615000000.0	0.4200171	0.1	4029615000000.0	5.31139e-15	0.1
4092138000000.0	0.1560357	0.1	4092138000000.0	3.347463e-11	0.1	4092138000000.0	0.0001356876	0.1	4092138000000.0	0.4218465	0.1	4092138000000.0	5.241971e-15	0.1
4154660000000.0	0.1524751	0.1	4154660000000.0	3.27109e-11	0.1	4154660000000.0	0.0001339243	0.1	4154660000000.0	0.4236285	0.1	4154660000000.0	5.173832e-15	0.1
4217183000000.0	0.1490063	0.1	4217183000000.0	3.196684e-11	0.1	4217183000000.0	0.0001321933	0.1	4217183000000.0	0.4253647	0.1	4217183000000.0	5.106937e-15	0.1
4279705000000.0	0.1456264	0.1	4279705000000.0	3.124186e-11	0.1	4279705000000.0	0.0001304935	0.1	4279705000000.0	0.4270563	0.1	4279705000000.0	5.041254e-15	0.1
4342228000000.0	0.1423326	0.1	4342228000000.0	3.053535e-11	0.1	4342228000000.0	0.0001288243	0.1	4342228000000.0	0.4287049	0.1	4342228000000.0	4.976747e-15	0.1
4404750000000.0	0.1391225	0.1	4404750000000.0	2.984677e-11	0.1	4404750000000.0	0.0001271846	0.1	4404750000000.0	0.4303116	0.1	4404750000000.0	4.913386e-15	0.1
4467273000000.0	0.1359933	0.1	4467273000000.0	2.917557e-11	0.1	4467273000000.0	0.0001255739	0.1	4467273000000.0	0.4318778	0.1	4467273000000.0	4.851139e-15	0.1
4529795000000.0	0.1329428	0.1	4529795000000.0	2.852123e-11	0.1	4529795000000.0	0.0001239911	0.1	4529795000000.0	0.4334046	0.1	4529795000000.0	4.789977e-15	0.1
4592318000000.0	0.1299685	0.1	4592318000000.0	2.788325e-11	0.1	4592318000000.0	0.0001224358	0.1	4592318000000.0	0.4348933	0.1	4592318000000.0	4.729871e-15	0.1
4654840000000.0	0.1270683	0.1	4654840000000.0	2.726114e-11	0.1	4654840000000.0	0.000120907	0.1	4654840000000.0	0.436345	0.1	4654840000000.0	4.670794e-15	0.1
4717363000000.0	0.1242399	0.1	4717363000000.0	2.665445e-11	0.1	4717363000000.0	0.0001194042	0.1	4717363000000.0	0.4377607	0.1	4717363000000.0	4.612719e-15	0.1
4779886000000.0	0.1214812	0.1	4779886000000.0	2.606272e-11	0.1	4779886000000.0	0.0001179267	0.1	4779886000000.0	0.4391415	0.1	4779886000000.0	4.555621e-15	0.1
4842408000000.0	0.1187903	0.1	4842408000000.0	2.548551e-11	0.1	4842408000000.0	0.0001164738	0.1	4842408000000.0	0.4404884	0.1	4842408000000.0	4.499476e-15	0.1
4904931000000.0	0.1161652	0.1	4904931000000.0	2.492242e-11	0.1	4904931000000.0	0.0001150449	0.1	4904931000000.0	0.4418023	0.1	4904931000000.0	4.444259e-15	0.1
4967453000000.0	0.113604	0.1	4967453000000.0	2.437304e-11	0.1	4967453000000.0	0.0001136395	0.1	4967453000000.0	0.4430843	0.1	4967453000000.0	4.389947e-15	0.1
5029976000000.0	0.1111049	0.1	5029976000000.0	2.383697e-11	0.1	5029976000000.0	0.0001122569	0.1	5029976000000.0	0.4443353	0.1	5029976000000.0	4.336519e-15	0.1
5092498000000.0	0.1086662	0.1	5092498000000.0	2.331385e-11	0.1	5092498000000.0	0.0001108966	0.1	5092498000000.0	0.445556	0.1	5092498000000.0	4.283953e-15	0.1
5155021000000.0	0.1062861	0.1	5155021000000.0	2.280332e-11	0.1	5155021000000.0	0.0001095581	0.1	5155021000000.0	0.4467474	0.1	5155021000000.0	4.232228e-15	0.1
5217543000000.0	0.1039631	0.1	5217543000000.0	2.230501e-11	0.1	5217543000000.0	0.0001082409	0.1	5217543000000.0	0.4479102	0.1	5217543000000.0	4.181324e-15	0.1
5280066000000.0	0.1016955	0.1	5280066000000.0	2.18186e-11	0.1	5280066000000.0	0.0001069444	0.1	5280066000000.0	0.4490453	0.1	5280066000000.0	4.131223e-15	0.1
5342589000000.0	0.0994818	0.1	5342589000000.0	2.134376e-11	0.1	5342589000000.0	0.0001056682	0.1	5342589000000.0	0.4501534	0.1	5342589000000.0	4.081905e-15	0.1
5405111000000.0	0.09732059	0.1	5405111000000.0	2.088017e-11	0.1	5405111000000.0	0.0001044118	0.1	5405111000000.0	0.4512353	0.1	5405111000000.0	4.033352e-15	0.1
5467634000000.0	0.0952104	0.1	5467634000000.0	2.042752e-11	0.1	5467634000000.0	0.0001031747	0.1	5467634000000.0	0.4522916	0.1	5467634000000.0	3.985548e-15	0.1
5530156000000.0	0.09314987	0.1	5530156000000.0	1.998552e-11	0.1	5530156000000.0	0.0001019566	0.1	5530156000000.0	0.4533231	0.1	5530156000000.0	3.938474e-15	0.1
5592679000000.0	0.09113765	0.1	5592679000000.0	1.955389e-11	0.1	5592679000000.0	0.000100757	0.1	5592679000000.0	0.4543304	0.1	5592679000000.0	3.892116e-15	0.1
5655201000000.0	0.08917245	0.1	5655201000000.0	1.913234e-11	0.1	5655201000000.0	9.957544e-05	0.1	5655201000000.0	0.4553142	0.1	5655201000000.0	3.846456e-15	0.1
5717724000000.0	0.08725303	0.1	5717724000000.0	1.872061e-11	0.1	5717724000000.0	9.841158e-05	0.1	5717724000000.0	0.4562751	0.1	5717724000000.0	3.801479e-15	0.1
5780246000000.0	0.08537818	0.1	5780246000000.0	1.831843e-11	0.1	5780246000000.0	9.726503e-05	0.1	5780246000000.0	0.4572136	0.1	5780246000000.0	3.757172e-15	0.1
5842769000000.0	0.08354671	0.1	5842769000000.0	1.792557e-11	0.1	5842769000000.0	9.613541e-05	0.1	5842769000000.0	0.4581305	0.1	5842769000000.0	3.713518e-15	0.1
5905292000000.0	0.08175751	0.1	5905292000000.0	1.754177e-11	0.1	5905292000000.0	9.502236e-05	0.1	5905292000000.0	0.4590262	0.1	5905292000000.0	3.670505e-15	0.1
5967814000000.0	0.08000946	0.1	5967814000000.0	1.716679e-11	0.1	5967814000000.0	9.392553e-05	0.1	5967814000000.0	0.4599013	0.1	5967814000000.0	3.628119e-15	0.1
6030337000000.0	0.0783015	0.1	6030337000000.0	1.680042e-11	0.1	6030337000000.0	9.284458e-05	0.1	6030337000000.0	0.4607564	0.1	6030337000000.0	3.586346e-15	0.1
6092859000000.0	0.07663259	0.1	6092859000000.0	1.644242e-11	0.1	6092859000000.0	9.177917e-05	0.1	6092859000000.0	0.4615919	0.1	6092859000000.0	3.545174e-15	0.1
6155382000000.0	0.07500174	0.1	6155382000000.0	1.609258e-11	0.1	6155382000000.0	9.0729e-05	0.1	6155382000000.0	0.4624084	0.1	6155382000000.0	3.504591e-15	0.1
6217904000000.0	0.07340798	0.1	6217904000000.0	1.57507e-11	0.1	6217904000000.0	8.969374e-05	0.1	6217904000000.0	0.4632063	0.1	6217904000000.0	3.464584e-15	0.1
6280427000000.0	0.07185035	0.1	6280427000000.0	1.541657e-11	0.1	6280427000000.0	8.867311e-05	0.1	6280427000000.0	0.4639862	0.1	6280427000000.0	3.425142e-15	0.1
6342949000000.0	0.07032795	0.1	6342949000000.0	1.509e-11	0.1	6342949000000.0	8.766679e-05	0.1	6342949000000.0	0.4647484	0.1	6342949000000.0	3.386254e-15	0.1
6405472000000.0	0.06883989	0.1	6405472000000.0	1.477079e-11	0.1	6405472000000.0	8.667452e-05	0.1	6405472000000.0	0.4654934	0.1	6405472000000.0	3.347908e-15	0.1
6467994000000.0	0.0673853	0.1	6467994000000.0	1.445876e-11	0.1	6467994000000.0	8.569601e-05	0.1	6467994000000.0	0.4662217	0.1	6467994000000.0	3.310093e-15	0.1
6530517000000.0	0.06596336	0.1	6530517000000.0	1.415373e-11	0.1	6530517000000.0	8.473099e-05	0.1	6530517000000.0	0.4669336	0.1	6530517000000.0	3.272801e-15	0.1
6593040000000.0	0.06457324	0.1	6593040000000.0	1.385553e-11	0.1	6593040000000.0	8.377921e-05	0.1	6593040000000.0	0.4676296	0.1	6593040000000.0	3.23602e-15	0.1
6655562000000.0	0.06321417	0.1	6655562000000.0	1.356399e-11	0.1	6655562000000.0	8.28404e-05	0.1	6655562000000.0	0.4683101	0.1	6655562000000.0	3.19974e-15	0.1
6718085000000.0	0.06188537	0.1	6718085000000.0	1.327894e-11	0.1	6718085000000.0	8.191433e-05	0.1	6718085000000.0	0.4689754	0.1	6718085000000.0	3.163952e-15	0.1
6780607000000.0	0.0605861	0.1	6780607000000.0	1.300022e-11	0.1	6780607000000.0	8.100075e-05	0.1	6780607000000.0	0.4696259	0.1	6780607000000.0	3.128647e-15	0.1
6843130000000.0	0.05931565	0.1	6843130000000.0	1.272769e-11	0.1	6843130000000.0	8.009942e-05	0.1	6843130000000.0	0.4702621	0.1	6843130000000.0	3.093816e-15	0.1
6905652000000.0	0.0580733	0.1	6905652000000.0	1.246118e-11	0.1	6905652000000.0	7.921013e-05	0.1	6905652000000.0	0.4708841	0.1	6905652000000.0	3.059449e-15	0.1
6968175000000.0	0.05685838	0.1	6968175000000.0	1.220056e-11	0.1	6968175000000.0	7.833264e-05	0.1	6968175000000.0	0.4714925	0.1	6968175000000.0	3.025539e-15	0.1
7030697000000.0	0.05567022	0.1	7030697000000.0	1.194568e-11	0.1	7030697000000.0	7.746674e-05	0.1	7030697000000.0	0.4720874	0.1	7030697000000.0	2.992076e-15	0.1
7093220000000.0	0.05450818	0.1	7093220000000.0	1.169639e-11	0.1	7093220000000.0	7.661223e-05	0.1	7093220000000.0	0.4726693	0.1	7093220000000.0	2.959054e-15	0.1
7155743000000.0	0.05337162	0.1	7155743000000.0	1.145258e-11	0.1	7155743000000.0	7.576889e-05	0.1	7155743000000.0	0.4732384	0.1	7155743000000.0	2.926463e-15	0.1
7218265000000.0	0.05225995	0.1	7218265000000.0	1.12141e-11	0.1	7218265000000.0	7.493654e-05	0.1	7218265000000.0	0.4737951	0.1	7218265000000.0	2.894297e-15	0.1
7280788000000.0	0.05117257	0.1	7280788000000.0	1.098084e-11	0.1	7280788000000.0	7.411496e-05	0.1	7280788000000.0	0.4743396	0.1	7280788000000.0	2.862547e-15	0.1
7343310000000.0	0.05010889	0.1	7343310000000.0	1.075265e-11	0.1	7343310000000.0	7.330398e-05	0.1	7343310000000.0	0.4748722	0.1	7343310000000.0	2.831207e-15	0.1
7405833000000.0	0.04906837	0.1	7405833000000.0	1.052944e-11	0.1	7405833000000.0	7.250341e-05	0.1	7405833000000.0	0.4753933	0.1	7405833000000.0	2.800269e-15	0.1
7468355000000.0	0.04805045	0.1	7468355000000.0	1.031107e-11	0.1	7468355000000.0	7.171306e-05	0.1	7468355000000.0	0.4759031	0.1	7468355000000.0	2.769727e-15	0.1
7530878000000.0	0.0470546	0.1	7530878000000.0	1.009744e-11	0.1	7530878000000.0	7.093278e-05	0.1	7530878000000.0	0.4764018	0.1	7530878000000.0	2.739572e-15	0.1
7593400000000.0	0.0460803	0.1	7593400000000.0	9.888426e-12	0.1	7593400000000.0	7.016237e-05	0.1	7593400000000.0	0.4768897	0.1	7593400000000.0	2.7098e-15	0.1
7655923000000.0	0.04512705	0.1	7655923000000.0	9.68393e-12	0.1	7655923000000.0	6.940168e-05	0.1	7655923000000.0	0.4773671	0.1	7655923000000.0	2.680403e-15	0.1
7718446000000.0	0.04419436	0.1	7718446000000.0	9.483844e-12	0.1	7718446000000.0	6.865054e-05	0.1	7718446000000.0	0.4778342	0.1	7718446000000.0	2.651375e-15	0.1
7780968000000.0	0.04328176	0.1	7780968000000.0	9.288066e-12	0.1	7780968000000.0	6.790879e-05	0.1	7780968000000.0	0.4782912	0.1	7780968000000.0	2.622711e-15	0.1
7843491000000.0	0.04238877	0.1	7843491000000.0	9.096496e-12	0.1	7843491000000.0	6.717628e-05	0.1	7843491000000.0	0.4787384	0.1	7843491000000.0	2.594403e-15	0.1
7906013000000.0	0.04151495	0.1	7906013000000.0	8.909036e-12	0.1	7906013000000.0	6.645285e-05	0.1	7906013000000.0	0.4791761	0.1	7906013000000.0	2.566446e-15	0.1
7968536000000.0	0.04065985	0.1	7968536000000.0	8.725592e-12	0.1	7968536000000.0	6.573836e-05	0.1	7968536000000.0	0.4796043	0.1	7968536000000.0	2.538834e-15	0.1
8031058000000.0	0.03982304	0.1	8031058000000.0	8.546072e-12	0.1	8031058000000.0	6.503266e-05	0.1	8031058000000.0	0.4800234	0.1	8031058000000.0	2.511563e-15	0.1
8093581000000.0	0.03900411	0.1	8093581000000.0	8.370386e-12	0.1	8093581000000.0	6.433562e-05	0.1	8093581000000.0	0.4804336	0.1	8093581000000.0	2.484625e-15	0.1
8156103000000.0	0.03820264	0.1	8156103000000.0	8.198446e-12	0.1	8156103000000.0	6.364708e-05	0.1	8156103000000.0	0.480835	0.1	8156103000000.0	2.458017e-15	0.1
8218626000000.0	0.03741824	0.1	8218626000000.0	8.030168e-12	0.1	8218626000000.0	6.296693e-05	0.1	8218626000000.0	0.4812279	0.1	8218626000000.0	2.431732e-15	0.1
8281149000000.0	0.03665052	0.1	8281149000000.0	7.865467e-12	0.1	8281149000000.0	6.229501e-05	0.1	8281149000000.0	0.4816124	0.1	8281149000000.0	2.405766e-15	0.1
8343671000000.0	0.03589911	0.1	8343671000000.0	7.704264e-12	0.1	8343671000000.0	6.163122e-05	0.1	8343671000000.0	0.4819888	0.1	8343671000000.0	2.380114e-15	0.1
8406194000000.0	0.03516362	0.1	8406194000000.0	7.546478e-12	0.1	8406194000000.0	6.097541e-05	0.1	8406194000000.0	0.4823572	0.1	8406194000000.0	2.35477e-15	0.1
8456277000000.0	0.03458572	0.1	8456277000000.0	7.422498e-12	0.1	8456277000000.0	6.045575e-05	0.1	8456277000000.0	0.4826467	0.1	8456277000000.0	2.334688e-15	0.1
8456605000000.0	0.03458197	0.1	8456605000000.0	7.421692e-12	0.1	8456605000000.0	6.045237e-05	0.1	8456605000000.0	0.4826486	0.1	8456605000000.0	2.334557e-15	0.1
8456933000000.0	0.03457821	0.1	8456933000000.0	7.420887e-12	0.1	8456933000000.0	6.044898e-05	0.1	8456933000000.0	0.4826504	0.1	8456933000000.0	2.334426e-15	0.1
8457262000000.0	0.03457446	0.1	8457262000000.0	7.420082e-12	0.1	8457262000000.0	6.044559e-05	0.1	8457262000000.0	0.4826523	0.1	8457262000000.0	2.334295e-15	0.1
8457590000000.0	0.03457071	0.1	8457590000000.0	7.419277e-12	0.1	8457590000000.0	6.04422e-05	0.1	8457590000000.0	0.4826542	0.1	8457590000000.0	2.334164e-15	0.1
8457918000000.0	0.03456696	0.1	8457918000000.0	7.418472e-12	0.1	8457918000000.0	6.043882e-05	0.1	8457918000000.0	0.4826561	0.1	8457918000000.0	2.334033e-15	0.1
8458246000000.0	0.03456321	0.1	8458246000000.0	7.417668e-12	0.1	8458246000000.0	6.043543e-05	0.1	8458246000000.0	0.482658	0.1	8458246000000.0	2.333902e-15	0.1
8458574000000.0	0.03455946	0.1	8458574000000.0	7.416863e-12	0.1	8458574000000.0	6.043204e-05	0.1	8458574000000.0	0.4826598	0.1	8458574000000.0	2.333771e-15	0.1
8458902000000.0	0.03455571	0.1	8458902000000.0	7.416058e-12	0.1	8458902000000.0	6.042866e-05	0.1	8458902000000.0	0.4826617	0.1	8458902000000.0	2.333641e-15	0.1
8459230000000.0	0.03455196	0.1	8459230000000.0	7.415254e-12	0.1	8459230000000.0	6.042527e-05	0.1	8459230000000.0	0.4826636	0.1	8459230000000.0	2.33351e-15	0.1
8459558000000.0	0.03454821	0.1	8459558000000.0	7.414449e-12	0.1	8459558000000.0	6.042189e-05	0.1	8459558000000.0	0.4826655	0.1	8459558000000.0	2.333379e-15	0.1
8459886000000.0	0.03454446	0.1	8459886000000.0	7.413645e-12	0.1	8459886000000.0	6.04185e-05	0.1	8459886000000.0	0.4826674	0.1	8459886000000.0	2.333248e-15	0.1
8460214000000.0	0.03454071	0.1	8460214000000.0	7.412841e-12	0.1	8460214000000.0	6.041512e-05	0.1	8460214000000.0	0.4826692	0.1	8460214000000.0	2.333117e-15	0.1
8460543000000.0	0.03453696	0.1	8460543000000.0	7.412037e-12	0.1	8460543000000.0	6.041173e-05	0.1	8460543000000.0	0.4826711	0.1	8460543000000.0	2.332986e-15	0.1
8460871000000.0	0.03453321	0.1	8460871000000.0	7.411233e-12	0.1	8460871000000.0	6.040835e-05	0.1	8460871000000.0	0.482673	0.1	8460871000000.0	2.332856e-15	0.1
8461199000000.0	0.03452946	0.1	8461199000000.0	7.410429e-12	0.1	8461199000000.0	6.040496e-05	0.1	8461199000000.0	0.4826749	0.1	8461199000000.0	2.332725e-15	0.1
8461527000000.0	0.03452572	0.1	8461527000000.0	7.409625e-12	0.1	8461527000000.0	6.040158e-05	0.1	8461527000000.0	0.4826767	0.1	8461527000000.0	2.332594e-15	0.1
8461855000000.0	0.03452197	0.1	8461855000000.0	7.408821e-12	0.1	8461855000000.0	6.039819e-05	0.1	8461855000000.0	0.4826786	0.1	8461855000000.0	2.332463e-15	0.1
8462183000000.0	0.03451823	0.1	8462183000000.0	7.408018e-12	0.1	8462183000000.0	6.039481e-05	0.1	8462183000000.0	0.4826805	0.1	8462183000000.0	2.332332e-15	0.1
8462511000000.0	0.03451448	0.1	8462511000000.0	7.407214e-12	0.1	8462511000000.0	6.039142e-05	0.1	8462511000000.0	0.4826824	0.1	8462511000000.0	2.332202e-15	0.1
8462839000000.0	0.03451073	0.1	8462839000000.0	7.406411e-12	0.1	8462839000000.0	6.038804e-05	0.1	8462839000000.0	0.4826842	0.1	8462839000000.0	2.332071e-15	0.1
8463167000000.0	0.03450699	0.1	8463167000000.0	7.405607e-12	0.1	8463167000000.0	6.038466e-05	0.1	8463167000000.0	0.4826861	0.1	8463167000000.0	2.33194e-15	0.1
8463495000000.0	0.03450325	0.1	8463495000000.0	7.404804e-12	0.1	8463495000000.0	6.038127e-05	0.1	8463495000000.0	0.482688	0.1	8463495000000.0	2.331809e-15	0.1
8463824000000.0	0.0344995	0.1	8463824000000.0	7.404001e-12	0.1	8463824000000.0	6.037789e-05	0.1	8463824000000.0	0.4826899	0.1	8463824000000.0	2.331679e-15	0.1
8464152000000.0	0.03449576	0.1	8464152000000.0	7.403197e-12	0.1	8464152000000.0	6.037451e-05	0.1	8464152000000.0	0.4826917	0.1	8464152000000.0	2.331548e-15	0.1
8464480000000.0	0.03449201	0.1	8464480000000.0	7.402394e-12	0.1	8464480000000.0	6.037113e-05	0.1	8464480000000.0	0.4826936	0.1	8464480000000.0	2.331417e-15	0.1
8464808000000.0	0.03448827	0.1	8464808000000.0	7.401591e-12	0.1	8464808000000.0	6.036774e-05	0.1	8464808000000.0	0.4826955	0.1	8464808000000.0	2.331286e-15	0.1
8465136000000.0	0.03448453	0.1	8465136000000.0	7.400789e-12	0.1	8465136000000.0	6.036436e-05	0.1	8465136000000.0	0.4826974	0.1	8465136000000.0	2.331156e-15	0.1
8465464000000.0	0.03448079	0.1	8465464000000.0	7.399986e-12	0.1	8465464000000.0	6.036098e-05	0.1	8465464000000.0	0.4826992	0.1	8465464000000.0	2.331025e-15	0.1
8465792000000.0	0.03447705	0.1	8465792000000.0	7.399183e-12	0.1	8465792000000.0	6.03576e-05	0.1	8465792000000.0	0.4827011	0.1	8465792000000.0	2.330894e-15	0.1
8466120000000.0	0.0344733	0.1	8466120000000.0	7.398381e-12	0.1	8466120000000.0	6.035422e-05	0.1	8466120000000.0	0.482703	0.1	8466120000000.0	2.330764e-15	0.1
8466448000000.0	0.03446956	0.1	8466448000000.0	7.397578e-12	0.1	8466448000000.0	6.035083e-05	0.1	8466448000000.0	0.4827049	0.1	8466448000000.0	2.330633e-15	0.1
8466776000000.0	0.03446582	0.1	8466776000000.0	7.396776e-12	0.1	8466776000000.0	6.034745e-05	0.1	8466776000000.0	0.4827067	0.1	8466776000000.0	2.330502e-15	0.1
8467105000000.0	0.03446208	0.1	8467105000000.0	7.395973e-12	0.1	8467105000000.0	6.034407e-05	0.1	8467105000000.0	0.4827086	0.1	8467105000000.0	2.330372e-15	0.1
8467433000000.0	0.03445834	0.1	8467433000000.0	7.395171e-12	0.1	8467433000000.0	6.034069e-05	0.1	8467433000000.0	0.4827105	0.1	8467433000000.0	2.330241e-15	0.1
8467761000000.0	0.03445461	0.1	8467761000000.0	7.394369e-12	0.1	8467761000000.0	6.033731e-05	0.1	8467761000000.0	0.4827124	0.1	8467761000000.0	2.33011e-15	0.1
8468089000000.0	0.03445087	0.1	8468089000000.0	7.393567e-12	0.1	8468089000000.0	6.033393e-05	0.1	8468089000000.0	0.4827142	0.1	8468089000000.0	2.32998e-15	0.1
8468417000000.0	0.03444713	0.1	8468417000000.0	7.392765e-12	0.1	8468417000000.0	6.033055e-05	0.1	8468417000000.0	0.4827161	0.1	8468417000000.0	2.329849e-15	0.1
8468745000000.0	0.03444339	0.1	8468745000000.0	7.391963e-12	0.1	8468745000000.0	6.032717e-05	0.1	8468745000000.0	0.482718	0.1	8468745000000.0	2.329719e-15	0.1
8469073000000.0	0.03443965	0.1	8469073000000.0	7.391161e-12	0.1	8469073000000.0	6.032379e-05	0.1	8469073000000.0	0.4827198	0.1	8469073000000.0	2.329588e-15	0.1
8469401000000.0	0.03443592	0.1	8469401000000.0	7.39036e-12	0.1	8469401000000.0	6.032041e-05	0.1	8469401000000.0	0.4827217	0.1	8469401000000.0	2.329457e-15	0.1
8469729000000.0	0.03443218	0.1	8469729000000.0	7.389558e-12	0.1	8469729000000.0	6.031703e-05	0.1	8469729000000.0	0.4827236	0.1	8469729000000.0	2.329327e-15	0.1
8470057000000.0	0.03442844	0.1	8470057000000.0	7.388756e-12	0.1	8470057000000.0	6.031365e-05	0.1	8470057000000.0	0.4827255	0.1	8470057000000.0	2.329196e-15	0.1
8470385000000.0	0.03442471	0.1	8470385000000.0	7.387955e-12	0.1	8470385000000.0	6.031028e-05	0.1	8470385000000.0	0.4827273	0.1	8470385000000.0	2.329066e-15	0.1
8470714000000.0	0.03442097	0.1	8470714000000.0	7.387154e-12	0.1	8470714000000.0	6.03069e-05	0.1	8470714000000.0	0.4827292	0.1	8470714000000.0	2.328935e-15	0.1
8471042000000.0	0.03441724	0.1	8471042000000.0	7.386352e-12	0.1	8471042000000.0	6.030352e-05	0.1	8471042000000.0	0.4827311	0.1	8471042000000.0	2.328804e-15	0.1
8471370000000.0	0.0344135	0.1	8471370000000.0	7.385551e-12	0.1	8471370000000.0	6.030014e-05	0.1	8471370000000.0	0.4827329	0.1	8471370000000.0	2.328674e-15	0.1
8471698000000.0	0.03440977	0.1	8471698000000.0	7.38475e-12	0.1	8471698000000.0	6.029676e-05	0.1	8471698000000.0	0.4827348	0.1	8471698000000.0	2.328543e-15	0.1
8472026000000.0	0.03440604	0.1	8472026000000.0	7.383949e-12	0.1	8472026000000.0	6.029338e-05	0.1	8472026000000.0	0.4827367	0.1	8472026000000.0	2.328413e-15	0.1
8472354000000.0	0.0344023	0.1	8472354000000.0	7.383148e-12	0.1	8472354000000.0	6.029001e-05	0.1	8472354000000.0	0.4827386	0.1	8472354000000.0	2.328282e-15	0.1
8472682000000.0	0.03439857	0.1	8472682000000.0	7.382348e-12	0.1	8472682000000.0	6.028663e-05	0.1	8472682000000.0	0.4827404	0.1	8472682000000.0	2.328152e-15	0.1
8473010000000.0	0.03439484	0.1	8473010000000.0	7.381547e-12	0.1	8473010000000.0	6.028325e-05	0.1	8473010000000.0	0.4827423	0.1	8473010000000.0	2.328021e-15	0.1
8473338000000.0	0.03439111	0.1	8473338000000.0	7.380746e-12	0.1	8473338000000.0	6.027988e-05	0.1	8473338000000.0	0.4827442	0.1	8473338000000.0	2.327891e-15	0.1
8473666000000.0	0.03438738	0.1	8473666000000.0	7.379946e-12	0.1	8473666000000.0	6.02765e-05	0.1	8473666000000.0	0.482746	0.1	8473666000000.0	2.32776e-15	0.1
8473995000000.0	0.03438364	0.1	8473995000000.0	7.379145e-12	0.1	8473995000000.0	6.027312e-05	0.1	8473995000000.0	0.4827479	0.1	8473995000000.0	2.32763e-15	0.1
8474323000000.0	0.03437991	0.1	8474323000000.0	7.378345e-12	0.1	8474323000000.0	6.026975e-05	0.1	8474323000000.0	0.4827498	0.1	8474323000000.0	2.327499e-15	0.1
8474651000000.0	0.03437618	0.1	8474651000000.0	7.377545e-12	0.1	8474651000000.0	6.026637e-05	0.1	8474651000000.0	0.4827516	0.1	8474651000000.0	2.327369e-15	0.1
8474979000000.0	0.03437245	0.1	8474979000000.0	7.376745e-12	0.1	8474979000000.0	6.0263e-05	0.1	8474979000000.0	0.4827535	0.1	8474979000000.0	2.327238e-15	0.1
8475307000000.0	0.03436872	0.1	8475307000000.0	7.375945e-12	0.1	8475307000000.0	6.025962e-05	0.1	8475307000000.0	0.4827554	0.1	8475307000000.0	2.327108e-15	0.1
8475635000000.0	0.034365	0.1	8475635000000.0	7.375145e-12	0.1	8475635000000.0	6.025624e-05	0.1	8475635000000.0	0.4827572	0.1	8475635000000.0	2.326978e-15	0.1
8475963000000.0	0.03436127	0.1	8475963000000.0	7.374345e-12	0.1	8475963000000.0	6.025287e-05	0.1	8475963000000.0	0.4827591	0.1	8475963000000.0	2.326847e-15	0.1
8476291000000.0	0.03435754	0.1	8476291000000.0	7.373545e-12	0.1	8476291000000.0	6.024949e-05	0.1	8476291000000.0	0.482761	0.1	8476291000000.0	2.326717e-15	0.1
8476619000000.0	0.03435381	0.1	8476619000000.0	7.372745e-12	0.1	8476619000000.0	6.024612e-05	0.1	8476619000000.0	0.4827628	0.1	8476619000000.0	2.326586e-15	0.1
8476947000000.0	0.03435008	0.1	8476947000000.0	7.371945e-12	0.1	8476947000000.0	6.024275e-05	0.1	8476947000000.0	0.4827647	0.1	8476947000000.0	2.326456e-15	0.1
8477276000000.0	0.03434636	0.1	8477276000000.0	7.371146e-12	0.1	8477276000000.0	6.023937e-05	0.1	8477276000000.0	0.4827666	0.1	8477276000000.0	2.326325e-15	0.1
8477604000000.0	0.03434263	0.1	8477604000000.0	7.370347e-12	0.1	8477604000000.0	6.0236e-05	0.1	8477604000000.0	0.4827684	0.1	8477604000000.0	2.326195e-15	0.1
8477932000000.0	0.03433891	0.1	8477932000000.0	7.369547e-12	0.1	8477932000000.0	6.023262e-05	0.1	8477932000000.0	0.4827703	0.1	8477932000000.0	2.326065e-15	0.1
8478260000000.0	0.03433518	0.1	8478260000000.0	7.368748e-12	0.1	8478260000000.0	6.022925e-05	0.1	8478260000000.0	0.4827722	0.1	8478260000000.0	2.325934e-15	0.1
8478588000000.0	0.03433145	0.1	8478588000000.0	7.367949e-12	0.1	8478588000000.0	6.022588e-05	0.1	8478588000000.0	0.482774	0.1	8478588000000.0	2.325804e-15	0.1
8478916000000.0	0.03432773	0.1	8478916000000.0	7.36715e-12	0.1	8478916000000.0	6.02225e-05	0.1	8478916000000.0	0.4827759	0.1	8478916000000.0	2.325674e-15	0.1
8479244000000.0	0.03432401	0.1	8479244000000.0	7.366351e-12	0.1	8479244000000.0	6.021913e-05	0.1	8479244000000.0	0.4827778	0.1	8479244000000.0	2.325543e-15	0.1
8479572000000.0	0.03432028	0.1	8479572000000.0	7.365552e-12	0.1	8479572000000.0	6.021576e-05	0.1	8479572000000.0	0.4827796	0.1	8479572000000.0	2.325413e-15	0.1
8479900000000.0	0.03431656	0.1	8479900000000.0	7.364753e-12	0.1	8479900000000.0	6.021238e-05	0.1	8479900000000.0	0.4827815	0.1	8479900000000.0	2.325283e-15	0.1
8480228000000.0	0.03431284	0.1	8480228000000.0	7.363954e-12	0.1	8480228000000.0	6.020901e-05	0.1	8480228000000.0	0.4827834	0.1	8480228000000.0	2.325152e-15	0.1
8480557000000.0	0.03430911	0.1	8480557000000.0	7.363156e-12	0.1	8480557000000.0	6.020564e-05	0.1	8480557000000.0	0.4827852	0.1	8480557000000.0	2.325022e-15	0.1
8480885000000.0	0.03430539	0.1	8480885000000.0	7.362357e-12	0.1	8480885000000.0	6.020227e-05	0.1	8480885000000.0	0.4827871	0.1	8480885000000.0	2.324892e-15	0.1
8481213000000.0	0.03430167	0.1	8481213000000.0	7.361559e-12	0.1	8481213000000.0	6.01989e-05	0.1	8481213000000.0	0.482789	0.1	8481213000000.0	2.324761e-15	0.1
8481541000000.0	0.03429795	0.1	8481541000000.0	7.36076e-12	0.1	8481541000000.0	6.019552e-05	0.1	8481541000000.0	0.4827908	0.1	8481541000000.0	2.324631e-15	0.1
8481869000000.0	0.03429423	0.1	8481869000000.0	7.359962e-12	0.1	8481869000000.0	6.019215e-05	0.1	8481869000000.0	0.4827927	0.1	8481869000000.0	2.324501e-15	0.1
8482197000000.0	0.03429051	0.1	8482197000000.0	7.359164e-12	0.1	8482197000000.0	6.018878e-05	0.1	8482197000000.0	0.4827946	0.1	8482197000000.0	2.32437e-15	0.1
8482525000000.0	0.03428679	0.1	8482525000000.0	7.358366e-12	0.1	8482525000000.0	6.018541e-05	0.1	8482525000000.0	0.4827964	0.1	8482525000000.0	2.32424e-15	0.1
8482853000000.0	0.03428307	0.1	8482853000000.0	7.357568e-12	0.1	8482853000000.0	6.018204e-05	0.1	8482853000000.0	0.4827983	0.1	8482853000000.0	2.32411e-15	0.1
8483181000000.0	0.03427935	0.1	8483181000000.0	7.35677e-12	0.1	8483181000000.0	6.017867e-05	0.1	8483181000000.0	0.4828001	0.1	8483181000000.0	2.32398e-15	0.1
8483509000000.0	0.03427563	0.1	8483509000000.0	7.355972e-12	0.1	8483509000000.0	6.01753e-05	0.1	8483509000000.0	0.482802	0.1	8483509000000.0	2.323849e-15	0.1
8483838000000.0	0.03427191	0.1	8483838000000.0	7.355174e-12	0.1	8483838000000.0	6.017193e-05	0.1	8483838000000.0	0.4828039	0.1	8483838000000.0	2.323719e-15	0.1
8484166000000.0	0.03426819	0.1	8484166000000.0	7.354376e-12	0.1	8484166000000.0	6.016856e-05	0.1	8484166000000.0	0.4828057	0.1	8484166000000.0	2.323589e-15	0.1
8484494000000.0	0.03426447	0.1	8484494000000.0	7.353579e-12	0.1	8484494000000.0	6.016519e-05	0.1	8484494000000.0	0.4828076	0.1	8484494000000.0	2.323459e-15	0.1
8484822000000.0	0.03426076	0.1	8484822000000.0	7.352781e-12	0.1	8484822000000.0	6.016182e-05	0.1	8484822000000.0	0.4828095	0.1	8484822000000.0	2.323329e-15	0.1
8485150000000.0	0.03425704	0.1	8485150000000.0	7.351984e-12	0.1	8485150000000.0	6.015845e-05	0.1	8485150000000.0	0.4828113	0.1	8485150000000.0	2.323198e-15	0.1
8485478000000.0	0.03425332	0.1	8485478000000.0	7.351187e-12	0.1	8485478000000.0	6.015508e-05	0.1	8485478000000.0	0.4828132	0.1	8485478000000.0	2.323068e-15	0.1
8485806000000.0	0.03424961	0.1	8485806000000.0	7.350389e-12	0.1	8485806000000.0	6.015171e-05	0.1	8485806000000.0	0.482815	0.1	8485806000000.0	2.322938e-15	0.1
8486134000000.0	0.03424589	0.1	8486134000000.0	7.349592e-12	0.1	8486134000000.0	6.014835e-05	0.1	8486134000000.0	0.4828169	0.1	8486134000000.0	2.322808e-15	0.1
8486462000000.0	0.03424218	0.1	8486462000000.0	7.348795e-12	0.1	8486462000000.0	6.014498e-05	0.1	8486462000000.0	0.4828188	0.1	8486462000000.0	2.322678e-15	0.1
8486790000000.0	0.03423846	0.1	8486790000000.0	7.347998e-12	0.1	8486790000000.0	6.014161e-05	0.1	8486790000000.0	0.4828206	0.1	8486790000000.0	2.322547e-15	0.1
8487118000000.0	0.03423475	0.1	8487118000000.0	7.347202e-12	0.1	8487118000000.0	6.013824e-05	0.1	8487118000000.0	0.4828225	0.1	8487118000000.0	2.322417e-15	0.1
8487447000000.0	0.03423103	0.1	8487447000000.0	7.346405e-12	0.1	8487447000000.0	6.013487e-05	0.1	8487447000000.0	0.4828243	0.1	8487447000000.0	2.322287e-15	0.1
8487775000000.0	0.03422732	0.1	8487775000000.0	7.345608e-12	0.1	8487775000000.0	6.013151e-05	0.1	8487775000000.0	0.4828262	0.1	8487775000000.0	2.322157e-15	0.1
8488103000000.0	0.03422361	0.1	8488103000000.0	7.344811e-12	0.1	8488103000000.0	6.012814e-05	0.1	8488103000000.0	0.4828281	0.1	8488103000000.0	2.322027e-15	0.1
8488431000000.0	0.03421989	0.1	8488431000000.0	7.344015e-12	0.1	8488431000000.0	6.012477e-05	0.1	8488431000000.0	0.4828299	0.1	8488431000000.0	2.321897e-15	0.1
8488759000000.0	0.03421618	0.1	8488759000000.0	7.343219e-12	0.1	8488759000000.0	6.012141e-05	0.1	8488759000000.0	0.4828318	0.1	8488759000000.0	2.321767e-15	0.1
8489087000000.0	0.03421247	0.1	8489087000000.0	7.342422e-12	0.1	8489087000000.0	6.011804e-05	0.1	8489087000000.0	0.4828336	0.1	8489087000000.0	2.321637e-15	0.1
8489415000000.0	0.03420876	0.1	8489415000000.0	7.341626e-12	0.1	8489415000000.0	6.011467e-05	0.1	8489415000000.0	0.4828355	0.1	8489415000000.0	2.321506e-15	0.1
8489743000000.0	0.03420505	0.1	8489743000000.0	7.34083e-12	0.1	8489743000000.0	6.011131e-05	0.1	8489743000000.0	0.4828374	0.1	8489743000000.0	2.321376e-15	0.1
8490071000000.0	0.03420134	0.1	8490071000000.0	7.340034e-12	0.1	8490071000000.0	6.010794e-05	0.1	8490071000000.0	0.4828392	0.1	8490071000000.0	2.321246e-15	0.1
8490399000000.0	0.03419763	0.1	8490399000000.0	7.339238e-12	0.1	8490399000000.0	6.010457e-05	0.1	8490399000000.0	0.4828411	0.1	8490399000000.0	2.321116e-15	0.1
8490728000000.0	0.03419392	0.1	8490728000000.0	7.338442e-12	0.1	8490728000000.0	6.010121e-05	0.1	8490728000000.0	0.4828429	0.1	8490728000000.0	2.320986e-15	0.1
8491056000000.0	0.03419021	0.1	8491056000000.0	7.337646e-12	0.1	8491056000000.0	6.009784e-05	0.1	8491056000000.0	0.4828448	0.1	8491056000000.0	2.320856e-15	0.1
8491384000000.0	0.0341865	0.1	8491384000000.0	7.336851e-12	0.1	8491384000000.0	6.009448e-05	0.1	8491384000000.0	0.4828467	0.1	8491384000000.0	2.320726e-15	0.1
8491712000000.0	0.03418279	0.1	8491712000000.0	7.336055e-12	0.1	8491712000000.0	6.009111e-05	0.1	8491712000000.0	0.4828485	0.1	8491712000000.0	2.320596e-15	0.1
8492040000000.0	0.03417908	0.1	8492040000000.0	7.335259e-12	0.1	8492040000000.0	6.008775e-05	0.1	8492040000000.0	0.4828504	0.1	8492040000000.0	2.320466e-15	0.1
8492368000000.0	0.03417537	0.1	8492368000000.0	7.334464e-12	0.1	8492368000000.0	6.008438e-05	0.1	8492368000000.0	0.4828522	0.1	8492368000000.0	2.320336e-15	0.1
8492696000000.0	0.03417167	0.1	8492696000000.0	7.333669e-12	0.1	8492696000000.0	6.008102e-05	0.1	8492696000000.0	0.4828541	0.1	8492696000000.0	2.320206e-15	0.1
8493024000000.0	0.03416796	0.1	8493024000000.0	7.332873e-12	0.1	8493024000000.0	6.007766e-05	0.1	8493024000000.0	0.4828559	0.1	8493024000000.0	2.320076e-15	0.1
8493352000000.0	0.03416425	0.1	8493352000000.0	7.332078e-12	0.1	8493352000000.0	6.007429e-05	0.1	8493352000000.0	0.4828578	0.1	8493352000000.0	2.319946e-15	0.1
8493680000000.0	0.03416055	0.1	8493680000000.0	7.331283e-12	0.1	8493680000000.0	6.007093e-05	0.1	8493680000000.0	0.4828597	0.1	8493680000000.0	2.319816e-15	0.1
8494009000000.0	0.03415684	0.1	8494009000000.0	7.330488e-12	0.1	8494009000000.0	6.006756e-05	0.1	8494009000000.0	0.4828615	0.1	8494009000000.0	2.319686e-15	0.1
8494337000000.0	0.03415314	0.1	8494337000000.0	7.329693e-12	0.1	8494337000000.0	6.00642e-05	0.1	8494337000000.0	0.4828634	0.1	8494337000000.0	2.319556e-15	0.1
8494665000000.0	0.03414943	0.1	8494665000000.0	7.328899e-12	0.1	8494665000000.0	6.006084e-05	0.1	8494665000000.0	0.4828652	0.1	8494665000000.0	2.319426e-15	0.1
8494993000000.0	0.03414573	0.1	8494993000000.0	7.328104e-12	0.1	8494993000000.0	6.005748e-05	0.1	8494993000000.0	0.4828671	0.1	8494993000000.0	2.319296e-15	0.1
8495321000000.0	0.03414202	0.1	8495321000000.0	7.327309e-12	0.1	8495321000000.0	6.005411e-05	0.1	8495321000000.0	0.4828689	0.1	8495321000000.0	2.319166e-15	0.1
8495649000000.0	0.03413832	0.1	8495649000000.0	7.326515e-12	0.1	8495649000000.0	6.005075e-05	0.1	8495649000000.0	0.4828708	0.1	8495649000000.0	2.319036e-15	0.1
8495977000000.0	0.03413462	0.1	8495977000000.0	7.32572e-12	0.1	8495977000000.0	6.004739e-05	0.1	8495977000000.0	0.4828726	0.1	8495977000000.0	2.318906e-15	0.1
8496305000000.0	0.03413092	0.1	8496305000000.0	7.324926e-12	0.1	8496305000000.0	6.004403e-05	0.1	8496305000000.0	0.4828745	0.1	8496305000000.0	2.318776e-15	0.1
8496633000000.0	0.03412721	0.1	8496633000000.0	7.324132e-12	0.1	8496633000000.0	6.004066e-05	0.1	8496633000000.0	0.4828764	0.1	8496633000000.0	2.318646e-15	0.1
8496961000000.0	0.03412351	0.1	8496961000000.0	7.323337e-12	0.1	8496961000000.0	6.00373e-05	0.1	8496961000000.0	0.4828782	0.1	8496961000000.0	2.318517e-15	0.1
8497290000000.0	0.03411981	0.1	8497290000000.0	7.322543e-12	0.1	8497290000000.0	6.003394e-05	0.1	8497290000000.0	0.4828801	0.1	8497290000000.0	2.318387e-15	0.1
8497618000000.0	0.03411611	0.1	8497618000000.0	7.321749e-12	0.1	8497618000000.0	6.003058e-05	0.1	8497618000000.0	0.4828819	0.1	8497618000000.0	2.318257e-15	0.1
8497946000000.0	0.03411241	0.1	8497946000000.0	7.320955e-12	0.1	8497946000000.0	6.002722e-05	0.1	8497946000000.0	0.4828838	0.1	8497946000000.0	2.318127e-15	0.1
8498274000000.0	0.03410871	0.1	8498274000000.0	7.320162e-12	0.1	8498274000000.0	6.002386e-05	0.1	8498274000000.0	0.4828856	0.1	8498274000000.0	2.317997e-15	0.1
8498602000000.0	0.03410501	0.1	8498602000000.0	7.319368e-12	0.1	8498602000000.0	6.00205e-05	0.1	8498602000000.0	0.4828875	0.1	8498602000000.0	2.317867e-15	0.1
8498930000000.0	0.03410131	0.1	8498930000000.0	7.318574e-12	0.1	8498930000000.0	6.001714e-05	0.1	8498930000000.0	0.4828893	0.1	8498930000000.0	2.317737e-15	0.1
8499258000000.0	0.03409761	0.1	8499258000000.0	7.317781e-12	0.1	8499258000000.0	6.001378e-05	0.1	8499258000000.0	0.4828912	0.1	8499258000000.0	2.317607e-15	0.1
8499586000000.0	0.03409391	0.1	8499586000000.0	7.316987e-12	0.1	8499586000000.0	6.001042e-05	0.1	8499586000000.0	0.482893	0.1	8499586000000.0	2.317478e-15	0.1
8499914000000.0	0.03409021	0.1	8499914000000.0	7.316194e-12	0.1	8499914000000.0	6.000706e-05	0.1	8499914000000.0	0.4828949	0.1	8499914000000.0	2.317348e-15	0.1
8500242000000.0	0.03408652	0.1	8500242000000.0	7.315401e-12	0.1	8500242000000.0	6.00037e-05	0.1	8500242000000.0	0.4828967	0.1	8500242000000.0	2.317218e-15	0.1
8500570000000.0	0.03408282	0.1	8500570000000.0	7.314607e-12	0.1	8500570000000.0	6.000034e-05	0.1	8500570000000.0	0.4828986	0.1	8500570000000.0	2.317088e-15	0.1
8500899000000.0	0.03407912	0.1	8500899000000.0	7.313814e-12	0.1	8500899000000.0	5.999698e-05	0.1	8500899000000.0	0.4829004	0.1	8500899000000.0	2.316958e-15	0.1
8501227000000.0	0.03407542	0.1	8501227000000.0	7.313021e-12	0.1	8501227000000.0	5.999362e-05	0.1	8501227000000.0	0.4829023	0.1	8501227000000.0	2.316828e-15	0.1
8501555000000.0	0.03407173	0.1	8501555000000.0	7.312228e-12	0.1	8501555000000.0	5.999026e-05	0.1	8501555000000.0	0.4829041	0.1	8501555000000.0	2.316699e-15	0.1
8501883000000.0	0.03406803	0.1	8501883000000.0	7.311435e-12	0.1	8501883000000.0	5.998691e-05	0.1	8501883000000.0	0.482906	0.1	8501883000000.0	2.316569e-15	0.1
8502211000000.0	0.03406434	0.1	8502211000000.0	7.310643e-12	0.1	8502211000000.0	5.998355e-05	0.1	8502211000000.0	0.4829078	0.1	8502211000000.0	2.316439e-15	0.1
8502539000000.0	0.03406064	0.1	8502539000000.0	7.30985e-12	0.1	8502539000000.0	5.998019e-05	0.1	8502539000000.0	0.4829097	0.1	8502539000000.0	2.316309e-15	0.1
8502867000000.0	0.03405695	0.1	8502867000000.0	7.309057e-12	0.1	8502867000000.0	5.997683e-05	0.1	8502867000000.0	0.4829115	0.1	8502867000000.0	2.31618e-15	0.1
8503195000000.0	0.03405325	0.1	8503195000000.0	7.308265e-12	0.1	8503195000000.0	5.997347e-05	0.1	8503195000000.0	0.4829134	0.1	8503195000000.0	2.31605e-15	0.1
8503523000000.0	0.03404956	0.1	8503523000000.0	7.307473e-12	0.1	8503523000000.0	5.997012e-05	0.1	8503523000000.0	0.4829152	0.1	8503523000000.0	2.31592e-15	0.1
8503851000000.0	0.03404587	0.1	8503851000000.0	7.30668e-12	0.1	8503851000000.0	5.996676e-05	0.1	8503851000000.0	0.4829171	0.1	8503851000000.0	2.31579e-15	0.1
8504180000000.0	0.03404218	0.1	8504180000000.0	7.305888e-12	0.1	8504180000000.0	5.99634e-05	0.1	8504180000000.0	0.4829189	0.1	8504180000000.0	2.315661e-15	0.1
8504508000000.0	0.03403848	0.1	8504508000000.0	7.305096e-12	0.1	8504508000000.0	5.996005e-05	0.1	8504508000000.0	0.4829208	0.1	8504508000000.0	2.315531e-15	0.1
8504836000000.0	0.03403479	0.1	8504836000000.0	7.304304e-12	0.1	8504836000000.0	5.995669e-05	0.1	8504836000000.0	0.4829226	0.1	8504836000000.0	2.315401e-15	0.1
8505164000000.0	0.0340311	0.1	8505164000000.0	7.303512e-12	0.1	8505164000000.0	5.995333e-05	0.1	8505164000000.0	0.4829245	0.1	8505164000000.0	2.315272e-15	0.1
8505492000000.0	0.03402741	0.1	8505492000000.0	7.30272e-12	0.1	8505492000000.0	5.994998e-05	0.1	8505492000000.0	0.4829263	0.1	8505492000000.0	2.315142e-15	0.1
8505820000000.0	0.03402372	0.1	8505820000000.0	7.301928e-12	0.1	8505820000000.0	5.994662e-05	0.1	8505820000000.0	0.4829282	0.1	8505820000000.0	2.315012e-15	0.1
8506148000000.0	0.03402003	0.1	8506148000000.0	7.301137e-12	0.1	8506148000000.0	5.994327e-05	0.1	8506148000000.0	0.48293	0.1	8506148000000.0	2.314882e-15	0.1
8506476000000.0	0.03401634	0.1	8506476000000.0	7.300345e-12	0.1	8506476000000.0	5.993991e-05	0.1	8506476000000.0	0.4829319	0.1	8506476000000.0	2.314753e-15	0.1
8506804000000.0	0.03401265	0.1	8506804000000.0	7.299554e-12	0.1	8506804000000.0	5.993656e-05	0.1	8506804000000.0	0.4829337	0.1	8506804000000.0	2.314623e-15	0.1
8507132000000.0	0.03400896	0.1	8507132000000.0	7.298762e-12	0.1	8507132000000.0	5.99332e-05	0.1	8507132000000.0	0.4829356	0.1	8507132000000.0	2.314493e-15	0.1
8507461000000.0	0.03400527	0.1	8507461000000.0	7.297971e-12	0.1	8507461000000.0	5.992985e-05	0.1	8507461000000.0	0.4829374	0.1	8507461000000.0	2.314364e-15	0.1
8507789000000.0	0.03400158	0.1	8507789000000.0	7.29718e-12	0.1	8507789000000.0	5.992649e-05	0.1	8507789000000.0	0.4829393	0.1	8507789000000.0	2.314234e-15	0.1
8508117000000.0	0.03399789	0.1	8508117000000.0	7.296388e-12	0.1	8508117000000.0	5.992314e-05	0.1	8508117000000.0	0.4829411	0.1	8508117000000.0	2.314105e-15	0.1
8508445000000.0	0.03399421	0.1	8508445000000.0	7.295597e-12	0.1	8508445000000.0	5.991978e-05	0.1	8508445000000.0	0.482943	0.1	8508445000000.0	2.313975e-15	0.1
8508773000000.0	0.03399052	0.1	8508773000000.0	7.294806e-12	0.1	8508773000000.0	5.991643e-05	0.1	8508773000000.0	0.4829448	0.1	8508773000000.0	2.313845e-15	0.1
8509101000000.0	0.03398683	0.1	8509101000000.0	7.294015e-12	0.1	8509101000000.0	5.991308e-05	0.1	8509101000000.0	0.4829467	0.1	8509101000000.0	2.313716e-15	0.1
8509429000000.0	0.03398315	0.1	8509429000000.0	7.293225e-12	0.1	8509429000000.0	5.990972e-05	0.1	8509429000000.0	0.4829485	0.1	8509429000000.0	2.313586e-15	0.1
8509757000000.0	0.03397946	0.1	8509757000000.0	7.292434e-12	0.1	8509757000000.0	5.990637e-05	0.1	8509757000000.0	0.4829504	0.1	8509757000000.0	2.313457e-15	0.1
8510085000000.0	0.03397578	0.1	8510085000000.0	7.291643e-12	0.1	8510085000000.0	5.990302e-05	0.1	8510085000000.0	0.4829522	0.1	8510085000000.0	2.313327e-15	0.1
8510413000000.0	0.03397209	0.1	8510413000000.0	7.290853e-12	0.1	8510413000000.0	5.989966e-05	0.1	8510413000000.0	0.4829541	0.1	8510413000000.0	2.313197e-15	0.1
8510742000000.0	0.03396841	0.1	8510742000000.0	7.290062e-12	0.1	8510742000000.0	5.989631e-05	0.1	8510742000000.0	0.4829559	0.1	8510742000000.0	2.313068e-15	0.1
8511070000000.0	0.03396472	0.1	8511070000000.0	7.289272e-12	0.1	8511070000000.0	5.989296e-05	0.1	8511070000000.0	0.4829577	0.1	8511070000000.0	2.312938e-15	0.1
8511398000000.0	0.03396104	0.1	8511398000000.0	7.288482e-12	0.1	8511398000000.0	5.988961e-05	0.1	8511398000000.0	0.4829596	0.1	8511398000000.0	2.312809e-15	0.1
8511726000000.0	0.03395736	0.1	8511726000000.0	7.287691e-12	0.1	8511726000000.0	5.988625e-05	0.1	8511726000000.0	0.4829614	0.1	8511726000000.0	2.312679e-15	0.1
8512054000000.0	0.03395367	0.1	8512054000000.0	7.286901e-12	0.1	8512054000000.0	5.98829e-05	0.1	8512054000000.0	0.4829633	0.1	8512054000000.0	2.31255e-15	0.1
8512382000000.0	0.03394999	0.1	8512382000000.0	7.286111e-12	0.1	8512382000000.0	5.987955e-05	0.1	8512382000000.0	0.4829651	0.1	8512382000000.0	2.31242e-15	0.1
8512710000000.0	0.03394631	0.1	8512710000000.0	7.285321e-12	0.1	8512710000000.0	5.98762e-05	0.1	8512710000000.0	0.482967	0.1	8512710000000.0	2.312291e-15	0.1
8513038000000.0	0.03394263	0.1	8513038000000.0	7.284532e-12	0.1	8513038000000.0	5.987285e-05	0.1	8513038000000.0	0.4829688	0.1	8513038000000.0	2.312161e-15	0.1
8513366000000.0	0.03393895	0.1	8513366000000.0	7.283742e-12	0.1	8513366000000.0	5.98695e-05	0.1	8513366000000.0	0.4829707	0.1	8513366000000.0	2.312032e-15	0.1
8513694000000.0	0.03393527	0.1	8513694000000.0	7.282952e-12	0.1	8513694000000.0	5.986615e-05	0.1	8513694000000.0	0.4829725	0.1	8513694000000.0	2.311902e-15	0.1
8514023000000.0	0.03393159	0.1	8514023000000.0	7.282163e-12	0.1	8514023000000.0	5.98628e-05	0.1	8514023000000.0	0.4829743	0.1	8514023000000.0	2.311773e-15	0.1
8514351000000.0	0.03392791	0.1	8514351000000.0	7.281373e-12	0.1	8514351000000.0	5.985944e-05	0.1	8514351000000.0	0.4829762	0.1	8514351000000.0	2.311643e-15	0.1
8514679000000.0	0.03392423	0.1	8514679000000.0	7.280584e-12	0.1	8514679000000.0	5.985609e-05	0.1	8514679000000.0	0.482978	0.1	8514679000000.0	2.311514e-15	0.1
8515007000000.0	0.03392055	0.1	8515007000000.0	7.279795e-12	0.1	8515007000000.0	5.985274e-05	0.1	8515007000000.0	0.4829799	0.1	8515007000000.0	2.311384e-15	0.1
8515335000000.0	0.03391687	0.1	8515335000000.0	7.279005e-12	0.1	8515335000000.0	5.98494e-05	0.1	8515335000000.0	0.4829817	0.1	8515335000000.0	2.311255e-15	0.1
8515663000000.0	0.03391319	0.1	8515663000000.0	7.278216e-12	0.1	8515663000000.0	5.984605e-05	0.1	8515663000000.0	0.4829836	0.1	8515663000000.0	2.311125e-15	0.1
8515991000000.0	0.03390951	0.1	8515991000000.0	7.277427e-12	0.1	8515991000000.0	5.98427e-05	0.1	8515991000000.0	0.4829854	0.1	8515991000000.0	2.310996e-15	0.1
8516319000000.0	0.03390584	0.1	8516319000000.0	7.276638e-12	0.1	8516319000000.0	5.983935e-05	0.1	8516319000000.0	0.4829872	0.1	8516319000000.0	2.310866e-15	0.1
8516647000000.0	0.03390216	0.1	8516647000000.0	7.275849e-12	0.1	8516647000000.0	5.9836e-05	0.1	8516647000000.0	0.4829891	0.1	8516647000000.0	2.310737e-15	0.1
8516975000000.0	0.03389848	0.1	8516975000000.0	7.275061e-12	0.1	8516975000000.0	5.983265e-05	0.1	8516975000000.0	0.4829909	0.1	8516975000000.0	2.310608e-15	0.1
8517303000000.0	0.03389481	0.1	8517303000000.0	7.274272e-12	0.1	8517303000000.0	5.98293e-05	0.1	8517303000000.0	0.4829928	0.1	8517303000000.0	2.310478e-15	0.1
8517632000000.0	0.03389113	0.1	8517632000000.0	7.273483e-12	0.1	8517632000000.0	5.982595e-05	0.1	8517632000000.0	0.4829946	0.1	8517632000000.0	2.310349e-15	0.1
8517960000000.0	0.03388745	0.1	8517960000000.0	7.272695e-12	0.1	8517960000000.0	5.982261e-05	0.1	8517960000000.0	0.4829965	0.1	8517960000000.0	2.310219e-15	0.1
8518288000000.0	0.03388378	0.1	8518288000000.0	7.271906e-12	0.1	8518288000000.0	5.981926e-05	0.1	8518288000000.0	0.4829983	0.1	8518288000000.0	2.31009e-15	0.1
8518616000000.0	0.0338801	0.1	8518616000000.0	7.271118e-12	0.1	8518616000000.0	5.981591e-05	0.1	8518616000000.0	0.4830001	0.1	8518616000000.0	2.309961e-15	0.1
8518944000000.0	0.03387643	0.1	8518944000000.0	7.27033e-12	0.1	8518944000000.0	5.981256e-05	0.1	8518944000000.0	0.483002	0.1	8518944000000.0	2.309831e-15	0.1
8519272000000.0	0.03387276	0.1	8519272000000.0	7.269542e-12	0.1	8519272000000.0	5.980922e-05	0.1	8519272000000.0	0.4830038	0.1	8519272000000.0	2.309702e-15	0.1
8519600000000.0	0.03386908	0.1	8519600000000.0	7.268754e-12	0.1	8519600000000.0	5.980587e-05	0.1	8519600000000.0	0.4830057	0.1	8519600000000.0	2.309573e-15	0.1
8519928000000.0	0.03386541	0.1	8519928000000.0	7.267966e-12	0.1	8519928000000.0	5.980252e-05	0.1	8519928000000.0	0.4830075	0.1	8519928000000.0	2.309443e-15	0.1
8520256000000.0	0.03386174	0.1	8520256000000.0	7.267178e-12	0.1	8520256000000.0	5.979917e-05	0.1	8520256000000.0	0.4830093	0.1	8520256000000.0	2.309314e-15	0.1
8520584000000.0	0.03385807	0.1	8520584000000.0	7.26639e-12	0.1	8520584000000.0	5.979583e-05	0.1	8520584000000.0	0.4830112	0.1	8520584000000.0	2.309185e-15	0.1
8520913000000.0	0.03385439	0.1	8520913000000.0	7.265602e-12	0.1	8520913000000.0	5.979248e-05	0.1	8520913000000.0	0.483013	0.1	8520913000000.0	2.309055e-15	0.1
8521241000000.0	0.03385072	0.1	8521241000000.0	7.264815e-12	0.1	8521241000000.0	5.978914e-05	0.1	8521241000000.0	0.4830148	0.1	8521241000000.0	2.308926e-15	0.1
8521569000000.0	0.03384705	0.1	8521569000000.0	7.264027e-12	0.1	8521569000000.0	5.978579e-05	0.1	8521569000000.0	0.4830167	0.1	8521569000000.0	2.308797e-15	0.1
8521897000000.0	0.03384338	0.1	8521897000000.0	7.26324e-12	0.1	8521897000000.0	5.978245e-05	0.1	8521897000000.0	0.4830185	0.1	8521897000000.0	2.308668e-15	0.1
8522225000000.0	0.03383971	0.1	8522225000000.0	7.262452e-12	0.1	8522225000000.0	5.97791e-05	0.1	8522225000000.0	0.4830204	0.1	8522225000000.0	2.308538e-15	0.1
8522553000000.0	0.03383604	0.1	8522553000000.0	7.261665e-12	0.1	8522553000000.0	5.977575e-05	0.1	8522553000000.0	0.4830222	0.1	8522553000000.0	2.308409e-15	0.1
8522881000000.0	0.03383237	0.1	8522881000000.0	7.260878e-12	0.1	8522881000000.0	5.977241e-05	0.1	8522881000000.0	0.483024	0.1	8522881000000.0	2.30828e-15	0.1
8523209000000.0	0.0338287	0.1	8523209000000.0	7.260091e-12	0.1	8523209000000.0	5.976907e-05	0.1	8523209000000.0	0.4830259	0.1	8523209000000.0	2.30815e-15	0.1
8523537000000.0	0.03382504	0.1	8523537000000.0	7.259304e-12	0.1	8523537000000.0	5.976572e-05	0.1	8523537000000.0	0.4830277	0.1	8523537000000.0	2.308021e-15	0.1
8523865000000.0	0.03382137	0.1	8523865000000.0	7.258517e-12	0.1	8523865000000.0	5.976238e-05	0.1	8523865000000.0	0.4830296	0.1	8523865000000.0	2.307892e-15	0.1
8524194000000.0	0.0338177	0.1	8524194000000.0	7.25773e-12	0.1	8524194000000.0	5.975903e-05	0.1	8524194000000.0	0.4830314	0.1	8524194000000.0	2.307763e-15	0.1
8524522000000.0	0.03381403	0.1	8524522000000.0	7.256943e-12	0.1	8524522000000.0	5.975569e-05	0.1	8524522000000.0	0.4830332	0.1	8524522000000.0	2.307634e-15	0.1
8524850000000.0	0.03381037	0.1	8524850000000.0	7.256157e-12	0.1	8524850000000.0	5.975235e-05	0.1	8524850000000.0	0.4830351	0.1	8524850000000.0	2.307504e-15	0.1
8525178000000.0	0.0338067	0.1	8525178000000.0	7.25537e-12	0.1	8525178000000.0	5.9749e-05	0.1	8525178000000.0	0.4830369	0.1	8525178000000.0	2.307375e-15	0.1
8525506000000.0	0.03380303	0.1	8525506000000.0	7.254584e-12	0.1	8525506000000.0	5.974566e-05	0.1	8525506000000.0	0.4830387	0.1	8525506000000.0	2.307246e-15	0.1
8525834000000.0	0.03379937	0.1	8525834000000.0	7.253797e-12	0.1	8525834000000.0	5.974232e-05	0.1	8525834000000.0	0.4830406	0.1	8525834000000.0	2.307117e-15	0.1
8526162000000.0	0.0337957	0.1	8526162000000.0	7.253011e-12	0.1	8526162000000.0	5.973897e-05	0.1	8526162000000.0	0.4830424	0.1	8526162000000.0	2.306988e-15	0.1
8526490000000.0	0.03379204	0.1	8526490000000.0	7.252225e-12	0.1	8526490000000.0	5.973563e-05	0.1	8526490000000.0	0.4830442	0.1	8526490000000.0	2.306858e-15	0.1
8526818000000.0	0.03378837	0.1	8526818000000.0	7.251439e-12	0.1	8526818000000.0	5.973229e-05	0.1	8526818000000.0	0.4830461	0.1	8526818000000.0	2.306729e-15	0.1
8527146000000.0	0.03378471	0.1	8527146000000.0	7.250653e-12	0.1	8527146000000.0	5.972895e-05	0.1	8527146000000.0	0.4830479	0.1	8527146000000.0	2.3066e-15	0.1
8527475000000.0	0.03378105	0.1	8527475000000.0	7.249867e-12	0.1	8527475000000.0	5.97256e-05	0.1	8527475000000.0	0.4830498	0.1	8527475000000.0	2.306471e-15	0.1
8527803000000.0	0.03377738	0.1	8527803000000.0	7.249081e-12	0.1	8527803000000.0	5.972226e-05	0.1	8527803000000.0	0.4830516	0.1	8527803000000.0	2.306342e-15	0.1
8528131000000.0	0.03377372	0.1	8528131000000.0	7.248295e-12	0.1	8528131000000.0	5.971892e-05	0.1	8528131000000.0	0.4830534	0.1	8528131000000.0	2.306213e-15	0.1
8528459000000.0	0.03377006	0.1	8528459000000.0	7.247509e-12	0.1	8528459000000.0	5.971558e-05	0.1	8528459000000.0	0.4830553	0.1	8528459000000.0	2.306083e-15	0.1
8528787000000.0	0.0337664	0.1	8528787000000.0	7.246724e-12	0.1	8528787000000.0	5.971224e-05	0.1	8528787000000.0	0.4830571	0.1	8528787000000.0	2.305954e-15	0.1
8529115000000.0	0.03376274	0.1	8529115000000.0	7.245938e-12	0.1	8529115000000.0	5.97089e-05	0.1	8529115000000.0	0.4830589	0.1	8529115000000.0	2.305825e-15	0.1
8529443000000.0	0.03375907	0.1	8529443000000.0	7.245153e-12	0.1	8529443000000.0	5.970556e-05	0.1	8529443000000.0	0.4830608	0.1	8529443000000.0	2.305696e-15	0.1
8529771000000.0	0.03375541	0.1	8529771000000.0	7.244368e-12	0.1	8529771000000.0	5.970222e-05	0.1	8529771000000.0	0.4830626	0.1	8529771000000.0	2.305567e-15	0.1
8530099000000.0	0.03375175	0.1	8530099000000.0	7.243582e-12	0.1	8530099000000.0	5.969888e-05	0.1	8530099000000.0	0.4830644	0.1	8530099000000.0	2.305438e-15	0.1
8530427000000.0	0.03374809	0.1	8530427000000.0	7.242797e-12	0.1	8530427000000.0	5.969554e-05	0.1	8530427000000.0	0.4830663	0.1	8530427000000.0	2.305309e-15	0.1
8530756000000.0	0.03374443	0.1	8530756000000.0	7.242012e-12	0.1	8530756000000.0	5.96922e-05	0.1	8530756000000.0	0.4830681	0.1	8530756000000.0	2.30518e-15	0.1
8531084000000.0	0.03374078	0.1	8531084000000.0	7.241227e-12	0.1	8531084000000.0	5.968886e-05	0.1	8531084000000.0	0.4830699	0.1	8531084000000.0	2.305051e-15	0.1
8531412000000.0	0.03373712	0.1	8531412000000.0	7.240442e-12	0.1	8531412000000.0	5.968552e-05	0.1	8531412000000.0	0.4830718	0.1	8531412000000.0	2.304922e-15	0.1
8531740000000.0	0.03373346	0.1	8531740000000.0	7.239657e-12	0.1	8531740000000.0	5.968218e-05	0.1	8531740000000.0	0.4830736	0.1	8531740000000.0	2.304793e-15	0.1
8532068000000.0	0.0337298	0.1	8532068000000.0	7.238873e-12	0.1	8532068000000.0	5.967884e-05	0.1	8532068000000.0	0.4830754	0.1	8532068000000.0	2.304664e-15	0.1
8532396000000.0	0.03372614	0.1	8532396000000.0	7.238088e-12	0.1	8532396000000.0	5.96755e-05	0.1	8532396000000.0	0.4830773	0.1	8532396000000.0	2.304535e-15	0.1
8532724000000.0	0.03372249	0.1	8532724000000.0	7.237304e-12	0.1	8532724000000.0	5.967216e-05	0.1	8532724000000.0	0.4830791	0.1	8532724000000.0	2.304406e-15	0.1
8533052000000.0	0.03371883	0.1	8533052000000.0	7.236519e-12	0.1	8533052000000.0	5.966882e-05	0.1	8533052000000.0	0.4830809	0.1	8533052000000.0	2.304277e-15	0.1
8533380000000.0	0.03371517	0.1	8533380000000.0	7.235735e-12	0.1	8533380000000.0	5.966549e-05	0.1	8533380000000.0	0.4830827	0.1	8533380000000.0	2.304148e-15	0.1
8533708000000.0	0.03371152	0.1	8533708000000.0	7.234951e-12	0.1	8533708000000.0	5.966215e-05	0.1	8533708000000.0	0.4830846	0.1	8533708000000.0	2.304019e-15	0.1
8534036000000.0	0.03370786	0.1	8534036000000.0	7.234166e-12	0.1	8534036000000.0	5.965881e-05	0.1	8534036000000.0	0.4830864	0.1	8534036000000.0	2.30389e-15	0.1
8534365000000.0	0.03370421	0.1	8534365000000.0	7.233382e-12	0.1	8534365000000.0	5.965547e-05	0.1	8534365000000.0	0.4830882	0.1	8534365000000.0	2.303761e-15	0.1
8534693000000.0	0.03370055	0.1	8534693000000.0	7.232598e-12	0.1	8534693000000.0	5.965214e-05	0.1	8534693000000.0	0.4830901	0.1	8534693000000.0	2.303632e-15	0.1
8535021000000.0	0.0336969	0.1	8535021000000.0	7.231814e-12	0.1	8535021000000.0	5.96488e-05	0.1	8535021000000.0	0.4830919	0.1	8535021000000.0	2.303503e-15	0.1
8535349000000.0	0.03369325	0.1	8535349000000.0	7.23103e-12	0.1	8535349000000.0	5.964546e-05	0.1	8535349000000.0	0.4830937	0.1	8535349000000.0	2.303374e-15	0.1
8535677000000.0	0.03368959	0.1	8535677000000.0	7.230247e-12	0.1	8535677000000.0	5.964212e-05	0.1	8535677000000.0	0.4830956	0.1	8535677000000.0	2.303245e-15	0.1
8536005000000.0	0.03368594	0.1	8536005000000.0	7.229463e-12	0.1	8536005000000.0	5.963879e-05	0.1	8536005000000.0	0.4830974	0.1	8536005000000.0	2.303116e-15	0.1
8536333000000.0	0.03368229	0.1	8536333000000.0	7.228679e-12	0.1	8536333000000.0	5.963545e-05	0.1	8536333000000.0	0.4830992	0.1	8536333000000.0	2.302987e-15	0.1
8536661000000.0	0.03367864	0.1	8536661000000.0	7.227896e-12	0.1	8536661000000.0	5.963212e-05	0.1	8536661000000.0	0.483101	0.1	8536661000000.0	2.302858e-15	0.1
8536989000000.0	0.03367498	0.1	8536989000000.0	7.227113e-12	0.1	8536989000000.0	5.962878e-05	0.1	8536989000000.0	0.4831029	0.1	8536989000000.0	2.302729e-15	0.1
8537317000000.0	0.03367133	0.1	8537317000000.0	7.226329e-12	0.1	8537317000000.0	5.962544e-05	0.1	8537317000000.0	0.4831047	0.1	8537317000000.0	2.3026e-15	0.1
8537646000000.0	0.03366768	0.1	8537646000000.0	7.225546e-12	0.1	8537646000000.0	5.962211e-05	0.1	8537646000000.0	0.4831065	0.1	8537646000000.0	2.302471e-15	0.1
8537974000000.0	0.03366403	0.1	8537974000000.0	7.224763e-12	0.1	8537974000000.0	5.961877e-05	0.1	8537974000000.0	0.4831084	0.1	8537974000000.0	2.302342e-15	0.1
8538302000000.0	0.03366038	0.1	8538302000000.0	7.22398e-12	0.1	8538302000000.0	5.961544e-05	0.1	8538302000000.0	0.4831102	0.1	8538302000000.0	2.302214e-15	0.1
8538630000000.0	0.03365673	0.1	8538630000000.0	7.223197e-12	0.1	8538630000000.0	5.96121e-05	0.1	8538630000000.0	0.483112	0.1	8538630000000.0	2.302085e-15	0.1
8538958000000.0	0.03365308	0.1	8538958000000.0	7.222414e-12	0.1	8538958000000.0	5.960877e-05	0.1	8538958000000.0	0.4831138	0.1	8538958000000.0	2.301956e-15	0.1
8539286000000.0	0.03364944	0.1	8539286000000.0	7.221631e-12	0.1	8539286000000.0	5.960544e-05	0.1	8539286000000.0	0.4831157	0.1	8539286000000.0	2.301827e-15	0.1
8539614000000.0	0.03364579	0.1	8539614000000.0	7.220849e-12	0.1	8539614000000.0	5.96021e-05	0.1	8539614000000.0	0.4831175	0.1	8539614000000.0	2.301698e-15	0.1
8539942000000.0	0.03364214	0.1	8539942000000.0	7.220066e-12	0.1	8539942000000.0	5.959877e-05	0.1	8539942000000.0	0.4831193	0.1	8539942000000.0	2.301569e-15	0.1
8540270000000.0	0.03363849	0.1	8540270000000.0	7.219283e-12	0.1	8540270000000.0	5.959543e-05	0.1	8540270000000.0	0.4831212	0.1	8540270000000.0	2.30144e-15	0.1
8540598000000.0	0.03363484	0.1	8540598000000.0	7.218501e-12	0.1	8540598000000.0	5.95921e-05	0.1	8540598000000.0	0.483123	0.1	8540598000000.0	2.301312e-15	0.1
8540927000000.0	0.0336312	0.1	8540927000000.0	7.217719e-12	0.1	8540927000000.0	5.958877e-05	0.1	8540927000000.0	0.4831248	0.1	8540927000000.0	2.301183e-15	0.1
8541255000000.0	0.03362755	0.1	8541255000000.0	7.216936e-12	0.1	8541255000000.0	5.958543e-05	0.1	8541255000000.0	0.4831266	0.1	8541255000000.0	2.301054e-15	0.1
8541583000000.0	0.03362391	0.1	8541583000000.0	7.216154e-12	0.1	8541583000000.0	5.95821e-05	0.1	8541583000000.0	0.4831285	0.1	8541583000000.0	2.300925e-15	0.1
8541911000000.0	0.03362026	0.1	8541911000000.0	7.215372e-12	0.1	8541911000000.0	5.957877e-05	0.1	8541911000000.0	0.4831303	0.1	8541911000000.0	2.300796e-15	0.1
8542239000000.0	0.03361662	0.1	8542239000000.0	7.21459e-12	0.1	8542239000000.0	5.957544e-05	0.1	8542239000000.0	0.4831321	0.1	8542239000000.0	2.300668e-15	0.1
8542567000000.0	0.03361297	0.1	8542567000000.0	7.213808e-12	0.1	8542567000000.0	5.95721e-05	0.1	8542567000000.0	0.4831339	0.1	8542567000000.0	2.300539e-15	0.1
8542895000000.0	0.03360933	0.1	8542895000000.0	7.213026e-12	0.1	8542895000000.0	5.956877e-05	0.1	8542895000000.0	0.4831358	0.1	8542895000000.0	2.30041e-15	0.1
8543223000000.0	0.03360568	0.1	8543223000000.0	7.212245e-12	0.1	8543223000000.0	5.956544e-05	0.1	8543223000000.0	0.4831376	0.1	8543223000000.0	2.300281e-15	0.1
8543551000000.0	0.03360204	0.1	8543551000000.0	7.211463e-12	0.1	8543551000000.0	5.956211e-05	0.1	8543551000000.0	0.4831394	0.1	8543551000000.0	2.300153e-15	0.1
8543879000000.0	0.0335984	0.1	8543879000000.0	7.210682e-12	0.1	8543879000000.0	5.955878e-05	0.1	8543879000000.0	0.4831412	0.1	8543879000000.0	2.300024e-15	0.1
8544208000000.0	0.03359475	0.1	8544208000000.0	7.2099e-12	0.1	8544208000000.0	5.955545e-05	0.1	8544208000000.0	0.4831431	0.1	8544208000000.0	2.299895e-15	0.1
8544536000000.0	0.03359111	0.1	8544536000000.0	7.209119e-12	0.1	8544536000000.0	5.955211e-05	0.1	8544536000000.0	0.4831449	0.1	8544536000000.0	2.299766e-15	0.1
8544864000000.0	0.03358747	0.1	8544864000000.0	7.208337e-12	0.1	8544864000000.0	5.954878e-05	0.1	8544864000000.0	0.4831467	0.1	8544864000000.0	2.299638e-15	0.1
8545192000000.0	0.03358383	0.1	8545192000000.0	7.207556e-12	0.1	8545192000000.0	5.954545e-05	0.1	8545192000000.0	0.4831485	0.1	8545192000000.0	2.299509e-15	0.1
8545520000000.0	0.03358019	0.1	8545520000000.0	7.206775e-12	0.1	8545520000000.0	5.954212e-05	0.1	8545520000000.0	0.4831504	0.1	8545520000000.0	2.29938e-15	0.1
8545848000000.0	0.03357655	0.1	8545848000000.0	7.205994e-12	0.1	8545848000000.0	5.953879e-05	0.1	8545848000000.0	0.4831522	0.1	8545848000000.0	2.299251e-15	0.1
8546176000000.0	0.03357291	0.1	8546176000000.0	7.205213e-12	0.1	8546176000000.0	5.953546e-05	0.1	8546176000000.0	0.483154	0.1	8546176000000.0	2.299123e-15	0.1
8546504000000.0	0.03356927	0.1	8546504000000.0	7.204432e-12	0.1	8546504000000.0	5.953213e-05	0.1	8546504000000.0	0.4831558	0.1	8546504000000.0	2.298994e-15	0.1
8546832000000.0	0.03356563	0.1	8546832000000.0	7.203652e-12	0.1	8546832000000.0	5.95288e-05	0.1	8546832000000.0	0.4831577	0.1	8546832000000.0	2.298865e-15	0.1
8547160000000.0	0.03356199	0.1	8547160000000.0	7.202871e-12	0.1	8547160000000.0	5.952547e-05	0.1	8547160000000.0	0.4831595	0.1	8547160000000.0	2.298737e-15	0.1
8547489000000.0	0.03355835	0.1	8547489000000.0	7.20209e-12	0.1	8547489000000.0	5.952214e-05	0.1	8547489000000.0	0.4831613	0.1	8547489000000.0	2.298608e-15	0.1
8547817000000.0	0.03355471	0.1	8547817000000.0	7.20131e-12	0.1	8547817000000.0	5.951882e-05	0.1	8547817000000.0	0.4831631	0.1	8547817000000.0	2.298479e-15	0.1
8548145000000.0	0.03355107	0.1	8548145000000.0	7.200529e-12	0.1	8548145000000.0	5.951549e-05	0.1	8548145000000.0	0.4831649	0.1	8548145000000.0	2.298351e-15	0.1
8548473000000.0	0.03354744	0.1	8548473000000.0	7.199749e-12	0.1	8548473000000.0	5.951216e-05	0.1	8548473000000.0	0.4831668	0.1	8548473000000.0	2.298222e-15	0.1
8548801000000.0	0.0335438	0.1	8548801000000.0	7.198969e-12	0.1	8548801000000.0	5.950883e-05	0.1	8548801000000.0	0.4831686	0.1	8548801000000.0	2.298094e-15	0.1
8549129000000.0	0.03354016	0.1	8549129000000.0	7.198189e-12	0.1	8549129000000.0	5.95055e-05	0.1	8549129000000.0	0.4831704	0.1	8549129000000.0	2.297965e-15	0.1
8549457000000.0	0.03353653	0.1	8549457000000.0	7.197409e-12	0.1	8549457000000.0	5.950217e-05	0.1	8549457000000.0	0.4831722	0.1	8549457000000.0	2.297836e-15	0.1
8549785000000.0	0.03353289	0.1	8549785000000.0	7.196629e-12	0.1	8549785000000.0	5.949885e-05	0.1	8549785000000.0	0.4831741	0.1	8549785000000.0	2.297708e-15	0.1
8550113000000.0	0.03352926	0.1	8550113000000.0	7.195849e-12	0.1	8550113000000.0	5.949552e-05	0.1	8550113000000.0	0.4831759	0.1	8550113000000.0	2.297579e-15	0.1
8550441000000.0	0.03352562	0.1	8550441000000.0	7.195069e-12	0.1	8550441000000.0	5.949219e-05	0.1	8550441000000.0	0.4831777	0.1	8550441000000.0	2.297451e-15	0.1
8550769000000.0	0.03352199	0.1	8550769000000.0	7.194289e-12	0.1	8550769000000.0	5.948886e-05	0.1	8550769000000.0	0.4831795	0.1	8550769000000.0	2.297322e-15	0.1
8551098000000.0	0.03351835	0.1	8551098000000.0	7.193509e-12	0.1	8551098000000.0	5.948554e-05	0.1	8551098000000.0	0.4831813	0.1	8551098000000.0	2.297193e-15	0.1
8551426000000.0	0.03351472	0.1	8551426000000.0	7.19273e-12	0.1	8551426000000.0	5.948221e-05	0.1	8551426000000.0	0.4831832	0.1	8551426000000.0	2.297065e-15	0.1
8551754000000.0	0.03351109	0.1	8551754000000.0	7.19195e-12	0.1	8551754000000.0	5.947889e-05	0.1	8551754000000.0	0.483185	0.1	8551754000000.0	2.296936e-15	0.1
8552082000000.0	0.03350745	0.1	8552082000000.0	7.191171e-12	0.1	8552082000000.0	5.947556e-05	0.1	8552082000000.0	0.4831868	0.1	8552082000000.0	2.296808e-15	0.1
8552410000000.0	0.03350382	0.1	8552410000000.0	7.190392e-12	0.1	8552410000000.0	5.947223e-05	0.1	8552410000000.0	0.4831886	0.1	8552410000000.0	2.296679e-15	0.1
8552738000000.0	0.03350019	0.1	8552738000000.0	7.189613e-12	0.1	8552738000000.0	5.946891e-05	0.1	8552738000000.0	0.4831904	0.1	8552738000000.0	2.296551e-15	0.1
8553066000000.0	0.03349656	0.1	8553066000000.0	7.188834e-12	0.1	8553066000000.0	5.946558e-05	0.1	8553066000000.0	0.4831923	0.1	8553066000000.0	2.296422e-15	0.1
8553394000000.0	0.03349293	0.1	8553394000000.0	7.188055e-12	0.1	8553394000000.0	5.946226e-05	0.1	8553394000000.0	0.4831941	0.1	8553394000000.0	2.296294e-15	0.1
8553722000000.0	0.0334893	0.1	8553722000000.0	7.187276e-12	0.1	8553722000000.0	5.945893e-05	0.1	8553722000000.0	0.4831959	0.1	8553722000000.0	2.296165e-15	0.1
8554050000000.0	0.03348567	0.1	8554050000000.0	7.186497e-12	0.1	8554050000000.0	5.945561e-05	0.1	8554050000000.0	0.4831977	0.1	8554050000000.0	2.296037e-15	0.1
8554379000000.0	0.03348204	0.1	8554379000000.0	7.185718e-12	0.1	8554379000000.0	5.945228e-05	0.1	8554379000000.0	0.4831995	0.1	8554379000000.0	2.295908e-15	0.1
8554707000000.0	0.03347841	0.1	8554707000000.0	7.184939e-12	0.1	8554707000000.0	5.944896e-05	0.1	8554707000000.0	0.4832013	0.1	8554707000000.0	2.29578e-15	0.1
8555035000000.0	0.03347478	0.1	8555035000000.0	7.184161e-12	0.1	8555035000000.0	5.944563e-05	0.1	8555035000000.0	0.4832032	0.1	8555035000000.0	2.295651e-15	0.1
8555363000000.0	0.03347115	0.1	8555363000000.0	7.183382e-12	0.1	8555363000000.0	5.944231e-05	0.1	8555363000000.0	0.483205	0.1	8555363000000.0	2.295523e-15	0.1
8555691000000.0	0.03346752	0.1	8555691000000.0	7.182604e-12	0.1	8555691000000.0	5.943898e-05	0.1	8555691000000.0	0.4832068	0.1	8555691000000.0	2.295394e-15	0.1
8556019000000.0	0.03346389	0.1	8556019000000.0	7.181825e-12	0.1	8556019000000.0	5.943566e-05	0.1	8556019000000.0	0.4832086	0.1	8556019000000.0	2.295266e-15	0.1
8556347000000.0	0.03346026	0.1	8556347000000.0	7.181047e-12	0.1	8556347000000.0	5.943234e-05	0.1	8556347000000.0	0.4832104	0.1	8556347000000.0	2.295138e-15	0.1
8556675000000.0	0.03345664	0.1	8556675000000.0	7.180269e-12	0.1	8556675000000.0	5.942901e-05	0.1	8556675000000.0	0.4832123	0.1	8556675000000.0	2.295009e-15	0.1
8557003000000.0	0.03345301	0.1	8557003000000.0	7.179491e-12	0.1	8557003000000.0	5.942569e-05	0.1	8557003000000.0	0.4832141	0.1	8557003000000.0	2.294881e-15	0.1
8557331000000.0	0.03344938	0.1	8557331000000.0	7.178713e-12	0.1	8557331000000.0	5.942237e-05	0.1	8557331000000.0	0.4832159	0.1	8557331000000.0	2.294752e-15	0.1
8557660000000.0	0.03344576	0.1	8557660000000.0	7.177935e-12	0.1	8557660000000.0	5.941905e-05	0.1	8557660000000.0	0.4832177	0.1	8557660000000.0	2.294624e-15	0.1
8557988000000.0	0.03344213	0.1	8557988000000.0	7.177157e-12	0.1	8557988000000.0	5.941572e-05	0.1	8557988000000.0	0.4832195	0.1	8557988000000.0	2.294495e-15	0.1
8558316000000.0	0.03343851	0.1	8558316000000.0	7.17638e-12	0.1	8558316000000.0	5.94124e-05	0.1	8558316000000.0	0.4832213	0.1	8558316000000.0	2.294367e-15	0.1
8558644000000.0	0.03343488	0.1	8558644000000.0	7.175602e-12	0.1	8558644000000.0	5.940908e-05	0.1	8558644000000.0	0.4832231	0.1	8558644000000.0	2.294239e-15	0.1
8558972000000.0	0.03343126	0.1	8558972000000.0	7.174824e-12	0.1	8558972000000.0	5.940576e-05	0.1	8558972000000.0	0.483225	0.1	8558972000000.0	2.29411e-15	0.1
8559300000000.0	0.03342763	0.1	8559300000000.0	7.174047e-12	0.1	8559300000000.0	5.940244e-05	0.1	8559300000000.0	0.4832268	0.1	8559300000000.0	2.293982e-15	0.1
8559628000000.0	0.03342401	0.1	8559628000000.0	7.17327e-12	0.1	8559628000000.0	5.939911e-05	0.1	8559628000000.0	0.4832286	0.1	8559628000000.0	2.293854e-15	0.1
8559956000000.0	0.03342039	0.1	8559956000000.0	7.172492e-12	0.1	8559956000000.0	5.939579e-05	0.1	8559956000000.0	0.4832304	0.1	8559956000000.0	2.293725e-15	0.1
8560284000000.0	0.03341677	0.1	8560284000000.0	7.171715e-12	0.1	8560284000000.0	5.939247e-05	0.1	8560284000000.0	0.4832322	0.1	8560284000000.0	2.293597e-15	0.1
8560612000000.0	0.03341314	0.1	8560612000000.0	7.170938e-12	0.1	8560612000000.0	5.938915e-05	0.1	8560612000000.0	0.483234	0.1	8560612000000.0	2.293469e-15	0.1
8560941000000.0	0.03340952	0.1	8560941000000.0	7.170161e-12	0.1	8560941000000.0	5.938583e-05	0.1	8560941000000.0	0.4832359	0.1	8560941000000.0	2.29334e-15	0.1
8561269000000.0	0.0334059	0.1	8561269000000.0	7.169384e-12	0.1	8561269000000.0	5.938251e-05	0.1	8561269000000.0	0.4832377	0.1	8561269000000.0	2.293212e-15	0.1
8561597000000.0	0.03340228	0.1	8561597000000.0	7.168607e-12	0.1	8561597000000.0	5.937919e-05	0.1	8561597000000.0	0.4832395	0.1	8561597000000.0	2.293084e-15	0.1
8561925000000.0	0.03339866	0.1	8561925000000.0	7.167831e-12	0.1	8561925000000.0	5.937587e-05	0.1	8561925000000.0	0.4832413	0.1	8561925000000.0	2.292955e-15	0.1
8562253000000.0	0.03339504	0.1	8562253000000.0	7.167054e-12	0.1	8562253000000.0	5.937255e-05	0.1	8562253000000.0	0.4832431	0.1	8562253000000.0	2.292827e-15	0.1
8562581000000.0	0.03339142	0.1	8562581000000.0	7.166277e-12	0.1	8562581000000.0	5.936923e-05	0.1	8562581000000.0	0.4832449	0.1	8562581000000.0	2.292699e-15	0.1
8562909000000.0	0.0333878	0.1	8562909000000.0	7.165501e-12	0.1	8562909000000.0	5.936591e-05	0.1	8562909000000.0	0.4832467	0.1	8562909000000.0	2.29257e-15	0.1
8563237000000.0	0.03338418	0.1	8563237000000.0	7.164724e-12	0.1	8563237000000.0	5.936259e-05	0.1	8563237000000.0	0.4832485	0.1	8563237000000.0	2.292442e-15	0.1
8563565000000.0	0.03338056	0.1	8563565000000.0	7.163948e-12	0.1	8563565000000.0	5.935927e-05	0.1	8563565000000.0	0.4832504	0.1	8563565000000.0	2.292314e-15	0.1
8563893000000.0	0.03337694	0.1	8563893000000.0	7.163172e-12	0.1	8563893000000.0	5.935596e-05	0.1	8563893000000.0	0.4832522	0.1	8563893000000.0	2.292186e-15	0.1
8564221000000.0	0.03337333	0.1	8564221000000.0	7.162396e-12	0.1	8564221000000.0	5.935264e-05	0.1	8564221000000.0	0.483254	0.1	8564221000000.0	2.292057e-15	0.1
8564550000000.0	0.03336971	0.1	8564550000000.0	7.16162e-12	0.1	8564550000000.0	5.934932e-05	0.1	8564550000000.0	0.4832558	0.1	8564550000000.0	2.291929e-15	0.1
8564878000000.0	0.03336609	0.1	8564878000000.0	7.160844e-12	0.1	8564878000000.0	5.9346e-05	0.1	8564878000000.0	0.4832576	0.1	8564878000000.0	2.291801e-15	0.1
8565206000000.0	0.03336247	0.1	8565206000000.0	7.160068e-12	0.1	8565206000000.0	5.934268e-05	0.1	8565206000000.0	0.4832594	0.1	8565206000000.0	2.291673e-15	0.1
8565534000000.0	0.03335886	0.1	8565534000000.0	7.159292e-12	0.1	8565534000000.0	5.933936e-05	0.1	8565534000000.0	0.4832612	0.1	8565534000000.0	2.291545e-15	0.1
8565862000000.0	0.03335524	0.1	8565862000000.0	7.158516e-12	0.1	8565862000000.0	5.933605e-05	0.1	8565862000000.0	0.483263	0.1	8565862000000.0	2.291416e-15	0.1
8566190000000.0	0.03335163	0.1	8566190000000.0	7.157741e-12	0.1	8566190000000.0	5.933273e-05	0.1	8566190000000.0	0.4832649	0.1	8566190000000.0	2.291288e-15	0.1
8566518000000.0	0.03334801	0.1	8566518000000.0	7.156965e-12	0.1	8566518000000.0	5.932941e-05	0.1	8566518000000.0	0.4832667	0.1	8566518000000.0	2.29116e-15	0.1
8566846000000.0	0.0333444	0.1	8566846000000.0	7.15619e-12	0.1	8566846000000.0	5.93261e-05	0.1	8566846000000.0	0.4832685	0.1	8566846000000.0	2.291032e-15	0.1
8567174000000.0	0.03334078	0.1	8567174000000.0	7.155414e-12	0.1	8567174000000.0	5.932278e-05	0.1	8567174000000.0	0.4832703	0.1	8567174000000.0	2.290904e-15	0.1
8567502000000.0	0.03333717	0.1	8567502000000.0	7.154639e-12	0.1	8567502000000.0	5.931946e-05	0.1	8567502000000.0	0.4832721	0.1	8567502000000.0	2.290775e-15	0.1
8567831000000.0	0.03333356	0.1	8567831000000.0	7.153864e-12	0.1	8567831000000.0	5.931615e-05	0.1	8567831000000.0	0.4832739	0.1	8567831000000.0	2.290647e-15	0.1
8568159000000.0	0.03332994	0.1	8568159000000.0	7.153089e-12	0.1	8568159000000.0	5.931283e-05	0.1	8568159000000.0	0.4832757	0.1	8568159000000.0	2.290519e-15	0.1
8568487000000.0	0.03332633	0.1	8568487000000.0	7.152314e-12	0.1	8568487000000.0	5.930952e-05	0.1	8568487000000.0	0.4832775	0.1	8568487000000.0	2.290391e-15	0.1
8568815000000.0	0.03332272	0.1	8568815000000.0	7.151539e-12	0.1	8568815000000.0	5.93062e-05	0.1	8568815000000.0	0.4832793	0.1	8568815000000.0	2.290263e-15	0.1
8569143000000.0	0.03331911	0.1	8569143000000.0	7.150764e-12	0.1	8569143000000.0	5.930288e-05	0.1	8569143000000.0	0.4832811	0.1	8569143000000.0	2.290135e-15	0.1
8569471000000.0	0.0333155	0.1	8569471000000.0	7.149989e-12	0.1	8569471000000.0	5.929957e-05	0.1	8569471000000.0	0.483283	0.1	8569471000000.0	2.290007e-15	0.1
8569799000000.0	0.03331188	0.1	8569799000000.0	7.149214e-12	0.1	8569799000000.0	5.929625e-05	0.1	8569799000000.0	0.4832848	0.1	8569799000000.0	2.289879e-15	0.1
8570127000000.0	0.03330827	0.1	8570127000000.0	7.14844e-12	0.1	8570127000000.0	5.929294e-05	0.1	8570127000000.0	0.4832866	0.1	8570127000000.0	2.28975e-15	0.1
8570455000000.0	0.03330466	0.1	8570455000000.0	7.147665e-12	0.1	8570455000000.0	5.928963e-05	0.1	8570455000000.0	0.4832884	0.1	8570455000000.0	2.289622e-15	0.1
8570783000000.0	0.03330105	0.1	8570783000000.0	7.146891e-12	0.1	8570783000000.0	5.928631e-05	0.1	8570783000000.0	0.4832902	0.1	8570783000000.0	2.289494e-15	0.1
8571112000000.0	0.03329744	0.1	8571112000000.0	7.146117e-12	0.1	8571112000000.0	5.9283e-05	0.1	8571112000000.0	0.483292	0.1	8571112000000.0	2.289366e-15	0.1
8571440000000.0	0.03329384	0.1	8571440000000.0	7.145342e-12	0.1	8571440000000.0	5.927968e-05	0.1	8571440000000.0	0.4832938	0.1	8571440000000.0	2.289238e-15	0.1
8571768000000.0	0.03329023	0.1	8571768000000.0	7.144568e-12	0.1	8571768000000.0	5.927637e-05	0.1	8571768000000.0	0.4832956	0.1	8571768000000.0	2.28911e-15	0.1
8572096000000.0	0.03328662	0.1	8572096000000.0	7.143794e-12	0.1	8572096000000.0	5.927306e-05	0.1	8572096000000.0	0.4832974	0.1	8572096000000.0	2.288982e-15	0.1
8572424000000.0	0.03328301	0.1	8572424000000.0	7.14302e-12	0.1	8572424000000.0	5.926974e-05	0.1	8572424000000.0	0.4832992	0.1	8572424000000.0	2.288854e-15	0.1
8572752000000.0	0.0332794	0.1	8572752000000.0	7.142246e-12	0.1	8572752000000.0	5.926643e-05	0.1	8572752000000.0	0.483301	0.1	8572752000000.0	2.288726e-15	0.1
8573080000000.0	0.0332758	0.1	8573080000000.0	7.141472e-12	0.1	8573080000000.0	5.926312e-05	0.1	8573080000000.0	0.4833028	0.1	8573080000000.0	2.288598e-15	0.1
8573408000000.0	0.03327219	0.1	8573408000000.0	7.140699e-12	0.1	8573408000000.0	5.92598e-05	0.1	8573408000000.0	0.4833046	0.1	8573408000000.0	2.28847e-15	0.1
8573736000000.0	0.03326858	0.1	8573736000000.0	7.139925e-12	0.1	8573736000000.0	5.925649e-05	0.1	8573736000000.0	0.4833065	0.1	8573736000000.0	2.288342e-15	0.1
8574064000000.0	0.03326498	0.1	8574064000000.0	7.139152e-12	0.1	8574064000000.0	5.925318e-05	0.1	8574064000000.0	0.4833083	0.1	8574064000000.0	2.288214e-15	0.1
8574393000000.0	0.03326137	0.1	8574393000000.0	7.138378e-12	0.1	8574393000000.0	5.924987e-05	0.1	8574393000000.0	0.4833101	0.1	8574393000000.0	2.288086e-15	0.1
8574721000000.0	0.03325777	0.1	8574721000000.0	7.137605e-12	0.1	8574721000000.0	5.924656e-05	0.1	8574721000000.0	0.4833119	0.1	8574721000000.0	2.287958e-15	0.1
8575049000000.0	0.03325416	0.1	8575049000000.0	7.136831e-12	0.1	8575049000000.0	5.924324e-05	0.1	8575049000000.0	0.4833137	0.1	8575049000000.0	2.28783e-15	0.1
8575377000000.0	0.03325056	0.1	8575377000000.0	7.136058e-12	0.1	8575377000000.0	5.923993e-05	0.1	8575377000000.0	0.4833155	0.1	8575377000000.0	2.287702e-15	0.1
8575705000000.0	0.03324696	0.1	8575705000000.0	7.135285e-12	0.1	8575705000000.0	5.923662e-05	0.1	8575705000000.0	0.4833173	0.1	8575705000000.0	2.287574e-15	0.1
8576033000000.0	0.03324335	0.1	8576033000000.0	7.134512e-12	0.1	8576033000000.0	5.923331e-05	0.1	8576033000000.0	0.4833191	0.1	8576033000000.0	2.287446e-15	0.1
8576361000000.0	0.03323975	0.1	8576361000000.0	7.133739e-12	0.1	8576361000000.0	5.923e-05	0.1	8576361000000.0	0.4833209	0.1	8576361000000.0	2.287318e-15	0.1
8576689000000.0	0.03323615	0.1	8576689000000.0	7.132966e-12	0.1	8576689000000.0	5.922669e-05	0.1	8576689000000.0	0.4833227	0.1	8576689000000.0	2.28719e-15	0.1
8577017000000.0	0.03323255	0.1	8577017000000.0	7.132194e-12	0.1	8577017000000.0	5.922338e-05	0.1	8577017000000.0	0.4833245	0.1	8577017000000.0	2.287062e-15	0.1
8577345000000.0	0.03322894	0.1	8577345000000.0	7.131421e-12	0.1	8577345000000.0	5.922007e-05	0.1	8577345000000.0	0.4833263	0.1	8577345000000.0	2.286934e-15	0.1
8577674000000.0	0.03322534	0.1	8577674000000.0	7.130648e-12	0.1	8577674000000.0	5.921676e-05	0.1	8577674000000.0	0.4833281	0.1	8577674000000.0	2.286806e-15	0.1
8578002000000.0	0.03322174	0.1	8578002000000.0	7.129876e-12	0.1	8578002000000.0	5.921345e-05	0.1	8578002000000.0	0.4833299	0.1	8578002000000.0	2.286679e-15	0.1
8578330000000.0	0.03321814	0.1	8578330000000.0	7.129103e-12	0.1	8578330000000.0	5.921014e-05	0.1	8578330000000.0	0.4833317	0.1	8578330000000.0	2.286551e-15	0.1
8578658000000.0	0.03321454	0.1	8578658000000.0	7.128331e-12	0.1	8578658000000.0	5.920683e-05	0.1	8578658000000.0	0.4833335	0.1	8578658000000.0	2.286423e-15	0.1
8578986000000.0	0.03321094	0.1	8578986000000.0	7.127559e-12	0.1	8578986000000.0	5.920352e-05	0.1	8578986000000.0	0.4833353	0.1	8578986000000.0	2.286295e-15	0.1
8579314000000.0	0.03320734	0.1	8579314000000.0	7.126787e-12	0.1	8579314000000.0	5.920021e-05	0.1	8579314000000.0	0.4833371	0.1	8579314000000.0	2.286167e-15	0.1
8579642000000.0	0.03320374	0.1	8579642000000.0	7.126014e-12	0.1	8579642000000.0	5.91969e-05	0.1	8579642000000.0	0.4833389	0.1	8579642000000.0	2.286039e-15	0.1
8579970000000.0	0.03320015	0.1	8579970000000.0	7.125242e-12	0.1	8579970000000.0	5.919359e-05	0.1	8579970000000.0	0.4833407	0.1	8579970000000.0	2.285911e-15	0.1
8580298000000.0	0.03319655	0.1	8580298000000.0	7.124471e-12	0.1	8580298000000.0	5.919029e-05	0.1	8580298000000.0	0.4833425	0.1	8580298000000.0	2.285783e-15	0.1
8580626000000.0	0.03319295	0.1	8580626000000.0	7.123699e-12	0.1	8580626000000.0	5.918698e-05	0.1	8580626000000.0	0.4833443	0.1	8580626000000.0	2.285656e-15	0.1
8580954000000.0	0.03318935	0.1	8580954000000.0	7.122927e-12	0.1	8580954000000.0	5.918367e-05	0.1	8580954000000.0	0.4833461	0.1	8580954000000.0	2.285528e-15	0.1
8581283000000.0	0.03318576	0.1	8581283000000.0	7.122155e-12	0.1	8581283000000.0	5.918036e-05	0.1	8581283000000.0	0.4833479	0.1	8581283000000.0	2.2854e-15	0.1
8581611000000.0	0.03318216	0.1	8581611000000.0	7.121384e-12	0.1	8581611000000.0	5.917706e-05	0.1	8581611000000.0	0.4833497	0.1	8581611000000.0	2.285272e-15	0.1
8581939000000.0	0.03317856	0.1	8581939000000.0	7.120612e-12	0.1	8581939000000.0	5.917375e-05	0.1	8581939000000.0	0.4833515	0.1	8581939000000.0	2.285144e-15	0.1
8582267000000.0	0.03317497	0.1	8582267000000.0	7.119841e-12	0.1	8582267000000.0	5.917044e-05	0.1	8582267000000.0	0.4833533	0.1	8582267000000.0	2.285016e-15	0.1
8582595000000.0	0.03317137	0.1	8582595000000.0	7.11907e-12	0.1	8582595000000.0	5.916713e-05	0.1	8582595000000.0	0.4833551	0.1	8582595000000.0	2.284889e-15	0.1
8582923000000.0	0.03316778	0.1	8582923000000.0	7.118298e-12	0.1	8582923000000.0	5.916383e-05	0.1	8582923000000.0	0.4833569	0.1	8582923000000.0	2.284761e-15	0.1
8583251000000.0	0.03316418	0.1	8583251000000.0	7.117527e-12	0.1	8583251000000.0	5.916052e-05	0.1	8583251000000.0	0.4833587	0.1	8583251000000.0	2.284633e-15	0.1
8583579000000.0	0.03316059	0.1	8583579000000.0	7.116756e-12	0.1	8583579000000.0	5.915722e-05	0.1	8583579000000.0	0.4833605	0.1	8583579000000.0	2.284505e-15	0.1
8583907000000.0	0.033157	0.1	8583907000000.0	7.115985e-12	0.1	8583907000000.0	5.915391e-05	0.1	8583907000000.0	0.4833623	0.1	8583907000000.0	2.284378e-15	0.1
8584235000000.0	0.0331534	0.1	8584235000000.0	7.115214e-12	0.1	8584235000000.0	5.91506e-05	0.1	8584235000000.0	0.4833641	0.1	8584235000000.0	2.28425e-15	0.1
8584564000000.0	0.03314981	0.1	8584564000000.0	7.114444e-12	0.1	8584564000000.0	5.91473e-05	0.1	8584564000000.0	0.4833659	0.1	8584564000000.0	2.284122e-15	0.1
8584892000000.0	0.03314622	0.1	8584892000000.0	7.113673e-12	0.1	8584892000000.0	5.914399e-05	0.1	8584892000000.0	0.4833677	0.1	8584892000000.0	2.283994e-15	0.1
8585220000000.0	0.03314263	0.1	8585220000000.0	7.112902e-12	0.1	8585220000000.0	5.914069e-05	0.1	8585220000000.0	0.4833695	0.1	8585220000000.0	2.283867e-15	0.1
8585548000000.0	0.03313903	0.1	8585548000000.0	7.112132e-12	0.1	8585548000000.0	5.913738e-05	0.1	8585548000000.0	0.4833713	0.1	8585548000000.0	2.283739e-15	0.1
8585876000000.0	0.03313544	0.1	8585876000000.0	7.111361e-12	0.1	8585876000000.0	5.913408e-05	0.1	8585876000000.0	0.4833731	0.1	8585876000000.0	2.283611e-15	0.1
8586204000000.0	0.03313185	0.1	8586204000000.0	7.110591e-12	0.1	8586204000000.0	5.913077e-05	0.1	8586204000000.0	0.4833749	0.1	8586204000000.0	2.283484e-15	0.1
8586532000000.0	0.03312826	0.1	8586532000000.0	7.109821e-12	0.1	8586532000000.0	5.912747e-05	0.1	8586532000000.0	0.4833767	0.1	8586532000000.0	2.283356e-15	0.1
8586860000000.0	0.03312467	0.1	8586860000000.0	7.109051e-12	0.1	8586860000000.0	5.912416e-05	0.1	8586860000000.0	0.4833785	0.1	8586860000000.0	2.283228e-15	0.1
8587188000000.0	0.03312108	0.1	8587188000000.0	7.108281e-12	0.1	8587188000000.0	5.912086e-05	0.1	8587188000000.0	0.4833803	0.1	8587188000000.0	2.2831e-15	0.1
8587516000000.0	0.03311749	0.1	8587516000000.0	7.107511e-12	0.1	8587516000000.0	5.911756e-05	0.1	8587516000000.0	0.4833821	0.1	8587516000000.0	2.282973e-15	0.1
8588041000000.0	0.03311175	0.1	8588041000000.0	7.106279e-12	0.1	8588041000000.0	5.911227e-05	0.1	8588041000000.0	0.483385	0.1	8588041000000.0	2.282769e-15	0.1
8589223000000.0	0.03309884	0.1	8589223000000.0	7.103508e-12	0.1	8589223000000.0	5.910038e-05	0.1	8589223000000.0	0.4833915	0.1	8589223000000.0	2.282309e-15	0.1
8592372000000.0	0.03306442	0.1	8592372000000.0	7.096124e-12	0.1	8592372000000.0	5.906869e-05	0.1	8592372000000.0	0.4834087	0.1	8592372000000.0	2.281084e-15	0.1
8598672000000.0	0.0329957	0.1	8598672000000.0	7.081381e-12	0.1	8598672000000.0	5.900535e-05	0.1	8598672000000.0	0.4834431	0.1	8598672000000.0	2.278637e-15	0.1
8611271000000.0	0.0328587	0.1	8611271000000.0	7.05199e-12	0.1	8611271000000.0	5.887891e-05	0.1	8611271000000.0	0.4835118	0.1	8611271000000.0	2.27375e-15	0.1
8636469000000.0	0.03258646	0.1	8636469000000.0	6.993584e-12	0.1	8636469000000.0	5.862695e-05	0.1	8636469000000.0	0.4836481	0.1	8636469000000.0	2.264013e-15	0.1
8684297000000.0	0.03207609	0.1	8684297000000.0	6.884091e-12	0.1	8684297000000.0	5.8152e-05	0.1	8684297000000.0	0.4839038	0.1	8684297000000.0	2.245659e-15	0.1
8755456000000.0	0.031332	0.1	8755456000000.0	6.724455e-12	0.1	8755456000000.0	5.745333e-05	0.1	8755456000000.0	0.4842765	0.1	8755456000000.0	2.218658e-15	0.1
8826614000000.0	0.03060569	0.1	8826614000000.0	6.568632e-12	0.1	8826614000000.0	5.676402e-05	0.1	8826614000000.0	0.4846404	0.1	8826614000000.0	2.19202e-15	0.1
8897772000000.0	0.02989671	0.1	8897772000000.0	6.416527e-12	0.1	8897772000000.0	5.608391e-05	0.1	8897772000000.0	0.4849956	0.1	8897772000000.0	2.165737e-15	0.1
8968930000000.0	0.02920462	0.1	8968930000000.0	6.268047e-12	0.1	8968930000000.0	5.541284e-05	0.1	8968930000000.0	0.4853423	0.1	8968930000000.0	2.139803e-15	0.1
9040088000000.0	0.02852901	0.1	9040088000000.0	6.123099e-12	0.1	9040088000000.0	5.475067e-05	0.1	9040088000000.0	0.4856807	0.1	9040088000000.0	2.114213e-15	0.1
9111246000000.0	0.02786945	0.1	9111246000000.0	5.981597e-12	0.1	9111246000000.0	5.409724e-05	0.1	9111246000000.0	0.4860112	0.1	9111246000000.0	2.088961e-15	0.1
9182404000000.0	0.02722556	0.1	9182404000000.0	5.843453e-12	0.1	9182404000000.0	5.345242e-05	0.1	9182404000000.0	0.4863338	0.1	9182404000000.0	2.064042e-15	0.1
9253562000000.0	0.02659694	0.1	9253562000000.0	5.708585e-12	0.1	9253562000000.0	5.281606e-05	0.1	9253562000000.0	0.4866487	0.1	9253562000000.0	2.039449e-15	0.1
9324720000000.0	0.0259832	0.1	9324720000000.0	5.57691e-12	0.1	9324720000000.0	5.218802e-05	0.1	9324720000000.0	0.4869562	0.1	9324720000000.0	2.015179e-15	0.1
9395878000000.0	0.02538398	0.1	9395878000000.0	5.44835e-12	0.1	9395878000000.0	5.156818e-05	0.1	9395878000000.0	0.4872564	0.1	9395878000000.0	1.991225e-15	0.1
9467036000000.0	0.02479892	0.1	9467036000000.0	5.322827e-12	0.1	9467036000000.0	5.09564e-05	0.1	9467036000000.0	0.4875496	0.1	9467036000000.0	1.967582e-15	0.1
9538194000000.0	0.02422767	0.1	9538194000000.0	5.200266e-12	0.1	9538194000000.0	5.035255e-05	0.1	9538194000000.0	0.4878358	0.1	9538194000000.0	1.944246e-15	0.1
9609352000000.0	0.02366989	0.1	9609352000000.0	5.080594e-12	0.1	9609352000000.0	4.975651e-05	0.1	9609352000000.0	0.4881153	0.1	9609352000000.0	1.921212e-15	0.1
9680510000000.0	0.02312525	0.1	9680510000000.0	4.963741e-12	0.1	9680510000000.0	4.916815e-05	0.1	9680510000000.0	0.4883882	0.1	9680510000000.0	1.898475e-15	0.1
9751668000000.0	0.02259343	0.1	9751668000000.0	4.849637e-12	0.1	9751668000000.0	4.858736e-05	0.1	9751668000000.0	0.4886547	0.1	9751668000000.0	1.87603e-15	0.1
9822826000000.0	0.0220741	0.1	9822826000000.0	4.738214e-12	0.1	9822826000000.0	4.801402e-05	0.1	9822826000000.0	0.4889149	0.1	9822826000000.0	1.853873e-15	0.1
9893984000000.0	0.02156697	0.1	9893984000000.0	4.629407e-12	0.1	9893984000000.0	4.744801e-05	0.1	9893984000000.0	0.4891691	0.1	9893984000000.0	1.831999e-15	0.1
9965143000000.0	0.02107174	0.1	9965143000000.0	4.523152e-12	0.1	9965143000000.0	4.688921e-05	0.1	9965143000000.0	0.4894172	0.1	9965143000000.0	1.810404e-15	0.1
10036300000000.0	0.02058811	0.1	10036300000000.0	4.419387e-12	0.1	10036300000000.0	4.633753e-05	0.1	10036300000000.0	0.4896596	0.1	10036300000000.0	1.789084e-15	0.1
10107460000000.0	0.02011581	0.1	10107460000000.0	4.318051e-12	0.1	10107460000000.0	4.579285e-05	0.1	10107460000000.0	0.4898963	0.1	10107460000000.0	1.768034e-15	0.1
10178620000000.0	0.01965456	0.1	10178620000000.0	4.219085e-12	0.1	10178620000000.0	4.525506e-05	0.1	10178620000000.0	0.4901275	0.1	10178620000000.0	1.747251e-15	0.1
10249770000000.0	0.01920409	0.1	10249770000000.0	4.122432e-12	0.1	10249770000000.0	4.472407e-05	0.1	10249770000000.0	0.4903532	0.1	10249770000000.0	1.726731e-15	0.1
10320930000000.0	0.01876414	0.1	10320930000000.0	4.028036e-12	0.1	10320930000000.0	4.419977e-05	0.1	10320930000000.0	0.4905737	0.1	10320930000000.0	1.706469e-15	0.1
10392090000000.0	0.01833445	0.1	10392090000000.0	3.935841e-12	0.1	10392090000000.0	4.368205e-05	0.1	10392090000000.0	0.4907891	0.1	10392090000000.0	1.686462e-15	0.1
10463250000000.0	0.01791479	0.1	10463250000000.0	3.845796e-12	0.1	10463250000000.0	4.317083e-05	0.1	10463250000000.0	0.4909994	0.1	10463250000000.0	1.666705e-15	0.1
10534410000000.0	0.0175049	0.1	10534410000000.0	3.757848e-12	0.1	10534410000000.0	4.266601e-05	0.1	10534410000000.0	0.4912049	0.1	10534410000000.0	1.647196e-15	0.1
10605570000000.0	0.01710455	0.1	10605570000000.0	3.671947e-12	0.1	10605570000000.0	4.21675e-05	0.1	10605570000000.0	0.4914056	0.1	10605570000000.0	1.62793e-15	0.1
10676720000000.0	0.01671351	0.1	10676720000000.0	3.588043e-12	0.1	10676720000000.0	4.167519e-05	0.1	10676720000000.0	0.4916016	0.1	10676720000000.0	1.608905e-15	0.1
10747880000000.0	0.01633157	0.1	10747880000000.0	3.506089e-12	0.1	10747880000000.0	4.118901e-05	0.1	10747880000000.0	0.491793	0.1	10747880000000.0	1.590116e-15	0.1
10819040000000.0	0.01595849	0.1	10819040000000.0	3.426038e-12	0.1	10819040000000.0	4.070886e-05	0.1	10819040000000.0	0.49198	0.1	10819040000000.0	1.571561e-15	0.1
10890200000000.0	0.01559407	0.1	10890200000000.0	3.347845e-12	0.1	10890200000000.0	4.023466e-05	0.1	10890200000000.0	0.4921627	0.1	10890200000000.0	1.553235e-15	0.1
10961360000000.0	0.0152381	0.1	10961360000000.0	3.271464e-12	0.1	10961360000000.0	3.976632e-05	0.1	10961360000000.0	0.4923412	0.1	10961360000000.0	1.535135e-15	0.1
11032510000000.0	0.01489039	0.1	11032510000000.0	3.196853e-12	0.1	11032510000000.0	3.930376e-05	0.1	11032510000000.0	0.4925155	0.1	11032510000000.0	1.517259e-15	0.1
11103670000000.0	0.01455072	0.1	11103670000000.0	3.12397e-12	0.1	11103670000000.0	3.884689e-05	0.1	11103670000000.0	0.4926858	0.1	11103670000000.0	1.499603e-15	0.1
11174830000000.0	0.01421892	0.1	11174830000000.0	3.052773e-12	0.1	11174830000000.0	3.839564e-05	0.1	11174830000000.0	0.4928521	0.1	11174830000000.0	1.482165e-15	0.1
11245990000000.0	0.01389479	0.1	11245990000000.0	2.983222e-12	0.1	11245990000000.0	3.794993e-05	0.1	11245990000000.0	0.4930147	0.1	11245990000000.0	1.46494e-15	0.1
11317150000000.0	0.01357816	0.1	11317150000000.0	2.915279e-12	0.1	11317150000000.0	3.750968e-05	0.1	11317150000000.0	0.4931734	0.1	11317150000000.0	1.447926e-15	0.1
11388300000000.0	0.01326884	0.1	11388300000000.0	2.848905e-12	0.1	11388300000000.0	3.707481e-05	0.1	11388300000000.0	0.4933285	0.1	11388300000000.0	1.43112e-15	0.1
11459460000000.0	0.01296666	0.1	11459460000000.0	2.784063e-12	0.1	11459460000000.0	3.664525e-05	0.1	11459460000000.0	0.49348	0.1	11459460000000.0	1.414519e-15	0.1
11530620000000.0	0.01267145	0.1	11530620000000.0	2.720716e-12	0.1	11530620000000.0	3.622093e-05	0.1	11530620000000.0	0.4936281	0.1	11530620000000.0	1.398121e-15	0.1
11601780000000.0	0.01238306	0.1	11601780000000.0	2.65883e-12	0.1	11601780000000.0	3.580177e-05	0.1	11601780000000.0	0.4937727	0.1	11601780000000.0	1.381922e-15	0.1
11672940000000.0	0.0121013	0.1	11672940000000.0	2.59837e-12	0.1	11672940000000.0	3.53877e-05	0.1	11672940000000.0	0.493914	0.1	11672940000000.0	1.36592e-15	0.1
11744090000000.0	0.01182604	0.1	11744090000000.0	2.539302e-12	0.1	11744090000000.0	3.497866e-05	0.1	11744090000000.0	0.494052	0.1	11744090000000.0	1.350112e-15	0.1
11815250000000.0	0.01155712	0.1	11815250000000.0	2.481594e-12	0.1	11815250000000.0	3.457457e-05	0.1	11815250000000.0	0.4941869	0.1	11815250000000.0	1.334496e-15	0.1
11886410000000.0	0.01129438	0.1	11886410000000.0	2.425213e-12	0.1	11886410000000.0	3.417536e-05	0.1	11886410000000.0	0.4943186	0.1	11886410000000.0	1.319068e-15	0.1
11957570000000.0	0.01103769	0.1	11957570000000.0	2.370128e-12	0.1	11957570000000.0	3.378098e-05	0.1	11957570000000.0	0.4944474	0.1	11957570000000.0	1.303827e-15	0.1
12028730000000.0	0.01078689	0.1	12028730000000.0	2.31631e-12	0.1	12028730000000.0	3.339135e-05	0.1	12028730000000.0	0.4945732	0.1	12028730000000.0	1.28877e-15	0.1
12099880000000.0	0.01054186	0.1	12099880000000.0	2.263727e-12	0.1	12099880000000.0	3.300642e-05	0.1	12099880000000.0	0.4946961	0.1	12099880000000.0	1.273894e-15	0.1
12171040000000.0	0.01030246	0.1	12171040000000.0	2.212351e-12	0.1	12171040000000.0	3.262612e-05	0.1	12171040000000.0	0.4948161	0.1	12171040000000.0	1.259196e-15	0.1
12242200000000.0	0.01006855	0.1	12242200000000.0	2.162155e-12	0.1	12242200000000.0	3.225038e-05	0.1	12242200000000.0	0.4949335	0.1	12242200000000.0	1.244676e-15	0.1
