Batch	m_SP	7	P4	W4_L	W3	R	P1	P2_L	P3											
1.29182e-08	9.880247208495299e-06	0.1	1.29182e-08	1.9560462000000002e-116	0.1	1.29182e-08	6.520154e-117	0.1	1.29182e-08	7.954587e-10	0.1	1.29182e-08	1.114946e-07	0.1	1.29182e-08	5.9346436000000004e-09	0.1	1.29182e-08	1.427914e-09	0.1
3.590766e-08	9.670839389328298e-06	0.1	3.590766e-08	5.379351e-116	0.1	3.590766e-08	1.793117e-116	0.1	3.590766e-08	2.187602e-09	0.1	3.590766e-08	3.06623e-07	0.1	3.590766e-08	1.6320952e-08	0.1	3.590766e-08	3.926926e-09	0.1
7.407814e-08	9.332907136825099e-06	0.1	7.407814e-08	1.0903731e-115	0.1	7.407814e-08	3.634577e-116	0.1	7.407814e-08	4.434184e-09	0.1	7.407814e-08	6.215126e-07	0.1	7.407814e-08	3.3081912e-08	0.1	7.407814e-08	7.959723e-09	0.1
1.376956e-07	8.795725486771201e-06	0.1	1.376956e-07	1.9685394e-115	0.1	1.376956e-07	6.561798e-116	0.1	1.376956e-07	8.005396e-09	0.1	1.376956e-07	1.122067e-06	0.1	1.376956e-07	5.9725471e-08	0.1	1.376956e-07	1.437034e-08	0.1
2.61995e-07	7.8337384272252e-06	0.1	2.61995e-07	3.541161e-115	0.1	2.61995e-07	1.180387e-115	0.1	2.61995e-07	1.440074e-08	0.1	2.61995e-07	2.018462e-06	0.1	2.61995e-07	1.0743877899999999e-07	0.1	2.61995e-07	2.585047e-08	0.1
4.276611e-07	6.7131437140010996e-06	0.1	4.276611e-07	5.373078e-115	0.1	4.276611e-07	1.791026e-115	0.1	4.276611e-07	2.185057e-08	0.1	4.276611e-07	3.062653e-06	0.1	4.276611e-07	1.6301877e-07	0.1	4.276611e-07	3.922341e-08	0.1
6.20905e-07	5.6068972595168e-06	0.1	6.20905e-07	7.181541e-115	0.1	6.20905e-07	2.393847e-115	0.1	6.20905e-07	2.920509e-08	0.1	6.20905e-07	4.093476e-06	0.1	6.20905e-07	2.1788694e-07	0.1	6.20905e-07	5.242512e-08	0.1
8.545983e-07	4.509726098162001e-06	0.1	8.545983e-07	8.975178e-115	0.1	8.545983e-07	2.991726e-115	0.1	8.545983e-07	3.64994e-08	0.1	8.545983e-07	5.115846e-06	0.1	8.545983e-07	2.7230465e-07	0.1	8.545983e-07	6.551849e-08	0.1
1.148966e-06	3.4278670964616e-06	0.1	1.148966e-06	1.0743795e-114	0.1	1.148966e-06	3.581265e-115	0.1	1.148966e-06	4.369212e-08	0.1	1.148966e-06	6.12395e-06	0.1	1.148966e-06	3.2596201e-07	0.1	1.148966e-06	7.842905e-08	0.1
1.443333e-06	2.6055416627862e-06	0.1	1.443333e-06	1.2088137e-114	0.1	1.443333e-06	4.029379e-115	0.1	1.443333e-06	4.915959e-08	0.1	1.443333e-06	6.890217e-06	0.1	1.443333e-06	3.6674608e-07	0.1	1.443333e-06	8.824231e-08	0.1
1.7377e-06	1.980488350568e-06	0.1	1.7377e-06	1.3109988e-114	0.1	1.7377e-06	4.369996e-115	0.1	1.7377e-06	5.331569e-08	0.1	1.7377e-06	7.472662e-06	0.1	1.7377e-06	3.9774513e-07	0.1	1.7377e-06	9.570129e-08	0.1
2.032068e-06	1.505382149915e-06	0.1	2.032068e-06	1.3886712e-114	0.1	2.032068e-06	4.628904e-115	0.1	2.032068e-06	5.647503e-08	0.1	2.032068e-06	7.915383e-06	0.1	2.032068e-06	4.2130649000000003e-07	0.1	2.032068e-06	1.013708e-07	0.1
2.326435e-06	1.1442503732592e-06	0.1	2.326435e-06	1.4477115e-114	0.1	2.326435e-06	4.825705e-115	0.1	2.326435e-06	5.887673e-08	0.1	2.326435e-06	8.251899e-06	0.1	2.326435e-06	4.3921441000000004e-07	0.1	2.326435e-06	1.0568e-07	0.1
2.620802e-06	8.6975268740637e-07	0.1	2.620802e-06	1.4925894000000002e-114	0.1	2.620802e-06	4.975298e-115	0.1	2.620802e-06	6.070254e-08	0.1	2.620802e-06	8.507689e-06	0.1	2.620802e-06	4.5282504e-07	0.1	2.620802e-06	1.089554e-07	0.1
2.915169e-06	6.611049404283899e-07	0.1	2.915169e-06	1.5267021e-114	0.1	2.915169e-06	5.089007e-115	0.1	2.915169e-06	6.209062e-08	0.1	2.915169e-06	8.702117e-06	0.1	2.915169e-06	4.631692e-07	0.1	2.915169e-06	1.114449e-07	0.1
3.209537e-06	5.025104008561e-07	0.1	3.209537e-06	1.5526325999999998e-114	0.1	3.209537e-06	5.175442e-115	0.1	3.209537e-06	6.314598e-08	0.1	3.209537e-06	8.849905e-06	0.1	3.209537e-06	4.7103069e-07	0.1	3.209537e-06	1.13337e-07	0.1
3.528389e-06	3.7334588227728e-07	0.1	3.528389e-06	1.5737523e-114	0.1	3.528389e-06	5.245841e-115	0.1	3.528389e-06	6.400579e-08	0.1	3.528389e-06	8.970269e-06	0.1	3.528389e-06	4.7743186e-07	0.1	3.528389e-06	1.148778e-07	0.1
3.883967e-06	2.6804951932044005e-07	0.1	3.883967e-06	1.5909705e-114	0.1	3.883967e-06	5.303235e-115	0.1	3.883967e-06	6.470709e-08	0.1	3.883967e-06	9.068393e-06	0.1	3.883967e-06	4.8264847e-07	0.1	3.883967e-06	1.161337e-07	0.1
4.239546e-06	1.9245028940882e-07	0.1	4.239546e-06	1.6033338000000001e-114	0.1	4.239546e-06	5.344446e-115	0.1	4.239546e-06	6.521098e-08	0.1	4.239546e-06	9.138844e-06	0.1	4.239546e-06	4.8639194e-07	0.1	4.239546e-06	1.170352e-07	0.1
4.595125e-06	1.3817275030755e-07	0.1	4.595125e-06	1.6122117e-114	0.1	4.595125e-06	5.374039e-115	0.1	4.595125e-06	6.557314e-08	0.1	4.595125e-06	9.189427e-06	0.1	4.595125e-06	4.8907782e-07	0.1	4.595125e-06	1.176823e-07	0.1
