Batch	m_SP	7	W4_L	W3	R	P1	P2_L	P3	P4	
1.358006000000e-08	9.898268200000e-01	1.000000000000e-01	1.358006000000e-08	1.015198000000e-05	1.000000000000e-01	1.358006000000e-08	7.274726000000e-04	1.000000000000e-01	1.358006000000e-08	1.902058000000e-03	1.000000000000e-01	1.358006000000e-08	1.188760600000e-03	1.000000000000e-01	1.358006000000e-08	2.821938000000e-04	1.000000000000e-01	1.358006000000e-08	9.364676000000e-08	1.000000000000e-01
1.457088000000e-08	9.893039200000e-01	1.000000000000e-01	1.457088000000e-08	1.105856000000e-05	1.000000000000e-01	1.457088000000e-08	7.701996000000e-04	1.000000000000e-01	1.457088000000e-08	2.082305000000e-03	1.000000000000e-01	1.457088000000e-08	1.191532500000e-03	1.000000000000e-01	1.457088000000e-08	2.820014000000e-04	1.000000000000e-01	1.457088000000e-08	1.023282000000e-07	1.000000000000e-01
1.568104000000e-08	9.887220600000e-01	1.000000000000e-01	1.568104000000e-08	1.208284000000e-05	1.000000000000e-01	1.568104000000e-08	8.157783000000e-04	1.000000000000e-01	1.568104000000e-08	2.286803000000e-03	1.000000000000e-01	1.568104000000e-08	1.193605200000e-03	1.000000000000e-01	1.568104000000e-08	2.817378000000e-04	1.000000000000e-01	1.568104000000e-08	1.121224000000e-07	1.000000000000e-01
1.687075000000e-08	9.881026200000e-01	1.000000000000e-01	1.687075000000e-08	1.318895000000e-05	1.000000000000e-01	1.687075000000e-08	8.619175000000e-04	1.000000000000e-01	1.687075000000e-08	2.508734000000e-03	1.000000000000e-01	1.687075000000e-08	1.195028000000e-03	1.000000000000e-01	1.687075000000e-08	2.814549000000e-04	1.000000000000e-01	1.687075000000e-08	1.226903000000e-07	1.000000000000e-01
1.810969000000e-08	9.874616200000e-01	1.000000000000e-01	1.810969000000e-08	1.434862000000e-05	1.000000000000e-01	1.810969000000e-08	9.070035000000e-04	1.000000000000e-01	1.810969000000e-08	2.742720000000e-03	1.000000000000e-01	1.810969000000e-08	1.195940400000e-03	1.000000000000e-01	1.810969000000e-08	2.811901000000e-04	1.000000000000e-01	1.810969000000e-08	1.337690000000e-07	1.000000000000e-01
1.954556000000e-08	9.867237600000e-01	1.000000000000e-01	1.954556000000e-08	1.570090000000e-05	1.000000000000e-01	1.954556000000e-08	9.555328000000e-04	1.000000000000e-01	1.954556000000e-08	3.017357000000e-03	1.000000000000e-01	1.954556000000e-08	1.196534400000e-03	1.000000000000e-01	1.954556000000e-08	2.809350000000e-04	1.000000000000e-01	1.954556000000e-08	1.466970000000e-07	1.000000000000e-01
2.104592000000e-08	9.859579600000e-01	1.000000000000e-01	2.104592000000e-08	1.712169000000e-05	1.000000000000e-01	2.104592000000e-08	1.002087000000e-03	1.000000000000e-01	2.104592000000e-08	3.308088000000e-03	1.000000000000e-01	2.104592000000e-08	1.196819200000e-03	1.000000000000e-01	2.104592000000e-08	2.807262000000e-04	1.000000000000e-01	2.104592000000e-08	1.603028000000e-07	1.000000000000e-01
2.280426000000e-08	9.850670400000e-01	1.000000000000e-01	2.280426000000e-08	1.879490000000e-05	1.000000000000e-01	2.280426000000e-08	1.051468000000e-03	1.000000000000e-01	2.280426000000e-08	3.653426000000e-03	1.000000000000e-01	2.280426000000e-08	1.196879300000e-03	1.000000000000e-01	2.280426000000e-08	2.805431000000e-04	1.000000000000e-01	2.280426000000e-08	1.763687000000e-07	1.000000000000e-01
2.472316000000e-08	9.841023000000e-01	1.000000000000e-01	2.472316000000e-08	2.062871000000e-05	1.000000000000e-01	2.472316000000e-08	1.099350000000e-03	1.000000000000e-01	2.472316000000e-08	4.035662000000e-03	1.000000000000e-01	2.472316000000e-08	1.196733200000e-03	1.000000000000e-01	2.472316000000e-08	2.803981000000e-04	1.000000000000e-01	2.472316000000e-08	1.940441000000e-07	1.000000000000e-01
2.688290000000e-08	9.830247000000e-01	1.000000000000e-01	2.688290000000e-08	2.270005000000e-05	1.000000000000e-01	2.688290000000e-08	1.146323000000e-03	1.000000000000e-01	2.688290000000e-08	4.472146000000e-03	1.000000000000e-01	2.688290000000e-08	1.196397800000e-03	1.000000000000e-01	2.688290000000e-08	2.802770000000e-04	1.000000000000e-01	2.688290000000e-08	2.141073000000e-07	1.000000000000e-01
2.948229000000e-08	9.817382200000e-01	1.000000000000e-01	2.948229000000e-08	2.520039000000e-05	1.000000000000e-01	2.948229000000e-08	1.194130000000e-03	1.000000000000e-01	2.948229000000e-08	5.005663000000e-03	1.000000000000e-01	2.948229000000e-08	1.195837800000e-03	1.000000000000e-01	2.948229000000e-08	2.801600000000e-04	1.000000000000e-01	2.948229000000e-08	2.384792000000e-07	1.000000000000e-01
3.208167000000e-08	9.804612600000e-01	1.000000000000e-01	3.208167000000e-08	2.770605000000e-05	1.000000000000e-01	3.208167000000e-08	1.233593000000e-03	1.000000000000e-01	3.208167000000e-08	5.547414000000e-03	1.000000000000e-01	3.208167000000e-08	1.195159900000e-03	1.000000000000e-01	3.208167000000e-08	2.800507000000e-04	1.000000000000e-01	3.208167000000e-08	2.630812000000e-07	1.000000000000e-01
3.520344000000e-08	9.789381400000e-01	1.000000000000e-01	3.520344000000e-08	3.071926000000e-05	1.000000000000e-01	3.520344000000e-08	1.271653000000e-03	1.000000000000e-01	3.520344000000e-08	6.207941000000e-03	1.000000000000e-01	3.520344000000e-08	1.194232700000e-03	1.000000000000e-01	3.520344000000e-08	2.799102000000e-04	1.000000000000e-01	3.520344000000e-08	2.929098000000e-07	1.000000000000e-01
3.832521000000e-08	9.774239000000e-01	1.000000000000e-01	3.832521000000e-08	3.373429000000e-05	1.000000000000e-01	3.832521000000e-08	1.301309000000e-03	1.000000000000e-01	3.832521000000e-08	6.878229000000e-03	1.000000000000e-01	3.832521000000e-08	1.193212900000e-03	1.000000000000e-01	3.832521000000e-08	2.797493000000e-04	1.000000000000e-01	3.832521000000e-08	3.230240000000e-07	1.000000000000e-01
4.182265000000e-08	9.757350100000e-01	1.000000000000e-01	4.182265000000e-08	3.711187000000e-05	1.000000000000e-01	4.182265000000e-08	1.326568000000e-03	1.000000000000e-01	4.182265000000e-08	7.639517000000e-03	1.000000000000e-01	4.182265000000e-08	1.191988700000e-03	1.000000000000e-01	4.182265000000e-08	2.795407000000e-04	1.000000000000e-01	4.182265000000e-08	3.570758000000e-07	1.000000000000e-01
4.573662000000e-08	9.738515700000e-01	1.000000000000e-01	4.573662000000e-08	4.088897000000e-05	1.000000000000e-01	4.573662000000e-08	1.347109000000e-03	1.000000000000e-01	4.573662000000e-08	8.502886000000e-03	1.000000000000e-01	4.573662000000e-08	1.190539400000e-03	1.000000000000e-01	4.573662000000e-08	2.792734000000e-04	1.000000000000e-01	4.573662000000e-08	3.955466000000e-07	1.000000000000e-01
5.031494000000e-08	9.716542300000e-01	1.000000000000e-01	5.031494000000e-08	4.530096000000e-05	1.000000000000e-01	5.031494000000e-08	1.363486000000e-03	1.000000000000e-01	5.031494000000e-08	9.525998000000e-03	1.000000000000e-01	5.031494000000e-08	1.188764400000e-03	1.000000000000e-01	5.031494000000e-08	2.789218000000e-04	1.000000000000e-01	5.031494000000e-08	4.409991000000e-07	1.000000000000e-01
5.587656000000e-08	9.689895800000e-01	1.000000000000e-01	5.587656000000e-08	5.064845000000e-05	1.000000000000e-01	5.587656000000e-08	1.375678000000e-03	1.000000000000e-01	5.587656000000e-08	1.078485000000e-02	1.000000000000e-01	5.587656000000e-08	1.186528600000e-03	1.000000000000e-01	5.587656000000e-08	2.784515000000e-04	1.000000000000e-01	5.587656000000e-08	4.968225000000e-07	1.000000000000e-01
6.168399000000e-08	9.662100600000e-01	1.000000000000e-01	6.168399000000e-08	5.621539000000e-05	1.000000000000e-01	6.168399000000e-08	1.382514000000e-03	1.000000000000e-01	6.168399000000e-08	1.211449000000e-02	1.000000000000e-01	6.168399000000e-08	1.184128100000e-03	1.000000000000e-01	6.168399000000e-08	2.779245000000e-04	1.000000000000e-01	6.168399000000e-08	5.557818000000e-07	1.000000000000e-01
6.749143000000e-08	9.634323100000e-01	1.000000000000e-01	6.749143000000e-08	6.176299000000e-05	1.000000000000e-01	6.749143000000e-08	1.385582000000e-03	1.000000000000e-01	6.749143000000e-08	1.345624000000e-02	1.000000000000e-01	6.749143000000e-08	1.181684000000e-03	1.000000000000e-01	6.749143000000e-08	2.773734000000e-04	1.000000000000e-01	6.749143000000e-08	6.153894000000e-07	1.000000000000e-01
7.329887000000e-08	9.606561300000e-01	1.000000000000e-01	7.329887000000e-08	6.728977000000e-05	1.000000000000e-01	7.329887000000e-08	1.386321000000e-03	1.000000000000e-01	7.329887000000e-08	1.480723000000e-02	1.000000000000e-01	7.329887000000e-08	1.179212800000e-03	1.000000000000e-01	7.329887000000e-08	2.768069000000e-04	1.000000000000e-01	7.329887000000e-08	6.756205000000e-07	1.000000000000e-01
7.910631000000e-08	9.578823500000e-01	1.000000000000e-01	7.910631000000e-08	7.279470000000e-05	1.000000000000e-01	7.910631000000e-08	1.385627000000e-03	1.000000000000e-01	7.910631000000e-08	1.616506000000e-02	1.000000000000e-01	7.910631000000e-08	1.176723000000e-03	1.000000000000e-01	7.910631000000e-08	2.762307000000e-04	1.000000000000e-01	7.910631000000e-08	7.364572000000e-07	1.000000000000e-01
8.491375000000e-08	9.551119200000e-01	1.000000000000e-01	8.491375000000e-08	7.827703000000e-05	1.000000000000e-01	8.491375000000e-08	1.384053000000e-03	1.000000000000e-01	8.491375000000e-08	1.752771000000e-02	1.000000000000e-01	8.491375000000e-08	1.174223900000e-03	1.000000000000e-01	8.491375000000e-08	2.756486000000e-04	1.000000000000e-01	8.491375000000e-08	7.978858000000e-07	1.000000000000e-01
9.072119000000e-08	9.523454700000e-01	1.000000000000e-01	9.072119000000e-08	8.373622000000e-05	1.000000000000e-01	9.072119000000e-08	1.381941000000e-03	1.000000000000e-01	9.072119000000e-08	1.889348000000e-02	1.000000000000e-01	9.072119000000e-08	1.171717900000e-03	1.000000000000e-01	9.072119000000e-08	2.750632000000e-04	1.000000000000e-01	9.072119000000e-08	8.598953000000e-07	1.000000000000e-01
9.778277000000e-08	9.489889100000e-01	1.000000000000e-01	9.778277000000e-08	9.034261000000e-05	1.000000000000e-01	9.778277000000e-08	1.378942000000e-03	1.000000000000e-01	9.778277000000e-08	2.055636000000e-02	1.000000000000e-01	9.778277000000e-08	1.168669200000e-03	1.000000000000e-01	9.778277000000e-08	2.743492000000e-04	1.000000000000e-01	9.778277000000e-08	9.360649000000e-07	1.000000000000e-01
1.048443000000e-07	9.456414600000e-01	1.000000000000e-01	1.048443000000e-07	9.691370000000e-05	1.000000000000e-01	1.048443000000e-07	1.375677000000e-03	1.000000000000e-01	1.048443000000e-07	2.221965000000e-02	1.000000000000e-01	1.048443000000e-07	1.165622100000e-03	1.000000000000e-01	1.048443000000e-07	2.736346000000e-04	1.000000000000e-01	1.048443000000e-07	1.013064000000e-06	1.000000000000e-01
1.130801000000e-07	9.417510100000e-01	1.000000000000e-01	1.130801000000e-07	1.045325000000e-04	1.000000000000e-01	1.130801000000e-07	1.371693000000e-03	1.000000000000e-01	1.130801000000e-07	2.415777000000e-02	1.000000000000e-01	1.130801000000e-07	1.162074600000e-03	1.000000000000e-01	1.130801000000e-07	2.728019000000e-04	1.000000000000e-01	1.130801000000e-07	1.103898000000e-06	1.000000000000e-01
1.216095000000e-07	9.377389100000e-01	1.000000000000e-01	1.216095000000e-07	1.123714000000e-04	1.000000000000e-01	1.216095000000e-07	1.367473000000e-03	1.000000000000e-01	1.216095000000e-07	2.616085000000e-02	1.000000000000e-01	1.216095000000e-07	1.158410200000e-03	1.000000000000e-01	1.216095000000e-07	2.719416000000e-04	1.000000000000e-01	1.216095000000e-07	1.199117000000e-06	1.000000000000e-01
1.308264000000e-07	9.334248400000e-01	1.000000000000e-01	1.308264000000e-07	1.207835000000e-04	1.000000000000e-01	1.308264000000e-07	1.362871000000e-03	1.000000000000e-01	1.308264000000e-07	2.831860000000e-02	1.000000000000e-01	1.308264000000e-07	1.154466000000e-03	1.000000000000e-01	1.308264000000e-07	2.710153000000e-04	1.000000000000e-01	1.308264000000e-07	1.303299000000e-06	1.000000000000e-01
1.410746000000e-07	9.286560500000e-01	1.000000000000e-01	1.410746000000e-07	1.300650000000e-04	1.000000000000e-01	1.410746000000e-07	1.357745000000e-03	1.000000000000e-01	1.410746000000e-07	3.070742000000e-02	1.000000000000e-01	1.410746000000e-07	1.150100100000e-03	1.000000000000e-01	1.410746000000e-07	2.699902000000e-04	1.000000000000e-01	1.410746000000e-07	1.420675000000e-06	1.000000000000e-01
1.513228000000e-07	9.239181400000e-01	1.000000000000e-01	1.513228000000e-07	1.392714000000e-04	1.000000000000e-01	1.513228000000e-07	1.352633000000e-03	1.000000000000e-01	1.513228000000e-07	3.308363000000e-02	1.000000000000e-01	1.513228000000e-07	1.145759400000e-03	1.000000000000e-01	1.513228000000e-07	2.689709000000e-04	1.000000000000e-01	1.513228000000e-07	1.539631000000e-06	1.000000000000e-01
1.615710000000e-07	9.192119700000e-01	1.000000000000e-01	1.615710000000e-07	1.484031000000e-04	1.000000000000e-01	1.615710000000e-07	1.347545000000e-03	1.000000000000e-01	1.615710000000e-07	3.544595000000e-02	1.000000000000e-01	1.615710000000e-07	1.141443000000e-03	1.000000000000e-01	1.615710000000e-07	2.679576000000e-04	1.000000000000e-01	1.615710000000e-07	1.660127000000e-06	1.000000000000e-01
1.739773000000e-07	9.135584400000e-01	1.000000000000e-01	1.739773000000e-07	1.593584000000e-04	1.000000000000e-01	1.739773000000e-07	1.341424000000e-03	1.000000000000e-01	1.739773000000e-07	3.828592000000e-02	1.000000000000e-01	1.739773000000e-07	1.136254600000e-03	1.000000000000e-01	1.739773000000e-07	2.667394000000e-04	1.000000000000e-01	1.739773000000e-07	1.808003000000e-06	1.000000000000e-01
1.863835000000e-07	9.079532700000e-01	1.000000000000e-01	1.863835000000e-07	1.702061000000e-04	1.000000000000e-01	1.863835000000e-07	1.335349000000e-03	1.000000000000e-01	1.863835000000e-07	4.110320000000e-02	1.000000000000e-01	1.863835000000e-07	1.131106800000e-03	1.000000000000e-01	1.863835000000e-07	2.655307000000e-04	1.000000000000e-01	1.863835000000e-07	1.958006000000e-06	1.000000000000e-01
1.987898000000e-07	9.023966000000e-01	1.000000000000e-01	1.987898000000e-07	1.809473000000e-04	1.000000000000e-01	1.987898000000e-07	1.329323000000e-03	1.000000000000e-01	1.987898000000e-07	4.389717000000e-02	1.000000000000e-01	1.987898000000e-07	1.125999800000e-03	1.000000000000e-01	1.987898000000e-07	2.643317000000e-04	1.000000000000e-01	1.987898000000e-07	2.110064000000e-06	1.000000000000e-01
2.132396000000e-07	8.959859600000e-01	1.000000000000e-01	2.132396000000e-07	1.933254000000e-04	1.000000000000e-01	2.132396000000e-07	1.322365000000e-03	1.000000000000e-01	2.132396000000e-07	4.712152000000e-02	1.000000000000e-01	2.132396000000e-07	1.120103400000e-03	1.000000000000e-01	2.132396000000e-07	2.629474000000e-04	1.000000000000e-01	2.132396000000e-07	2.289660000000e-06	1.000000000000e-01
2.282003000000e-07	8.894177500000e-01	1.000000000000e-01	2.282003000000e-07	2.059929000000e-04	1.000000000000e-01	2.282003000000e-07	1.315230000000e-03	1.000000000000e-01	2.282003000000e-07	5.042584000000e-02	1.000000000000e-01	2.282003000000e-07	1.114057200000e-03	1.000000000000e-01	2.282003000000e-07	2.615280000000e-04	1.000000000000e-01	2.282003000000e-07	2.478310000000e-06	1.000000000000e-01
2.431609000000e-07	8.829193700000e-01	1.000000000000e-01	2.431609000000e-07	2.185120000000e-04	1.000000000000e-01	2.431609000000e-07	1.308166000000e-03	1.000000000000e-01	2.431609000000e-07	5.369558000000e-02	1.000000000000e-01	2.431609000000e-07	1.108071500000e-03	1.000000000000e-01	2.431609000000e-07	2.601227000000e-04	1.000000000000e-01	2.431609000000e-07	2.669581000000e-06	1.000000000000e-01
2.613066000000e-07	8.751299000000e-01	1.000000000000e-01	2.613066000000e-07	2.335006000000e-04	1.000000000000e-01	2.613066000000e-07	1.299691000000e-03	1.000000000000e-01	2.613066000000e-07	5.761533000000e-02	1.000000000000e-01	2.613066000000e-07	1.100889700000e-03	1.000000000000e-01	2.613066000000e-07	2.584367000000e-04	1.000000000000e-01	2.613066000000e-07	2.904892000000e-06	1.000000000000e-01
2.794523000000e-07	8.674403200000e-01	1.000000000000e-01	2.794523000000e-07	2.482783000000e-04	1.000000000000e-01	2.794523000000e-07	1.291318000000e-03	1.000000000000e-01	2.794523000000e-07	6.148509000000e-02	1.000000000000e-01	2.794523000000e-07	1.093794000000e-03	1.000000000000e-01	2.794523000000e-07	2.567710000000e-04	1.000000000000e-01	2.794523000000e-07	3.143614000000e-06	1.000000000000e-01
3.005714000000e-07	8.586144000000e-01	1.000000000000e-01	3.005714000000e-07	2.652172000000e-04	1.000000000000e-01	3.005714000000e-07	1.281699000000e-03	1.000000000000e-01	3.005714000000e-07	6.592695000000e-02	1.000000000000e-01	3.005714000000e-07	1.085642100000e-03	1.000000000000e-01	3.005714000000e-07	2.548573000000e-04	1.000000000000e-01	3.005714000000e-07	3.425418000000e-06	1.000000000000e-01
3.224337000000e-07	8.496152000000e-01	1.000000000000e-01	3.224337000000e-07	2.824639000000e-04	1.000000000000e-01	3.224337000000e-07	1.271880000000e-03	1.000000000000e-01	3.224337000000e-07	7.045614000000e-02	1.000000000000e-01	3.224337000000e-07	1.077321580000e-03	1.000000000000e-01	3.224337000000e-07	2.529039000000e-04	1.000000000000e-01	3.224337000000e-07	3.721230000000e-06	1.000000000000e-01
3.481774000000e-07	8.391936100000e-01	1.000000000000e-01	3.481774000000e-07	3.024050000000e-04	1.000000000000e-01	3.481774000000e-07	1.260496000000e-03	1.000000000000e-01	3.481774000000e-07	7.570131000000e-02	1.000000000000e-01	3.481774000000e-07	1.067674790000e-03	1.000000000000e-01	3.481774000000e-07	2.506393000000e-04	1.000000000000e-01	3.481774000000e-07	4.074299000000e-06	1.000000000000e-01
3.748913000000e-07	8.285749700000e-01	1.000000000000e-01	3.748913000000e-07	3.226887000000e-04	1.000000000000e-01	3.748913000000e-07	1.248883000000e-03	1.000000000000e-01	3.748913000000e-07	8.104583000000e-02	1.000000000000e-01	3.748913000000e-07	1.057832880000e-03	1.000000000000e-01	3.748913000000e-07	2.483288000000e-04	1.000000000000e-01	3.748913000000e-07	4.445354000000e-06	1.000000000000e-01
4.077394000000e-07	8.157834300000e-01	1.000000000000e-01	4.077394000000e-07	3.470757000000e-04	1.000000000000e-01	4.077394000000e-07	1.234872000000e-03	1.000000000000e-01	4.077394000000e-07	8.748399000000e-02	1.000000000000e-01	4.077394000000e-07	1.045959770000e-03	1.000000000000e-01	4.077394000000e-07	2.455415000000e-04	1.000000000000e-01	4.077394000000e-07	4.906949000000e-06	1.000000000000e-01
4.450104000000e-07	8.016132700000e-01	1.000000000000e-01	4.450104000000e-07	3.740303000000e-04	1.000000000000e-01	4.450104000000e-07	1.219325000000e-03	1.000000000000e-01	4.450104000000e-07	9.461610000000e-02	1.000000000000e-01	4.450104000000e-07	1.032784370000e-03	1.000000000000e-01	4.450104000000e-07	2.424485000000e-04	1.000000000000e-01	4.450104000000e-07	5.436015000000e-06	1.000000000000e-01
4.873964000000e-07	7.859267100000e-01	1.000000000000e-01	4.873964000000e-07	4.037948000000e-04	1.000000000000e-01	4.873964000000e-07	1.202079000000e-03	1.000000000000e-01	4.873964000000e-07	1.025116000000e-01	1.000000000000e-01	4.873964000000e-07	1.018169840000e-03	1.000000000000e-01	4.873964000000e-07	2.390176000000e-04	1.000000000000e-01	4.873964000000e-07	6.041867000000e-06	1.000000000000e-01
5.384486000000e-07	7.676132500000e-01	1.000000000000e-01	5.384486000000e-07	4.384435000000e-04	1.000000000000e-01	5.384486000000e-07	1.181898000000e-03	1.000000000000e-01	5.384486000000e-07	1.117294000000e-01	1.000000000000e-01	5.384486000000e-07	1.001067570000e-03	1.000000000000e-01	5.384486000000e-07	2.350027000000e-04	1.000000000000e-01	5.384486000000e-07	6.773159000000e-06	1.000000000000e-01
6.039995000000e-07	7.449833200000e-01	1.000000000000e-01	6.039995000000e-07	4.811089000000e-04	1.000000000000e-01	6.039995000000e-07	1.156885000000e-03	1.000000000000e-01	6.039995000000e-07	1.231200000000e-01	1.000000000000e-01	6.039995000000e-07	9.798710600000e-04	1.000000000000e-01	6.039995000000e-07	2.300267000000e-04	1.000000000000e-01	6.039995000000e-07	7.706533000000e-06	1.000000000000e-01
6.862006000000e-07	7.179274900000e-01	1.000000000000e-01	6.862006000000e-07	5.319010000000e-04	1.000000000000e-01	6.862006000000e-07	1.126865000000e-03	1.000000000000e-01	6.862006000000e-07	1.367386000000e-01	1.000000000000e-01	6.862006000000e-07	9.544312200000e-04	1.000000000000e-01	6.862006000000e-07	2.240545000000e-04	1.000000000000e-01	6.862006000000e-07	8.853154000000e-06	1.000000000000e-01
7.879402000000e-07	6.863308200000e-01	1.000000000000e-01	7.879402000000e-07	5.909185000000e-04	1.000000000000e-01	7.879402000000e-07	1.091635000000e-03	1.000000000000e-01	7.879402000000e-07	1.526434000000e-01	1.000000000000e-01	7.879402000000e-07	9.245752900000e-04	1.000000000000e-01	7.879402000000e-07	2.170456000000e-04	1.000000000000e-01	7.879402000000e-07	1.021047000000e-05	1.000000000000e-01
9.523869000000e-07	6.392538300000e-01	1.000000000000e-01	9.523869000000e-07	6.782527000000e-04	1.000000000000e-01	9.523869000000e-07	1.038760000000e-03	1.000000000000e-01	9.523869000000e-07	1.763416000000e-01	1.000000000000e-01	9.523869000000e-07	8.797668900000e-04	1.000000000000e-01	9.523869000000e-07	2.065265000000e-04	1.000000000000e-01	9.523869000000e-07	1.219828000000e-05	1.000000000000e-01
1.123522000000e-06	5.948964000000e-01	1.000000000000e-01	1.123522000000e-06	7.598713000000e-04	1.000000000000e-01	1.123522000000e-06	9.884614000000e-04	1.000000000000e-01	1.123522000000e-06	1.986721000000e-01	1.000000000000e-01	1.123522000000e-06	8.371409000000e-04	1.000000000000e-01	1.123522000000e-06	1.965197000000e-04	1.000000000000e-01	1.123522000000e-06	1.394052000000e-05	1.000000000000e-01
1.321411000000e-06	5.487066800000e-01	1.000000000000e-01	1.321411000000e-06	8.441070000000e-04	1.000000000000e-01	1.321411000000e-06	9.355087000000e-04	1.000000000000e-01	1.321411000000e-06	2.219269000000e-01	1.000000000000e-01	1.321411000000e-06	7.922654600000e-04	1.000000000000e-01	1.321411000000e-06	1.859848000000e-04	1.000000000000e-01	1.321411000000e-06	1.552781000000e-05	1.000000000000e-01
1.593612000000e-06	4.927608500000e-01	1.000000000000e-01	1.593612000000e-06	9.448880000000e-04	1.000000000000e-01	1.593612000000e-06	8.704321000000e-04	1.000000000000e-01	1.593612000000e-06	2.500964000000e-01	1.000000000000e-01	1.593612000000e-06	7.371150700000e-04	1.000000000000e-01	1.593612000000e-06	1.730378000000e-04	1.000000000000e-01	1.593612000000e-06	1.706240000000e-05	1.000000000000e-01
1.884390000000e-06	4.410739100000e-01	1.000000000000e-01	1.884390000000e-06	1.036387000000e-03	1.000000000000e-01	1.884390000000e-06	8.091927000000e-04	1.000000000000e-01	1.884390000000e-06	2.761248000000e-01	1.000000000000e-01	1.884390000000e-06	6.852159100000e-04	1.000000000000e-01	1.884390000000e-06	1.608540000000e-04	1.000000000000e-01	1.884390000000e-06	1.809565000000e-05	1.000000000000e-01
2.175169000000e-06	3.962496000000e-01	1.000000000000e-01	2.175169000000e-06	1.114020000000e-03	1.000000000000e-01	2.175169000000e-06	7.550078000000e-04	1.000000000000e-01	2.175169000000e-06	2.987008000000e-01	1.000000000000e-01	2.175169000000e-06	6.392945700000e-04	1.000000000000e-01	2.175169000000e-06	1.500736000000e-04	1.000000000000e-01	2.175169000000e-06	1.873292000000e-05	1.000000000000e-01
2.487055000000e-06	3.544650400000e-01	1.000000000000e-01	2.487055000000e-06	1.184453000000e-03	1.000000000000e-01	2.487055000000e-06	7.033833000000e-04	1.000000000000e-01	2.487055000000e-06	3.197490000000e-01	1.000000000000e-01	2.487055000000e-06	5.955426200000e-04	1.000000000000e-01	2.487055000000e-06	1.398024000000e-04	1.000000000000e-01	2.487055000000e-06	1.915620000000e-05	1.000000000000e-01
2.883372000000e-06	3.090561800000e-01	1.000000000000e-01	2.883372000000e-06	1.258159000000e-03	1.000000000000e-01	2.883372000000e-06	6.457535000000e-04	1.000000000000e-01	2.883372000000e-06	3.426277000000e-01	1.000000000000e-01	2.883372000000e-06	5.467001800000e-04	1.000000000000e-01	2.883372000000e-06	1.283362000000e-04	1.000000000000e-01	2.883372000000e-06	1.947353000000e-05	1.000000000000e-01
3.279690000000e-06	2.706293200000e-01	1.000000000000e-01	3.279690000000e-06	1.317442000000e-03	1.000000000000e-01	3.279690000000e-06	5.954090000000e-04	1.000000000000e-01	3.279690000000e-06	3.619933000000e-01	1.000000000000e-01	3.279690000000e-06	5.040314200000e-04	1.000000000000e-01	3.279690000000e-06	1.183193000000e-04	1.000000000000e-01	3.279690000000e-06	1.964994000000e-05	1.000000000000e-01
3.676007000000e-06	2.378507900000e-01	1.000000000000e-01	3.676007000000e-06	1.365013000000e-03	1.000000000000e-01	3.676007000000e-06	5.510068000000e-04	1.000000000000e-01	3.676007000000e-06	3.785170000000e-01	1.000000000000e-01	3.676007000000e-06	4.663981300000e-04	1.000000000000e-01	3.676007000000e-06	1.094844000000e-04	1.000000000000e-01	3.676007000000e-06	1.974200000000e-05	1.000000000000e-01
4.138007000000e-06	2.054232770000e-01	1.000000000000e-01	4.138007000000e-06	1.408448000000e-03	1.000000000000e-01	4.138007000000e-06	5.053926000000e-04	1.000000000000e-01	4.138007000000e-06	3.948690000000e-01	1.000000000000e-01	4.138007000000e-06	4.277367500000e-04	1.000000000000e-01	4.138007000000e-06	1.004082000000e-04	1.000000000000e-01	4.138007000000e-06	1.978121000000e-05	1.000000000000e-01
4.616428000000e-06	1.771632810000e-01	1.000000000000e-01	4.616428000000e-06	1.442352000000e-03	1.000000000000e-01	4.616428000000e-06	4.638842000000e-04	1.000000000000e-01	4.616428000000e-06	4.091250000000e-01	1.000000000000e-01	4.616428000000e-06	3.925544300000e-04	1.000000000000e-01	4.616428000000e-06	9.214878000000e-05	1.000000000000e-01	4.616428000000e-06	1.977047000000e-05	1.000000000000e-01
5.094849000000e-06	1.532881800000e-01	1.000000000000e-01	5.094849000000e-06	1.467124000000e-03	1.000000000000e-01	5.094849000000e-06	4.271711000000e-04	1.000000000000e-01	5.094849000000e-06	4.211743000000e-01	1.000000000000e-01	5.094849000000e-06	3.614359600000e-04	1.000000000000e-01	5.094849000000e-06	8.484330000000e-05	1.000000000000e-01	5.094849000000e-06	1.972439000000e-05	1.000000000000e-01
5.573270000000e-06	1.329965850000e-01	1.000000000000e-01	5.573270000000e-06	1.484435000000e-03	1.000000000000e-01	5.573270000000e-06	3.944502000000e-04	1.000000000000e-01	5.573270000000e-06	4.314202000000e-01	1.000000000000e-01	5.573270000000e-06	3.337005200000e-04	1.000000000000e-01	5.573270000000e-06	7.833202000000e-05	1.000000000000e-01	5.573270000000e-06	1.965372000000e-05	1.000000000000e-01
6.051690000000e-06	1.156628220000e-01	1.000000000000e-01	6.051690000000e-06	1.495601000000e-03	1.000000000000e-01	6.051690000000e-06	3.650942000000e-04	1.000000000000e-01	6.051690000000e-06	4.401772000000e-01	1.000000000000e-01	6.051690000000e-06	3.088168300000e-04	1.000000000000e-01	6.051690000000e-06	7.249021000000e-05	1.000000000000e-01	6.051690000000e-06	1.956555000000e-05	1.000000000000e-01
6.482269000000e-06	1.021796710000e-01	1.000000000000e-01	6.482269000000e-06	1.501264000000e-03	1.000000000000e-01	6.482269000000e-06	3.411380000000e-04	1.000000000000e-01	6.482269000000e-06	4.469927000000e-01	1.000000000000e-01	6.482269000000e-06	2.885098800000e-04	1.000000000000e-01	6.482269000000e-06	6.772284000000e-05	1.000000000000e-01	6.482269000000e-06	1.947522000000e-05	1.000000000000e-01
6.697558000000e-06	9.609207400000e-02	1.000000000000e-01	6.697558000000e-06	1.502746000000e-03	1.000000000000e-01	6.697558000000e-06	3.299368000000e-04	1.000000000000e-01	6.697558000000e-06	4.500712000000e-01	1.000000000000e-01	6.697558000000e-06	2.790147500000e-04	1.000000000000e-01	6.697558000000e-06	6.549370000000e-05	1.000000000000e-01	6.697558000000e-06	1.942700000000e-05	1.000000000000e-01
6.817164000000e-06	9.288172000000e-02	1.000000000000e-01	6.817164000000e-06	1.503216000000e-03	1.000000000000e-01	6.817164000000e-06	3.239209000000e-04	1.000000000000e-01	6.817164000000e-06	4.516951000000e-01	1.000000000000e-01	6.817164000000e-06	2.739151100000e-04	1.000000000000e-01	6.817164000000e-06	6.429647000000e-05	1.000000000000e-01	6.817164000000e-06	1.939946000000e-05	1.000000000000e-01
6.936769000000e-06	8.978755400000e-02	1.000000000000e-01	6.936769000000e-06	1.503448000000e-03	1.000000000000e-01	6.936769000000e-06	3.180463000000e-04	1.000000000000e-01	6.936769000000e-06	4.532605000000e-01	1.000000000000e-01	6.936769000000e-06	2.689352700000e-04	1.000000000000e-01	6.936769000000e-06	6.312737000000e-05	1.000000000000e-01	6.936769000000e-06	1.937143000000e-05	1.000000000000e-01
7.072648000000e-06	8.640728900000e-02	1.000000000000e-01	7.072648000000e-06	1.503435000000e-03	1.000000000000e-01	7.072648000000e-06	3.115378000000e-04	1.000000000000e-01	7.072648000000e-06	4.549709000000e-01	1.000000000000e-01	7.072648000000e-06	2.634179900000e-04	1.000000000000e-01	7.072648000000e-06	6.183210000000e-05	1.000000000000e-01	7.072648000000e-06	1.933904000000e-05	1.000000000000e-01
7.273621000000e-06	8.165724900000e-02	1.000000000000e-01	7.273621000000e-06	1.502905000000e-03	1.000000000000e-01	7.273621000000e-06	3.022202000000e-04	1.000000000000e-01	7.273621000000e-06	4.573750000000e-01	1.000000000000e-01	7.273621000000e-06	2.555194500000e-04	1.000000000000e-01	7.273621000000e-06	5.997777000000e-05	1.000000000000e-01	7.273621000000e-06	1.929015000000e-05	1.000000000000e-01
7.514790000000e-06	7.632514500000e-02	1.000000000000e-01	7.514790000000e-06	1.501520000000e-03	1.000000000000e-01	7.514790000000e-06	2.915002000000e-04	1.000000000000e-01	7.514790000000e-06	4.600747000000e-01	1.000000000000e-01	7.514790000000e-06	2.464319600000e-04	1.000000000000e-01	7.514790000000e-06	5.784431000000e-05	1.000000000000e-01	7.514790000000e-06	1.923009000000e-05	1.000000000000e-01
7.859746000000e-06	6.933703100000e-02	1.000000000000e-01	7.859746000000e-06	1.498247000000e-03	1.000000000000e-01	7.859746000000e-06	2.769813000000e-04	1.000000000000e-01	7.859746000000e-06	4.636145000000e-01	1.000000000000e-01	7.859746000000e-06	2.341240600000e-04	1.000000000000e-01	7.859746000000e-06	5.495479000000e-05	1.000000000000e-01	7.859746000000e-06	1.914193000000e-05	1.000000000000e-01
8.250410000000e-06	6.223791200000e-02	1.000000000000e-01	8.250410000000e-06	1.492904000000e-03	1.000000000000e-01	8.250410000000e-06	2.616019000000e-04	1.000000000000e-01	8.250410000000e-06	4.672129000000e-01	1.000000000000e-01	8.250410000000e-06	2.210863700000e-04	1.000000000000e-01	8.250410000000e-06	5.189394000000e-05	1.000000000000e-01	8.250410000000e-06	1.903940000000e-05	1.000000000000e-01
8.720121000000e-06	5.470816000000e-02	1.000000000000e-01	8.720121000000e-06	1.484483000000e-03	1.000000000000e-01	8.720121000000e-06	2.444621000000e-04	1.000000000000e-01	8.720121000000e-06	4.710326000000e-01	1.000000000000e-01	8.720121000000e-06	2.065562300000e-04	1.000000000000e-01	8.720121000000e-06	4.848268000000e-05	1.000000000000e-01	8.720121000000e-06	1.891308000000e-05	1.000000000000e-01
9.189833000000e-06	4.813208200000e-02	1.000000000000e-01	9.189833000000e-06	1.474201000000e-03	1.000000000000e-01	9.189833000000e-06	2.286488000000e-04	1.000000000000e-01	9.189833000000e-06	4.743718000000e-01	1.000000000000e-01	9.189833000000e-06	1.931504300000e-04	1.000000000000e-01	9.189833000000e-06	4.533536000000e-05	1.000000000000e-01	9.189833000000e-06	1.878413000000e-05	1.000000000000e-01
9.659544000000e-06	4.237954500000e-02	1.000000000000e-01	9.659544000000e-06	1.462345000000e-03	1.000000000000e-01	9.659544000000e-06	2.140262000000e-04	1.000000000000e-01	9.659544000000e-06	4.772958000000e-01	1.000000000000e-01	9.659544000000e-06	1.807538900000e-04	1.000000000000e-01	9.659544000000e-06	4.242496000000e-05	1.000000000000e-01	9.659544000000e-06	1.865313000000e-05	1.000000000000e-01
9.894400000000e-06	3.977695900000e-02	1.000000000000e-01	9.894400000000e-06	1.455905000000e-03	1.000000000000e-01	9.894400000000e-06	2.071243000000e-04	1.000000000000e-01	9.894400000000e-06	4.786199000000e-01	1.000000000000e-01	9.894400000000e-06	1.749026400000e-04	1.000000000000e-01	9.894400000000e-06	4.105122000000e-05	1.000000000000e-01	9.894400000000e-06	1.858700000000e-05	1.000000000000e-01
1.012926000000e-05	3.734026300000e-02	1.000000000000e-01	1.012926000000e-05	1.449160000000e-03	1.000000000000e-01	1.012926000000e-05	2.004775000000e-04	1.000000000000e-01	1.012926000000e-05	4.798603000000e-01	1.000000000000e-01	1.012926000000e-05	1.692676400000e-04	1.000000000000e-01	1.012926000000e-05	3.972826000000e-05	1.000000000000e-01	1.012926000000e-05	1.852052000000e-05	1.000000000000e-01
1.036411000000e-05	3.505816200000e-02	1.000000000000e-01	1.036411000000e-05	1.442136000000e-03	1.000000000000e-01	1.036411000000e-05	1.940738000000e-04	1.000000000000e-01	1.036411000000e-05	4.810227000000e-01	1.000000000000e-01	1.036411000000e-05	1.638387600000e-04	1.000000000000e-01	1.036411000000e-05	3.845367000000e-05	1.000000000000e-01	1.036411000000e-05	1.845372000000e-05	1.000000000000e-01
1.060892000000e-05	3.283267300000e-02	1.000000000000e-01	1.060892000000e-05	1.434542000000e-03	1.000000000000e-01	1.060892000000e-05	1.876451000000e-04	1.000000000000e-01	1.060892000000e-05	4.821570000000e-01	1.000000000000e-01	1.060892000000e-05	1.583886200000e-04	1.000000000000e-01	1.060892000000e-05	3.717408000000e-05	1.000000000000e-01	1.060892000000e-05	1.838380000000e-05	1.000000000000e-01
1.089357000000e-05	3.042769200000e-02	1.000000000000e-01	1.089357000000e-05	1.425396000000e-03	1.000000000000e-01	1.089357000000e-05	1.804711000000e-04	1.000000000000e-01	1.089357000000e-05	4.833838000000e-01	1.000000000000e-01	1.089357000000e-05	1.523065700000e-04	1.000000000000e-01	1.089357000000e-05	3.574614000000e-05	1.000000000000e-01	1.089357000000e-05	1.830218000000e-05	1.000000000000e-01
1.117821000000e-05	2.820407800000e-02	1.000000000000e-01	1.117821000000e-05	1.415943000000e-03	1.000000000000e-01	1.117821000000e-05	1.736037000000e-04	1.000000000000e-01	1.117821000000e-05	4.845190000000e-01	1.000000000000e-01	1.117821000000e-05	1.464844800000e-04	1.000000000000e-01	1.117821000000e-05	3.437921000000e-05	1.000000000000e-01	1.117821000000e-05	1.822025000000e-05	1.000000000000e-01
1.149732000000e-05	2.590917000000e-02	1.000000000000e-01	1.149732000000e-05	1.405021000000e-03	1.000000000000e-01	1.149732000000e-05	1.662493000000e-04	1.000000000000e-01	1.149732000000e-05	4.856918000000e-01	1.000000000000e-01	1.149732000000e-05	1.402494700000e-04	1.000000000000e-01	1.149732000000e-05	3.291533000000e-05	1.000000000000e-01	1.149732000000e-05	1.812812000000e-05	1.000000000000e-01
1.183940000000e-05	2.366126500000e-02	1.000000000000e-01	1.183940000000e-05	1.392978000000e-03	1.000000000000e-01	1.183940000000e-05	1.587467000000e-04	1.000000000000e-01	1.183940000000e-05	4.868418000000e-01	1.000000000000e-01	1.183940000000e-05	1.338888300000e-04	1.000000000000e-01	1.183940000000e-05	3.142193000000e-05	1.000000000000e-01	1.183940000000e-05	1.802906000000e-05	1.000000000000e-01
1.226397000000e-05	2.114687490000e-02	1.000000000000e-01	1.226397000000e-05	1.377618000000e-03	1.000000000000e-01	1.226397000000e-05	1.499488000000e-04	1.000000000000e-01	1.226397000000e-05	4.881300000000e-01	1.000000000000e-01	1.226397000000e-05	1.264300400000e-04	1.000000000000e-01	1.226397000000e-05	2.967069000000e-05	1.000000000000e-01	1.226397000000e-05	1.790581000000e-05	1.000000000000e-01
1.268854000000e-05	1.890533120000e-02	1.000000000000e-01	1.268854000000e-05	1.361873000000e-03	1.000000000000e-01	1.268854000000e-05	1.416813000000e-04	1.000000000000e-01	1.268854000000e-05	4.892803000000e-01	1.000000000000e-01	1.268854000000e-05	1.194209400000e-04	1.000000000000e-01	1.268854000000e-05	2.802501000000e-05	1.000000000000e-01	1.268854000000e-05	1.778232000000e-05	1.000000000000e-01
1.311312000000e-05	1.690600560000e-02	1.000000000000e-01	1.311312000000e-05	1.345815000000e-03	1.000000000000e-01	1.311312000000e-05	1.339066000000e-04	1.000000000000e-01	1.311312000000e-05	4.903081000000e-01	1.000000000000e-01	1.311312000000e-05	1.128297000000e-04	1.000000000000e-01	1.311312000000e-05	2.647741000000e-05	1.000000000000e-01	1.311312000000e-05	1.765869000000e-05	1.000000000000e-01
1.332540000000e-05	1.598860940000e-02	1.000000000000e-01	1.332540000000e-05	1.337689000000e-03	1.000000000000e-01	1.332540000000e-05	1.301933000000e-04	1.000000000000e-01	1.332540000000e-05	4.907804000000e-01	1.000000000000e-01	1.332540000000e-05	1.096815700000e-04	1.000000000000e-01	1.332540000000e-05	2.573824000000e-05	1.000000000000e-01	1.332540000000e-05	1.759685000000e-05	1.000000000000e-01
1.353769000000e-05	1.512189980000e-02	1.000000000000e-01	1.353769000000e-05	1.329507000000e-03	1.000000000000e-01	1.353769000000e-05	1.265906000000e-04	1.000000000000e-01	1.353769000000e-05	4.912271000000e-01	1.000000000000e-01	1.353769000000e-05	1.066272940000e-04	1.000000000000e-01	1.353769000000e-05	2.502109000000e-05	1.000000000000e-01	1.353769000000e-05	1.753500000000e-05	1.000000000000e-01
1.380281000000e-05	1.410627560000e-02	1.000000000000e-01	1.380281000000e-05	1.319221000000e-03	1.000000000000e-01	1.380281000000e-05	1.222408000000e-04	1.000000000000e-01	1.380281000000e-05	4.917511000000e-01	1.000000000000e-01	1.380281000000e-05	1.029396890000e-04	1.000000000000e-01	1.380281000000e-05	2.415523000000e-05	1.000000000000e-01	1.380281000000e-05	1.745777000000e-05	1.000000000000e-01
1.410136000000e-05	1.304538110000e-02	1.000000000000e-01	1.410136000000e-05	1.307562000000e-03	1.000000000000e-01	1.410136000000e-05	1.175336000000e-04	1.000000000000e-01	1.410136000000e-05	4.922993000000e-01	1.000000000000e-01	1.410136000000e-05	9.894905300000e-05	1.000000000000e-01	1.410136000000e-05	2.321820000000e-05	1.000000000000e-01	1.410136000000e-05	1.737084000000e-05	1.000000000000e-01
1.445003000000e-05	1.190847240000e-02	1.000000000000e-01	1.445003000000e-05	1.293864000000e-03	1.000000000000e-01	1.445003000000e-05	1.122797000000e-04	1.000000000000e-01	1.445003000000e-05	4.928877000000e-01	1.000000000000e-01	1.445003000000e-05	9.449504000000e-05	1.000000000000e-01	1.445003000000e-05	2.217236000000e-05	1.000000000000e-01	1.445003000000e-05	1.726938000000e-05	1.000000000000e-01
1.485763000000e-05	1.070618100000e-02	1.000000000000e-01	1.485763000000e-05	1.277769000000e-03	1.000000000000e-01	1.485763000000e-05	1.064529000000e-04	1.000000000000e-01	1.485763000000e-05	4.935115000000e-01	1.000000000000e-01	1.485763000000e-05	8.955537900000e-05	1.000000000000e-01	1.485763000000e-05	2.101245000000e-05	1.000000000000e-01	1.485763000000e-05	1.715091000000e-05	1.000000000000e-01
