Batch	m_SP	13	W3	W1	W2	W4	W5	W6	R	P1	P2	P3	P4	P5	P6																							
3.231645e-08	0.9889911	0.1	3.231645e-08	3.205658e-108	0.1	3.231645e-08	0.0001891902	0.1	3.231645e-08	3.205658e-108	0.1	3.231645e-08	1.882761e-05	0.1	3.231645e-08	0.0001591479	0.1	3.231645e-08	2.19068e-06	0.1	3.231645e-08	0.00267064	0.1	3.231645e-08	2.053296e-05	0.1	3.231645e-08	2.970299e-06	0.1	3.231645e-08	0.002623775	0.1	3.231645e-08	7.525747e-07	0.1	3.231645e-08	5.0445e-11	0.1
3.620234e-08	0.9878337	0.1	3.620234e-08	3.587938e-108	0.1	3.620234e-08	0.000190985	0.1	3.620234e-08	3.587938e-108	0.1	3.620234e-08	2.110759e-05	0.1	3.620234e-08	0.0001696574	0.1	3.620234e-08	2.47111e-06	0.1	3.620234e-08	0.002999937	0.1	3.620234e-08	2.3075e-05	0.1	3.620234e-08	3.348759e-06	0.1	3.620234e-08	0.002862574	0.1	3.620234e-08	8.488432e-07	0.1	3.620234e-08	5.856392e-11	0.1
4.041931e-08	0.9866217	0.1	4.041931e-08	4.002124e-108	0.1	4.041931e-08	0.0001921637	0.1	4.041931e-08	4.002124e-108	0.1	4.041931e-08	2.357496e-05	0.1	4.041931e-08	0.000179716	0.1	4.041931e-08	2.780168e-06	0.1	4.041931e-08	0.003358747	0.1	4.041931e-08	2.585242e-05	0.1	4.041931e-08	3.765086e-06	0.1	4.041931e-08	0.003099343	0.1	4.041931e-08	9.548995e-07	0.1	4.041931e-08	6.79817e-11	0.1
4.513291e-08	0.9853197	0.1	4.513291e-08	4.464314e-108	0.1	4.513291e-08	0.0001928879	0.1	4.513291e-08	4.464314e-108	0.1	4.513291e-08	2.632415e-05	0.1	4.513291e-08	0.0001895034	0.1	4.513291e-08	3.131449e-06	0.1	4.513291e-08	0.003761426	0.1	4.513291e-08	2.897843e-05	0.1	4.513291e-08	4.237092e-06	0.1	4.513291e-08	0.00333696	0.1	4.513291e-08	1.075355e-06	0.1	4.513291e-08	7.9242e-11	0.1
4.984651e-08	0.984071	0.1	4.984651e-08	4.92573e-108	0.1	4.984651e-08	0.0001932332	0.1	4.984651e-08	4.92573e-108	0.1	4.984651e-08	2.906417e-05	0.1	4.984651e-08	0.0001979532	0.1	4.984651e-08	3.488784e-06	0.1	4.984651e-08	0.004165611	0.1	4.984651e-08	3.212456e-05	0.1	4.984651e-08	4.715654e-06	0.1	4.984651e-08	0.003547223	0.1	4.984651e-08	1.197735e-06	0.1	4.984651e-08	9.124326e-11	0.1
5.456012e-08	0.9828724	0.1	5.456012e-08	5.386411e-108	0.1	5.456012e-08	0.000193355	0.1	5.456012e-08	5.386411e-108	0.1	5.456012e-08	3.179533e-05	0.1	5.456012e-08	0.0002052451	0.1	5.456012e-08	3.852001e-06	0.1	5.456012e-08	0.004571109	0.1	5.456012e-08	3.528762e-05	0.1	5.456012e-08	5.200172e-06	0.1	5.456012e-08	0.003731822	0.1	5.456012e-08	1.321919e-06	0.1	5.456012e-08	1.039376e-10	0.1
5.965218e-08	0.9816293	0.1	5.965218e-08	5.883296e-108	0.1	5.965218e-08	0.0001933413	0.1	5.965218e-08	5.883296e-108	0.1	5.965218e-08	3.473633e-05	0.1	5.965218e-08	0.0002120002	0.1	5.965218e-08	4.250741e-06	0.1	5.965218e-08	0.005010424	0.1	5.965218e-08	3.871951e-05	0.1	5.965218e-08	5.729494e-06	0.1	5.965218e-08	0.003904714	0.1	5.965218e-08	1.457931e-06	0.1	5.965218e-08	1.183639e-10	0.1
6.531194e-08	0.9803045	0.1	6.531194e-08	6.434663e-108	0.1	6.531194e-08	0.0001932282	0.1	6.531194e-08	6.434663e-108	0.1	6.531194e-08	3.799445e-05	0.1	6.531194e-08	0.0002183393	0.1	6.531194e-08	4.701315e-06	0.1	6.531194e-08	0.005499992	0.1	6.531194e-08	4.254645e-05	0.1	6.531194e-08	6.32392e-06	0.1	6.531194e-08	0.004067787	0.1	6.531194e-08	1.611135e-06	0.1	6.531194e-08	1.351742e-10	0.1
7.09717e-08	0.9790325	0.1	7.09717e-08	6.985108e-108	0.1	7.09717e-08	0.0001930615	0.1	7.09717e-08	6.985108e-108	0.1	7.09717e-08	4.124214e-05	0.1	7.09717e-08	0.0002236368	0.1	7.09717e-08	5.159235e-06	0.1	7.09717e-08	0.005990635	0.1	7.09717e-08	4.638001e-05	0.1	7.09717e-08	6.923511e-06	0.1	7.09717e-08	0.0042039	0.1	7.09717e-08	1.766204e-06	0.1	7.09717e-08	1.526951e-10	0.1
7.663146e-08	0.9778064	0.1	7.663146e-08	7.534661e-108	0.1	7.663146e-08	0.0001928686	0.1	7.663146e-08	7.534661e-108	0.1	7.663146e-08	4.448035e-05	0.1	7.663146e-08	0.0002280577	0.1	7.663146e-08	5.624075e-06	0.1	7.663146e-08	0.006482102	0.1	7.663146e-08	5.021364e-05	0.1	7.663146e-08	7.526997e-06	0.1	7.663146e-08	0.004316718	0.1	7.663146e-08	1.922865e-06	0.1	7.663146e-08	1.708198e-10	0.1
8.229121e-08	0.9766196	0.1	8.229121e-08	8.083347e-108	0.1	8.229121e-08	0.000192664	0.1	8.229121e-08	8.083347e-108	0.1	8.229121e-08	4.771006e-05	0.1	8.229121e-08	0.0002317409	0.1	8.229121e-08	6.095442e-06	0.1	8.229121e-08	0.00697417	0.1	8.229121e-08	5.404106e-05	0.1	8.229121e-08	8.133172e-06	0.1	8.229121e-08	0.004409645	0.1	8.229121e-08	2.08086e-06	0.1	8.229121e-08	1.894487e-10	0.1
8.867123e-08	0.9753216	0.1	8.867123e-08	8.700841e-108	0.1	8.867123e-08	0.0001924282	0.1	8.867123e-08	8.700841e-108	0.1	8.867123e-08	5.134178e-05	0.1	8.867123e-08	0.0002351537	0.1	8.867123e-08	6.63419e-06	0.1	8.867123e-08	0.007529334	0.1	8.867123e-08	5.834081e-05	0.1	8.867123e-08	8.818314e-06	0.1	8.867123e-08	0.004494371	0.1	8.867123e-08	2.260263e-06	0.1	8.867123e-08	2.109399e-10	0.1
9.553141e-08	0.973965	0.1	9.553141e-08	9.363624e-108	0.1	9.553141e-08	0.0001921741	0.1	9.553141e-08	9.363624e-108	0.1	9.553141e-08	5.523771e-05	0.1	9.553141e-08	0.0002381013	0.1	9.553141e-08	7.22177e-06	0.1	9.553141e-08	0.00812658	0.1	9.553141e-08	6.293828e-05	0.1	9.553141e-08	9.555572e-06	0.1	9.553141e-08	0.004565998	0.1	9.553141e-08	2.454371e-06	0.1	9.553141e-08	2.345043e-10	0.1
1.033627e-07	0.9724564	0.1	1.033627e-07	1.011874e-107	0.1	1.033627e-07	0.0001918861	0.1	1.033627e-07	1.011874e-107	0.1	1.033627e-07	5.967569e-05	0.1	1.033627e-07	0.0002407271	0.1	1.033627e-07	7.902498e-06	0.1	1.033627e-07	0.008808432	0.1	1.033627e-07	6.814301e-05	0.1	1.033627e-07	1.039588e-05	0.1	1.033627e-07	0.004628101	0.1	1.033627e-07	2.677066e-06	0.1	1.033627e-07	2.618304e-10	0.1
1.127929e-07	0.970684	0.1	1.127929e-07	1.102597e-107	0.1	1.127929e-07	0.0001915438	0.1	1.127929e-07	1.102597e-107	0.1	1.127929e-07	6.500986e-05	0.1	1.127929e-07	0.0002430687	0.1	1.127929e-07	8.73571e-06	0.1	1.127929e-07	0.009629188	0.1	1.127929e-07	7.43337e-05	0.1	1.127929e-07	1.140307e-05	0.1	1.127929e-07	0.004681601	0.1	1.127929e-07	2.946228e-06	0.1	1.127929e-07	2.95138e-10	0.1
1.260297e-07	0.9682557	0.1	1.260297e-07	1.22956e-107	0.1	1.260297e-07	0.0001910709	0.1	1.260297e-07	1.22956e-107	0.1	1.260297e-07	7.24863e-05	0.1	1.260297e-07	0.0002452411	0.1	1.260297e-07	9.929166e-06	0.1	1.260297e-07	0.01077993	0.1	1.260297e-07	8.285197e-05	0.1	1.260297e-07	1.280272e-05	0.1	1.260297e-07	0.004728933	0.1	1.260297e-07	3.324793e-06	0.1	1.260297e-07	3.422692e-10	0.1
1.352955e-07	0.9665858	0.1	1.352955e-07	1.31817e-107	0.1	1.352955e-07	0.0001907442	0.1	1.352955e-07	1.31817e-107	0.1	1.352955e-07	7.771737e-05	0.1	1.352955e-07	0.0002462014	0.1	1.352955e-07	1.078082e-05	0.1	1.352955e-07	0.01158414	0.1	1.352955e-07	8.867776e-05	0.1	1.352955e-07	1.376938e-05	0.1	1.352955e-07	0.004748819	0.1	1.352955e-07	3.589678e-06	0.1	1.352955e-07	3.753262e-10	0.1
1.419139e-07	0.9654043	0.1	1.419139e-07	1.38133e-107	0.1	1.419139e-07	0.0001905125	0.1	1.419139e-07	1.38133e-107	0.1	1.419139e-07	8.14548e-05	0.1	1.419139e-07	0.000246678	0.1	1.419139e-07	1.139724e-05	0.1	1.419139e-07	0.01215779	0.1	1.419139e-07	9.276313e-05	0.1	1.419139e-07	1.445202e-05	0.1	1.419139e-07	0.00475834	0.1	1.419139e-07	3.778588e-06	0.1	1.419139e-07	3.989026e-10	0.1
1.551507e-07	0.9630631	0.1	1.551507e-07	1.507319e-107	0.1	1.551507e-07	0.0001900526	0.1	1.551507e-07	1.507319e-107	0.1	1.551507e-07	8.893687e-05	0.1	1.551507e-07	0.000247241	0.1	1.551507e-07	1.265029e-05	0.1	1.551507e-07	0.01330287	0.1	1.551507e-07	0.0001007303	0.1	1.551507e-07	1.579518e-05	0.1	1.551507e-07	0.004769122	0.1	1.551507e-07	4.155184e-06	0.1	1.551507e-07	4.458394e-10	0.1
1.683875e-07	0.9607441	0.1	1.683875e-07	1.632867e-107	0.1	1.683875e-07	0.0001895962	0.1	1.683875e-07	1.632867e-107	0.1	1.683875e-07	9.643497e-05	0.1	1.683875e-07	0.0002474298	0.1	1.683875e-07	1.393039e-05	0.1	1.683875e-07	0.01444477	0.1	1.683875e-07	0.0001084094	0.1	1.683875e-07	1.710572e-05	0.1	1.683875e-07	0.004772484	0.1	1.683875e-07	4.52953e-06	0.1	1.683875e-07	4.923442e-10	0.1
1.816243e-07	0.9584418	0.1	1.816243e-07	1.757974e-107	0.1	1.816243e-07	0.0001891426	0.1	1.816243e-07	1.757974e-107	0.1	1.816243e-07	0.0001039555	0.1	1.816243e-07	0.000247369	0.1	1.816243e-07	1.52377e-05	0.1	1.816243e-07	0.01558327	0.1	1.816243e-07	0.0001157851	0.1	1.816243e-07	1.838062e-05	0.1	1.816243e-07	0.004771289	0.1	1.816243e-07	4.900999e-06	0.1	1.816243e-07	5.382881e-10	0.1
1.948611e-07	0.9561529	0.1	1.948611e-07	1.882643e-107	0.1	1.948611e-07	0.0001886914	0.1	1.948611e-07	1.882643e-107	0.1	1.948611e-07	0.0001115032	0.1	1.948611e-07	0.0002471417	0.1	1.948611e-07	1.657243e-05	0.1	1.948611e-07	0.01671827	0.1	1.948611e-07	0.0001228465	0.1	1.948611e-07	1.961758e-05	0.1	1.948611e-07	0.004767305	0.1	1.948611e-07	5.269057e-06	0.1	1.948611e-07	5.835768e-10	0.1
2.080979e-07	0.9538753	0.1	2.080979e-07	2.006874e-107	0.1	2.080979e-07	0.0001882423	0.1	2.080979e-07	2.006874e-107	0.1	2.080979e-07	0.0001190814	0.1	2.080979e-07	0.0002468037	0.1	2.080979e-07	1.793471e-05	0.1	2.080979e-07	0.01784968	0.1	2.080979e-07	0.0001295869	0.1	2.080979e-07	2.081488e-05	0.1	2.080979e-07	0.004761619	0.1	2.080979e-07	5.633239e-06	0.1	2.080979e-07	6.281383e-10	0.1
2.213347e-07	0.9516078	0.1	2.213347e-07	2.130669e-107	0.1	2.213347e-07	0.000187795	0.1	2.213347e-07	2.130669e-107	0.1	2.213347e-07	0.0001266922	0.1	2.213347e-07	0.0002463922	0.1	2.213347e-07	1.932459e-05	0.1	2.213347e-07	0.01897747	0.1	2.213347e-07	0.000136003	0.1	2.213347e-07	2.197129e-05	0.1	2.213347e-07	0.0047549	0.1	2.213347e-07	5.993135e-06	0.1	2.213347e-07	6.719164e-10	0.1
2.351343e-07	0.9492537	0.1	2.351343e-07	2.259265e-107	0.1	2.351343e-07	0.0001873305	0.1	2.351343e-07	2.259265e-107	0.1	2.351343e-07	0.0001346617	0.1	2.351343e-07	0.0002459119	0.1	2.351343e-07	2.08029e-05	0.1	2.351343e-07	0.02014933	0.1	2.351343e-07	0.0001423461	0.1	2.351343e-07	2.313248e-05	0.1	2.351343e-07	0.004747235	0.1	2.351343e-07	6.363373e-06	0.1	2.351343e-07	7.166727e-10	0.1
2.511848e-07	0.9465274	0.1	2.511848e-07	2.408249e-107	0.1	2.511848e-07	0.0001867926	0.1	2.511848e-07	2.408249e-107	0.1	2.511848e-07	0.0001439754	0.1	2.511848e-07	0.0002453114	0.1	2.511848e-07	2.255975e-05	0.1	2.511848e-07	0.02150735	0.1	2.511848e-07	0.0001492835	0.1	2.511848e-07	2.442553e-05	0.1	2.511848e-07	0.004737834	0.1	2.511848e-07	6.787156e-06	0.1	2.511848e-07	7.675415e-10	0.1
2.679057e-07	0.9437004	0.1	2.679057e-07	2.562783e-107	0.1	2.679057e-07	0.0001862348	0.1	2.679057e-07	2.562783e-107	0.1	2.679057e-07	0.0001537253	0.1	2.679057e-07	0.0002446569	0.1	2.679057e-07	2.443222e-05	0.1	2.679057e-07	0.02291637	0.1	2.679057e-07	0.0001560163	0.1	2.679057e-07	2.570672e-05	0.1	2.679057e-07	0.004727745	0.1	2.679057e-07	7.220282e-06	0.1	2.679057e-07	8.191217e-10	0.1
2.87308e-07	0.9404362	0.1	2.87308e-07	2.741246e-107	0.1	2.87308e-07	0.0001855907	0.1	2.87308e-07	2.741246e-107	0.1	2.87308e-07	0.0001650915	0.1	2.87308e-07	0.0002438769	0.1	2.87308e-07	2.665786e-05	0.1	2.87308e-07	0.02454407	0.1	2.87308e-07	0.0001632153	0.1	2.87308e-07	2.711e-05	0.1	2.87308e-07	0.004715862	0.1	2.87308e-07	7.711538e-06	0.1	2.87308e-07	8.771054e-10	0.1
3.083662e-07	0.9369127	0.1	3.083662e-07	2.93391e-107	0.1	3.083662e-07	0.0001848954	0.1	3.083662e-07	2.93391e-107	0.1	3.083662e-07	0.0001774781	0.1	3.083662e-07	0.000243018	0.1	3.083662e-07	2.913584e-05	0.1	3.083662e-07	0.02630186	0.1	3.083662e-07	0.0001703152	0.1	3.083662e-07	2.853398e-05	0.1	3.083662e-07	0.004702892	0.1	3.083662e-07	8.230249e-06	0.1	3.083662e-07	9.37707e-10	0.1
3.319081e-07	0.932997	0.1	3.319081e-07	3.14804e-107	0.1	3.319081e-07	0.0001841227	0.1	3.319081e-07	3.14804e-107	0.1	3.319081e-07	0.0001913656	0.1	3.319081e-07	0.0002420523	0.1	3.319081e-07	3.197975e-05	0.1	3.319081e-07	0.02825615	0.1	3.319081e-07	0.0001774256	0.1	3.319081e-07	3.000835e-05	0.1	3.319081e-07	0.004688395	0.1	3.319081e-07	8.791563e-06	0.1	3.319081e-07	1.002531e-09	0.1
3.602838e-07	0.9283096	0.1	3.602838e-07	3.404387e-107	0.1	3.602838e-07	0.0001831977	0.1	3.602838e-07	3.404387e-107	0.1	3.602838e-07	0.0002081208	0.1	3.602838e-07	0.0002408876	0.1	3.602838e-07	3.550505e-05	0.1	3.602838e-07	0.03059661	0.1	3.602838e-07	0.000184928	0.1	3.602838e-07	3.162948e-05	0.1	3.602838e-07	0.004670986	0.1	3.602838e-07	9.44125e-06	0.1	3.602838e-07	1.076522e-09	0.1
3.927849e-07	0.9229836	0.1	3.927849e-07	3.69568e-107	0.1	3.927849e-07	0.0001821467	0.1	3.927849e-07	3.69568e-107	0.1	3.927849e-07	0.0002272687	0.1	3.927849e-07	0.0002395582	0.1	3.927849e-07	3.966361e-05	0.1	3.927849e-07	0.0332572	0.1	3.927849e-07	0.0001922371	0.1	3.927849e-07	3.32928e-05	0.1	3.927849e-07	0.004651174	0.1	3.927849e-07	1.014863e-05	0.1	3.927849e-07	1.155715e-09	0.1
4.300831e-07	0.916927	0.1	4.300831e-07	4.026947e-107	0.1	4.300831e-07	0.0001809515	0.1	4.300831e-07	4.026947e-107	0.1	4.300831e-07	0.0002490888	0.1	4.300831e-07	0.0002380415	0.1	4.300831e-07	4.457833e-05	0.1	4.300831e-07	0.03628419	0.1	4.300831e-07	0.0001991635	0.1	4.300831e-07	3.497304e-05	0.1	4.300831e-07	0.004628622	0.1	4.300831e-07	1.091193e-05	0.1	4.300831e-07	1.239412e-09	0.1
4.755683e-07	0.9096202	0.1	4.755683e-07	4.426621e-107	0.1	4.755683e-07	0.0001795096	0.1	4.755683e-07	4.426621e-107	0.1	4.755683e-07	0.000275324	0.1	4.755683e-07	0.0002362065	0.1	4.755683e-07	5.074914e-05	0.1	4.755683e-07	0.03993789	0.1	4.755683e-07	0.0002058595	0.1	4.755683e-07	3.673564e-05	0.1	4.755683e-07	0.004601393	0.1	4.755683e-07	1.177395e-05	0.1	4.755683e-07	1.331463e-09	0.1
5.297093e-07	0.9010339	0.1	5.297093e-07	4.896289e-107	0.1	5.297093e-07	0.0001778152	0.1	5.297093e-07	4.896289e-107	0.1	5.297093e-07	0.0003058001	0.1	5.297093e-07	0.0002340441	0.1	5.297093e-07	5.830038e-05	0.1	5.297093e-07	0.04423349	0.1	5.297093e-07	0.0002118632	0.1	5.297093e-07	3.849324e-05	0.1	5.297093e-07	0.004569368	0.1	5.297093e-07	1.270573e-05	0.1	5.297093e-07	1.427553e-09	0.1
5.907826e-07	0.8914902	0.1	5.907826e-07	5.418337e-107	0.1	5.907826e-07	0.0001759318	0.1	5.907826e-07	5.418337e-107	0.1	5.907826e-07	0.0003389502	0.1	5.907826e-07	0.0002316338	0.1	5.907826e-07	6.701803e-05	0.1	5.907826e-07	0.04901039	0.1	5.907826e-07	0.000216744	0.1	5.907826e-07	4.012431e-05	0.1	5.907826e-07	0.004533736	0.1	5.907826e-07	1.36427e-05	0.1	5.907826e-07	1.519932e-09	0.1
6.590084e-07	0.8810025	0.1	6.590084e-07	5.992017e-107	0.1	6.590084e-07	0.0001738622	0.1	6.590084e-07	5.992017e-107	0.1	6.590084e-07	0.0003742156	0.1	6.590084e-07	0.0002289783	0.1	6.590084e-07	7.691573e-05	0.1	6.590084e-07	0.05426207	0.1	6.590084e-07	0.000220549	0.1	6.590084e-07	4.161175e-05	0.1	6.590084e-07	0.004494537	0.1	6.590084e-07	1.456066e-05	0.1	6.590084e-07	1.605436e-09	0.1
7.609066e-07	0.8656703	0.1	7.609066e-07	6.830665e-107	0.1	7.609066e-07	0.0001708366	0.1	7.609066e-07	6.830665e-107	0.1	7.609066e-07	0.0004231582	0.1	7.609066e-07	0.0002250858	0.1	7.609066e-07	9.181166e-05	0.1	7.609066e-07	0.06194306	0.1	7.609066e-07	0.0002241945	0.1	7.609066e-07	4.336588e-05	0.1	7.609066e-07	0.004437146	0.1	7.609066e-07	1.571422e-05	0.1	7.609066e-07	1.704094e-09	0.1
8.175167e-07	0.8573195	0.1	8.175167e-07	7.287429e-107	0.1	8.175167e-07	0.0001691887	0.1	8.175167e-07	7.287429e-107	0.1	8.175167e-07	0.0004483994	0.1	8.175167e-07	0.0002229616	0.1	8.175167e-07	0.0001000568	0.1	8.175167e-07	0.06612808	0.1	8.175167e-07	0.0002255552	0.1	8.175167e-07	4.416578e-05	0.1	8.175167e-07	0.004405844	0.1	8.175167e-07	1.625919e-05	0.1	8.175167e-07	1.746515e-09	0.1
9.080929e-07	0.8441992	0.1	9.080929e-07	8.005055e-107	0.1	9.080929e-07	0.0001665995	0.1	9.080929e-07	8.005055e-107	0.1	9.080929e-07	0.0004859782	0.1	9.080929e-07	0.0002196196	0.1	9.080929e-07	0.0001130785	0.1	9.080929e-07	0.0727052	0.1	9.080929e-07	0.0002271247	0.1	9.080929e-07	4.525894e-05	0.1	9.080929e-07	0.0043566	0.1	9.080929e-07	1.701236e-05	0.1	9.080929e-07	1.799708e-09	0.1
1.021313e-06	0.8282036	0.1	1.021313e-06	8.879939e-107	0.1	1.021313e-06	0.000163443	0.1	1.021313e-06	8.879939e-107	0.1	1.021313e-06	0.0005283812	0.1	1.021313e-06	0.0002155389	0.1	1.021313e-06	0.000128869	0.1	1.021313e-06	0.08072661	0.1	1.021313e-06	0.0002284112	0.1	1.021313e-06	4.638485e-05	0.1	1.021313e-06	0.004296454	0.1	1.021313e-06	1.778381e-05	0.1	1.021313e-06	1.846302e-09	0.1
1.134533e-06	0.8126417	0.1	1.134533e-06	9.731112e-107	0.1	1.134533e-06	0.000160372	0.1	1.134533e-06	9.731112e-107	0.1	1.134533e-06	0.0005661586	0.1	1.134533e-06	0.0002115632	0.1	1.134533e-06	0.0001439066	0.1	1.134533e-06	0.08853345	0.1	1.134533e-06	0.0002292256	0.1	1.134533e-06	4.731454e-05	0.1	1.134533e-06	0.004237819	0.1	1.134533e-06	1.840532e-05	0.1	1.134533e-06	1.876709e-09	0.1
1.247754e-06	0.7974971	0.1	1.247754e-06	1.055949e-106	0.1	1.247754e-06	0.0001573834	0.1	1.247754e-06	1.055949e-106	0.1	1.247754e-06	0.0005997991	0.1	1.247754e-06	0.0002076896	0.1	1.247754e-06	0.0001580174	0.1	1.247754e-06	0.09613363	0.1	1.247754e-06	0.0002297181	0.1	1.247754e-06	4.809455e-05	0.1	1.247754e-06	0.00418064	0.1	1.247754e-06	1.890927e-05	0.1	1.247754e-06	1.895682e-09	0.1
1.370318e-06	0.7815551	0.1	1.370318e-06	1.143156e-106	0.1	1.370318e-06	0.0001542374	0.1	1.370318e-06	1.143156e-106	0.1	1.370318e-06	0.0006320735	0.1	1.370318e-06	0.0002036077	0.1	1.370318e-06	0.0001721085	0.1	1.370318e-06	0.1041369	0.1	1.370318e-06	0.0002299764	0.1	1.370318e-06	4.880372e-05	0.1	1.370318e-06	0.00412032	0.1	1.370318e-06	1.935062e-05	0.1	1.370318e-06	1.907277e-09	0.1
1.5069e-06	0.7643219	0.1	1.5069e-06	1.237438e-106	0.1	1.5069e-06	0.0001508365	0.1	1.5069e-06	1.237438e-106	0.1	1.5069e-06	0.0006635579	0.1	1.5069e-06	0.0001991907	0.1	1.5069e-06	0.0001862553	0.1	1.5069e-06	0.1127918	0.1	1.5069e-06	0.0002299906	0.1	1.5069e-06	4.945656e-05	0.1	1.5069e-06	0.004054958	0.1	1.5069e-06	1.97422e-05	0.1	1.5069e-06	1.912797e-09	0.1
1.673312e-06	0.7440485	0.1	1.673312e-06	1.348375e-106	0.1	1.673312e-06	0.0001468358	0.1	1.673312e-06	1.348375e-106	0.1	1.673312e-06	0.0006963402	0.1	1.673312e-06	0.0001939888	0.1	1.673312e-06	0.000201222	0.1	1.673312e-06	0.1229782	0.1	1.673312e-06	0.0002296803	0.1	1.673312e-06	5.008645e-05	0.1	1.673312e-06	0.003977847	0.1	1.673312e-06	2.010826e-05	0.1	1.673312e-06	1.912708e-09	0.1
1.871385e-06	0.7208995	0.1	1.871385e-06	1.475085e-106	0.1	1.871385e-06	0.0001422675	0.1	1.871385e-06	1.475085e-106	0.1	1.871385e-06	0.0007284591	0.1	1.871385e-06	0.000188042	0.1	1.871385e-06	0.0002158741	0.1	1.871385e-06	0.1346155	0.1	1.871385e-06	0.0002289112	0.1	1.871385e-06	5.063351e-05	0.1	1.871385e-06	0.003889494	0.1	1.871385e-06	2.042142e-05	0.1	1.871385e-06	1.906508e-09	0.1
2.090567e-06	0.6964528	0.1	2.090567e-06	1.608956e-106	0.1	2.090567e-06	0.0001374431	0.1	2.090567e-06	1.608956e-106	0.1	2.090567e-06	0.0007565049	0.1	2.090567e-06	0.0001817541	0.1	2.090567e-06	0.0002284141	0.1	2.090567e-06	0.1469122	0.1	2.090567e-06	0.0002276294	0.1	2.090567e-06	5.101837e-05	0.1	2.090567e-06	0.003795813	0.1	2.090567e-06	2.06479e-05	0.1	2.090567e-06	1.894722e-09	0.1
2.309749e-06	0.673156	0.1	2.309749e-06	1.736598e-106	0.1	2.309749e-06	0.0001328457	0.1	2.309749e-06	1.736598e-106	0.1	2.309749e-06	0.0007777815	0.1	2.309749e-06	0.0001757548	0.1	2.309749e-06	0.0002376099	0.1	2.309749e-06	0.1586371	0.1	2.309749e-06	0.000225965	0.1	2.309749e-06	5.120436e-05	0.1	2.309749e-06	0.003706155	0.1	2.309749e-06	2.07747e-05	0.1	2.309749e-06	1.879267e-09	0.1
2.528931e-06	0.6509346	0.1	2.528931e-06	1.858423e-106	0.1	2.528931e-06	0.0001284604	0.1	2.528931e-06	1.858423e-106	0.1	2.528931e-06	0.0007932017	0.1	2.528931e-06	0.000170026	0.1	2.528931e-06	0.0002440324	0.1	2.528931e-06	0.1698265	0.1	2.528931e-06	0.0002239794	0.1	2.528931e-06	5.122077e-05	0.1	2.528931e-06	0.003620261	0.1	2.528931e-06	2.082083e-05	0.1	2.528931e-06	1.860907e-09	0.1
2.748113e-06	0.6297205	0.1	2.748113e-06	1.974809e-106	0.1	2.748113e-06	0.0001242739	0.1	2.748113e-06	1.974809e-106	0.1	2.748113e-06	0.0008035316	0.1	2.748113e-06	0.0001645512	0.1	2.748113e-06	0.000248219	0.1	2.748113e-06	0.1805138	0.1	2.748113e-06	0.0002217266	0.1	2.748113e-06	5.109405e-05	0.1	2.748113e-06	0.003537894	0.1	2.748113e-06	2.080072e-05	0.1	2.748113e-06	1.840138e-09	0.1
2.993783e-06	0.6070626	0.1	2.993783e-06	2.099222e-106	0.1	2.993783e-06	0.0001198025	0.1	2.993783e-06	2.099222e-106	0.1	2.993783e-06	0.0008098859	0.1	2.993783e-06	0.0001586977	0.1	2.993783e-06	0.00025083	0.1	2.993783e-06	0.1919337	0.1	2.993783e-06	0.0002189433	0.1	2.993783e-06	5.081124e-05	0.1	2.993783e-06	0.003449499	0.1	2.993783e-06	2.071389e-05	0.1	2.993783e-06	1.814526e-09	0.1
3.268833e-06	0.5830039	0.1	3.268833e-06	2.231469e-106	0.1	3.268833e-06	0.0001150547	0.1	3.268833e-06	2.231469e-106	0.1	3.268833e-06	0.0008114443	0.1	3.268833e-06	0.0001524756	0.1	3.268833e-06	0.0002517778	0.1	3.268833e-06	0.2040652	0.1	3.268833e-06	0.0002155738	0.1	3.268833e-06	5.035293e-05	0.1	3.268833e-06	0.003355123	0.1	3.268833e-06	2.055226e-05	0.1	3.268833e-06	1.783614e-09	0.1
3.590765e-06	0.5564684	0.1	3.590765e-06	2.377535e-106	0.1	3.590765e-06	0.000109818	0.1	3.590765e-06	2.377535e-106	0.1	3.590765e-06	0.0008071603	0.1	3.590765e-06	0.0001456054	0.1	3.590765e-06	0.0002509795	0.1	3.590765e-06	0.2174518	0.1	3.590765e-06	0.0002113818	0.1	3.590765e-06	4.967124e-05	0.1	3.590765e-06	0.003250362	0.1	3.590765e-06	2.029699e-05	0.1	3.590765e-06	1.745395e-09	0.1
4.043111e-06	0.5218757	0.1	4.043111e-06	2.568347e-106	0.1	4.043111e-06	0.0001029913	0.1	4.043111e-06	2.568347e-106	0.1	4.043111e-06	0.000792625	0.1	4.043111e-06	0.0001366382	0.1	4.043111e-06	0.0002475649	0.1	4.043111e-06	0.2349123	0.1	4.043111e-06	0.0002052091	0.1	4.043111e-06	4.852911e-05	0.1	4.043111e-06	0.003112626	0.1	4.043111e-06	1.985395e-05	0.1	4.043111e-06	1.689788e-09	0.1
4.52806e-06	0.4879196	0.1	4.52806e-06	2.7562e-106	0.1	4.52806e-06	9.629019e-05	0.1	4.52806e-06	2.7562e-106	0.1	4.52806e-06	0.0007693052	0.1	4.52806e-06	0.0001278254	0.1	4.52806e-06	0.0002421243	0.1	4.52806e-06	0.2520605	0.1	4.52806e-06	0.0001984257	0.1	4.52806e-06	4.715801e-05	0.1	4.52806e-06	0.002975981	0.1	4.52806e-06	1.931091e-05	0.1	4.52806e-06	1.629722e-09	0.1
5.01301e-06	0.4568352	0.1	5.01301e-06	2.928775e-106	0.1	5.01301e-06	9.015578e-05	0.1	5.01301e-06	2.928775e-106	0.1	5.01301e-06	0.0007409547	0.1	5.01301e-06	0.00011975	0.1	5.01301e-06	0.0002356935	0.1	5.01301e-06	0.2677657	0.1	5.01301e-06	0.0001916387	0.1	5.01301e-06	4.571045e-05	0.1	5.01301e-06	0.002849463	0.1	5.01301e-06	1.873104e-05	0.1	5.01301e-06	1.570677e-09	0.1
5.497959e-06	0.4283013	0.1	5.497959e-06	3.087834e-106	0.1	5.497959e-06	8.452469e-05	0.1	5.497959e-06	3.087834e-106	0.1	5.497959e-06	0.0007097798	0.1	5.497959e-06	0.0001123318	0.1	5.497959e-06	0.0002287843	0.1	5.497959e-06	0.282188	0.1	5.497959e-06	0.0001849626	0.1	5.497959e-06	4.423743e-05	0.1	5.497959e-06	0.002731958	0.1	5.497959e-06	1.813707e-05	0.1	5.497959e-06	1.513494e-09	0.1
5.982908e-06	0.4020421	0.1	5.982908e-06	3.234886e-106	0.1	5.982908e-06	7.93425e-05	0.1	5.982908e-06	3.234886e-106	0.1	5.982908e-06	0.0006773257	0.1	5.982908e-06	0.0001055016	0.1	5.982908e-06	0.0002217012	0.1	5.982908e-06	0.2954649	0.1	5.982908e-06	0.0001784701	0.1	5.982908e-06	4.277203e-05	0.1	5.982908e-06	0.00262251	0.1	5.982908e-06	1.754369e-05	0.1	5.982908e-06	1.458595e-09	0.1
6.467857e-06	0.3778198	0.1	6.467857e-06	3.371229e-106	0.1	6.467857e-06	7.456228e-05	0.1	6.467857e-06	3.371229e-106	0.1	6.467857e-06	0.0006446466	0.1	6.467857e-06	9.919893e-05	0.1	6.467857e-06	0.0002146282	0.1	6.467857e-06	0.3077155	0.1	6.467857e-06	0.0001722048	0.1	6.467857e-06	4.133528e-05	0.1	6.467857e-06	0.002520292	0.1	6.467857e-06	1.696029e-05	0.1	6.467857e-06	1.406158e-09	0.1
6.992346e-06	0.3536775	0.1	6.992346e-06	3.507928e-106	0.1	6.992346e-06	6.979784e-05	0.1	6.992346e-06	3.507928e-106	0.1	6.992346e-06	0.0006098524	0.1	6.992346e-06	9.291567e-05	0.1	6.992346e-06	0.0002071182	0.1	6.992346e-06	0.3199289	0.1	6.992346e-06	0.0001657111	0.1	6.992346e-06	3.982849e-05	0.1	6.992346e-06	0.002417054	0.1	6.992346e-06	1.63472e-05	0.1	6.992346e-06	1.352261e-09	0.1
7.576146e-06	0.3290487	0.1	7.576146e-06	3.648389e-106	0.1	7.576146e-06	6.493739e-05	0.1	7.576146e-06	3.648389e-106	0.1	7.576146e-06	0.0005724448	0.1	7.576146e-06	8.650501e-05	0.1	7.576146e-06	0.0001990264	0.1	7.576146e-06	0.3323918	0.1	7.576146e-06	0.0001588416	0.1	7.576146e-06	3.821963e-05	0.1	7.576146e-06	0.002310149	0.1	7.576146e-06	1.569157e-05	0.1	7.576146e-06	1.295639e-09	0.1
8.159946e-06	0.3065254	0.1	8.159946e-06	3.777926e-106	0.1	8.159946e-06	6.049246e-05	0.1	8.159946e-06	3.777926e-106	0.1	8.159946e-06	0.0005368429	0.1	8.159946e-06	8.064222e-05	0.1	8.159946e-06	0.0001912743	0.1	8.159946e-06	0.3437922	0.1	8.159946e-06	0.0001523491	0.1	8.159946e-06	3.668834e-05	0.1	8.159946e-06	0.002210787	0.1	8.159946e-06	1.506681e-05	0.1	8.159946e-06	1.242414e-09	0.1
8.743745e-06	0.2858775	0.1	8.743745e-06	3.897779e-106	0.1	8.743745e-06	5.641764e-05	0.1	8.743745e-06	3.897779e-106	0.1	8.743745e-06	0.000503253	0.1	8.743745e-06	7.526785e-05	0.1	8.743745e-06	0.0001838878	0.1	8.743745e-06	0.3542458	0.1	8.743745e-06	0.000146222	0.1	8.743745e-06	3.523594e-05	0.1	8.743745e-06	0.002118168	0.1	8.743745e-06	1.447374e-05	0.1	8.743745e-06	1.192386e-09	0.1
9.400912e-06	0.2646323	0.1	9.400912e-06	4.022434e-106	0.1	9.400912e-06	5.222492e-05	0.1	9.400912e-06	4.022434e-106	0.1	9.400912e-06	0.0004679237	0.1	9.400912e-06	6.973861e-05	0.1	9.400912e-06	0.0001760169	0.1	9.400912e-06	0.3650045	0.1	9.400912e-06	0.0001397404	0.1	9.400912e-06	3.369355e-05	0.1	9.400912e-06	0.002021124	0.1	9.400912e-06	1.384353e-05	0.1	9.400912e-06	1.139625e-09	0.1
1.010699e-05	0.2438976	0.1	1.010699e-05	4.145683e-106	0.1	1.010699e-05	4.813297e-05	0.1	1.010699e-05	4.145683e-106	0.1	1.010699e-05	0.0004328457	0.1	1.010699e-05	6.434317e-05	0.1	1.010699e-05	0.0001680715	0.1	1.010699e-05	0.3755074	0.1	1.010699e-05	0.0001332347	0.1	1.010699e-05	3.214073e-05	0.1	1.010699e-05	0.00192445	0.1	1.010699e-05	1.320873e-05	0.1	1.010699e-05	1.086794e-09	0.1
1.081307e-05	0.2250794	0.1	1.081307e-05	4.259202e-106	0.1	1.081307e-05	4.441921e-05	0.1	1.081307e-05	4.259202e-106	0.1	1.081307e-05	0.0004006086	0.1	1.081307e-05	5.944741e-05	0.1	1.081307e-05	0.00016063	0.1	1.081307e-05	0.3850422	0.1	1.081307e-05	0.0001271665	0.1	1.081307e-05	3.068917e-05	0.1	1.081307e-05	0.001834776	0.1	1.081307e-05	1.261511e-05	0.1	1.081307e-05	1.037603e-09	0.1
1.164307e-05	0.2051141	0.1	1.164307e-05	4.381772e-106	0.1	1.164307e-05	4.047909e-05	0.1	1.164307e-05	4.381772e-106	0.1	1.164307e-05	0.0003660839	0.1	1.164307e-05	5.425453e-05	0.1	1.164307e-05	0.0001524823	0.1	1.164307e-05	0.3951612	0.1	1.164307e-05	0.000120543	0.1	1.164307e-05	2.910216e-05	0.1	1.164307e-05	0.001737292	0.1	1.164307e-05	1.196591e-05	0.1	1.164307e-05	9.839769e-10	0.1
1.250404e-05	0.1865607	0.1	1.250404e-05	4.498113e-106	0.1	1.250404e-05	3.68176e-05	0.1	1.250404e-05	4.498113e-106	0.1	1.250404e-05	0.0003337724	0.1	1.250404e-05	4.943024e-05	0.1	1.250404e-05	0.0001446583	0.1	1.250404e-05	0.4045677	0.1	1.250404e-05	0.0001141969	0.1	1.250404e-05	2.757977e-05	0.1	1.250404e-05	0.001644171	0.1	1.250404e-05	1.134302e-05	0.1	1.250404e-05	9.326458e-10	0.1
1.347533e-05	0.1679198	0.1	1.347533e-05	4.617985e-106	0.1	1.347533e-05	3.313884e-05	0.1	1.347533e-05	4.617985e-106	0.1	1.347533e-05	0.0003011409	0.1	1.347533e-05	4.458467e-05	0.1	1.347533e-05	0.0001365233	0.1	1.347533e-05	0.4140222	0.1	1.347533e-05	0.000107609	0.1	1.347533e-05	2.599803e-05	0.1	1.347533e-05	0.001547699	0.1	1.347533e-05	1.069577e-05	0.1	1.347533e-05	8.79394e-10	0.1
1.452016e-05	0.1502078	0.1	1.452016e-05	4.735406e-106	0.1	1.452016e-05	2.964341e-05	0.1	1.452016e-05	4.735406e-106	0.1	1.452016e-05	0.0002700168	0.1	1.452016e-05	3.998211e-05	0.1	1.452016e-05	0.000128502	0.1	1.452016e-05	0.4230093	0.1	1.452016e-05	0.0001011201	0.1	1.452016e-05	2.44391e-05	0.1	1.452016e-05	0.001452801	0.1	1.452016e-05	1.00578e-05	0.1	1.452016e-05	8.269651e-10	0.1
1.570268e-05	0.1326638	0.1	1.570268e-05	4.856096e-106	0.1	1.570268e-05	2.618112e-05	0.1	1.570268e-05	4.856096e-106	0.1	1.570268e-05	0.0002390987	0.1	1.570268e-05	3.542475e-05	0.1	1.570268e-05	0.000120226	0.1	1.570268e-05	0.4319158	0.1	1.570268e-05	9.442973e-05	0.1	1.570268e-05	2.283114e-05	0.1	1.570268e-05	0.001355035	0.1	1.570268e-05	9.399739e-06	0.1	1.570268e-05	7.729247e-10	0.1
1.6977e-05	0.1162805	0.1	1.6977e-05	4.97398e-106	0.1	1.6977e-05	2.294788e-05	0.1	1.6977e-05	4.97398e-106	0.1	1.6977e-05	0.0002101595	0.1	1.6977e-05	3.11704e-05	0.1	1.6977e-05	0.0001121391	0.1	1.6977e-05	0.440238	0.1	1.6977e-05	8.789467e-05	0.1	1.6977e-05	2.126008e-05	0.1	1.6977e-05	0.001259575	0.1	1.6977e-05	8.756772e-06	0.1	1.6977e-05	7.201486e-10	0.1
1.825131e-05	0.1021072	0.1	1.825131e-05	5.081321e-106	0.1	1.825131e-05	2.015079e-05	0.1	1.825131e-05	5.081321e-106	0.1	1.825131e-05	0.000185077	0.1	1.825131e-05	2.749118e-05	0.1	1.825131e-05	0.0001048006	0.1	1.825131e-05	0.4474423	0.1	1.825131e-05	8.196557e-05	0.1	1.825131e-05	1.983446e-05	0.1	1.825131e-05	0.001172975	0.1	1.825131e-05	8.173331e-06	0.1	1.825131e-05	6.722708e-10	0.1
1.952562e-05	0.08980439	0.1	1.952562e-05	5.179841e-106	0.1	1.952562e-05	1.772285e-05	0.1	1.952562e-05	5.179841e-106	0.1	1.952562e-05	0.0001632691	0.1	1.952562e-05	2.42985e-05	0.1	1.952562e-05	9.811321e-05	0.1	1.952562e-05	0.4537002	0.1	1.952562e-05	7.656305e-05	0.1	1.952562e-05	1.85353e-05	0.1	1.952562e-05	0.001094061	0.1	1.952562e-05	7.641656e-06	0.1	1.952562e-05	6.286469e-10	0.1
2.079994e-05	0.07909397	0.1	2.079994e-05	5.270942e-106	0.1	2.079994e-05	1.560916e-05	0.1	2.079994e-05	5.270942e-106	0.1	2.079994e-05	0.0001442542	0.1	2.079994e-05	2.151981e-05	0.1	2.079994e-05	9.199611e-05	0.1	2.079994e-05	0.4591523	0.1	2.079994e-05	7.162144e-05	0.1	2.079994e-05	1.734686e-05	0.1	2.079994e-05	0.001021867	0.1	2.079994e-05	7.155306e-06	0.1	2.079994e-05	5.887445e-10	0.1
2.207425e-05	0.06974601	0.1	2.207425e-05	5.355768e-106	0.1	2.207425e-05	1.376435e-05	0.1	2.207425e-05	5.355768e-106	0.1	2.207425e-05	0.0001276324	0.1	2.207425e-05	1.909519e-05	0.1	2.207425e-05	8.638159e-05	0.1	2.207425e-05	0.4639147	0.1	2.207425e-05	6.708603e-05	0.1	2.207425e-05	1.625601e-05	0.1	2.207425e-05	0.0009555924	0.1	2.207425e-05	6.708904e-06	0.1	2.207425e-05	5.521204e-10	0.1
2.334857e-05	0.06156898	0.1	2.334857e-05	5.435265e-106	0.1	2.334857e-05	1.215062e-05	0.1	2.334857e-05	5.435265e-106	0.1	2.334857e-05	0.0001130693	0.1	2.334857e-05	1.697474e-05	0.1	2.334857e-05	8.121272e-05	0.1	2.334857e-05	0.4680842	0.1	2.334857e-05	6.291087e-05	0.1	2.334857e-05	1.525172e-05	0.1	2.334857e-05	0.0008945667	0.1	2.334857e-05	6.29793e-06	0.1	2.334857e-05	5.184028e-10	0.1
2.462288e-05	0.05440221	0.1	2.462288e-05	5.510218e-106	0.1	2.462288e-05	1.073627e-05	0.1	2.462288e-05	5.510218e-106	0.1	2.462288e-05	0.000100284	0.1	2.462288e-05	1.511663e-05	0.1	2.462288e-05	7.644127e-05	0.1	2.462288e-05	0.4717419	0.1	2.462288e-05	5.905712e-05	0.1	2.462288e-05	1.432464e-05	0.1	2.462288e-05	0.0008382232	0.1	2.462288e-05	5.918556e-06	0.1	2.462288e-05	4.872772e-10	0.1
2.58972e-05	0.04811011	0.1	2.58972e-05	5.581282e-106	0.1	2.58972e-05	9.494529e-06	0.1	2.58972e-05	5.581282e-106	0.1	2.58972e-05	8.903927e-05	0.1	2.58972e-05	1.348558e-05	0.1	2.58972e-05	7.202609e-05	0.1	2.58972e-05	0.4749563	0.1	2.58972e-05	5.549165e-05	0.1	2.58972e-05	1.34668e-05	0.1	2.58972e-05	0.000786079	0.1	2.58972e-05	5.567518e-06	0.1	2.58972e-05	4.584755e-10	0.1
2.717151e-05	0.04257757	0.1	2.717151e-05	5.64901e-106	0.1	2.717151e-05	8.402687e-06	0.1	2.717151e-05	5.64901e-106	0.1	2.717151e-05	7.913339e-05	0.1	2.717151e-05	1.205164e-05	0.1	2.717151e-05	6.793186e-05	0.1	2.717151e-05	0.4777857	0.1	2.717151e-05	5.218602e-05	0.1	2.717151e-05	1.267137e-05	0.1	2.717151e-05	0.0007377202	0.1	2.717151e-05	5.242015e-06	0.1	2.717151e-05	4.317675e-10	0.1
2.844582e-05	0.03770642	0.1	2.844582e-05	5.713865e-106	0.1	2.844582e-05	7.441369e-06	0.1	2.844582e-05	5.713865e-106	0.1	2.844582e-05	7.039436e-05	0.1	2.844582e-05	1.078929e-05	0.1	2.844582e-05	6.412801e-05	0.1	2.844582e-05	0.4802796	0.1	2.844582e-05	4.911564e-05	0.1	2.844582e-05	1.193241e-05	0.1	2.844582e-05	0.0006927886	0.1	2.844582e-05	4.939622e-06	0.1	2.844582e-05	4.069544e-10	0.1
2.972014e-05	0.03341253	0.1	2.972014e-05	5.776242e-106	0.1	2.972014e-05	6.593973e-06	0.1	2.972014e-05	5.776242e-106	0.1	2.972014e-05	6.26747e-05	0.1	2.972014e-05	9.67667e-06	0.1	2.972014e-05	6.058797e-05	0.1	2.972014e-05	0.4824805	0.1	2.972014e-05	4.625914e-05	0.1	2.972014e-05	1.12448e-05	0.1	2.972014e-05	0.0006509728	0.1	2.972014e-05	4.658231e-06	0.1	2.972014e-05	3.838631e-10	0.1
3.099445e-05	0.02962354	0.1	3.099445e-05	5.836477e-106	0.1	3.099445e-05	5.846218e-06	0.1	3.099445e-05	5.836477e-106	0.1	3.099445e-05	5.584751e-05	0.1	3.099445e-05	8.694978e-06	0.1	3.099445e-05	5.728844e-05	0.1	3.099445e-05	0.4844251	0.1	3.099445e-05	4.35978e-05	0.1	3.099445e-05	1.060402e-05	0.1	3.099445e-05	0.0006120002	0.1	3.099445e-05	4.395996e-06	0.1	3.099445e-05	3.623419e-10	0.1
3.226877e-05	0.02627699	0.1	3.226877e-05	5.894857e-106	0.1	3.226877e-05	5.185779e-06	0.1	3.226877e-05	5.894857e-106	0.1	3.226877e-05	4.980321e-05	0.1	3.226877e-05	7.827995e-06	0.1	3.226877e-05	5.420894e-05	0.1	3.226877e-05	0.486145	0.1	3.226877e-05	4.111511e-05	0.1	3.226877e-05	1.00061e-05	0.1	3.226877e-05	0.0005756305	0.1	3.226877e-05	4.151291e-06	0.1	3.226877e-05	3.422576e-10	0.1
3.354308e-05	0.02331878	0.1	3.354308e-05	5.951628e-106	0.1	3.354308e-05	4.601977e-06	0.1	3.354308e-05	5.951628e-106	0.1	3.354308e-05	4.444684e-05	0.1	3.354308e-05	7.061676e-06	0.1	3.354308e-05	5.133132e-05	0.1	3.354308e-05	0.4876674	0.1	3.354308e-05	3.87965e-05	0.1	3.354308e-05	9.447527e-06	0.1	3.354308e-05	0.0005416511	0.1	3.354308e-05	3.922676e-06	0.1	3.354308e-05	3.23492e-10	0.1
3.481739e-05	0.02070193	0.1	3.481739e-05	6.007e-106	0.1	3.481739e-05	4.085542e-06	0.1	3.481739e-05	6.007e-106	0.1	3.481739e-05	3.969591e-05	0.1	3.481739e-05	6.383829e-06	0.1	3.481739e-05	4.863943e-05	0.1	3.481739e-05	0.4890162	0.1	3.481739e-05	3.662897e-05	0.1	3.481739e-05	8.925177e-06	0.1	3.481739e-05	0.0005098726	0.1	3.481739e-05	3.708871e-06	0.1	3.481739e-05	3.059398e-10	0.1
3.609171e-05	0.01838552	0.1	3.609171e-05	6.061155e-106	0.1	3.609171e-05	3.6284e-06	0.1	3.609171e-05	6.061155e-106	0.1	3.609171e-05	3.547857e-05	0.1	3.609171e-05	5.783841e-06	0.1	3.609171e-05	4.611884e-05	0.1	3.609171e-05	0.490212	0.1	3.609171e-05	3.46009e-05	0.1	3.609171e-05	8.436252e-06	0.1	3.609171e-05	0.0004801259	0.1	3.609171e-05	3.508728e-06	0.1	3.609171e-05	2.895071e-10	0.1
3.736602e-05	0.01633386	0.1	3.736602e-05	6.114251e-106	0.1	3.736602e-05	3.223506e-06	0.1	3.736602e-05	6.114251e-106	0.1	3.736602e-05	3.173207e-05	0.1	3.736602e-05	5.252451e-06	0.1	3.736602e-05	4.375659e-05	0.1	3.736602e-05	0.4912729	0.1	3.736602e-05	3.270186e-05	0.1	3.736602e-05	7.978239e-06	0.1	3.736602e-05	0.0004522586	0.1	3.736602e-05	3.32122e-06	0.1	3.736602e-05	2.741094e-10	0.1
3.864034e-05	0.01451574	0.1	3.864034e-05	6.166423e-106	0.1	3.864034e-05	2.8647e-06	0.1	3.864034e-05	6.166423e-106	0.1	3.864034e-05	2.840152e-05	0.1	3.864034e-05	4.781566e-06	0.1	3.864034e-05	4.154097e-05	0.1	3.864034e-05	0.4922148	0.1	3.864034e-05	3.092244e-05	0.1	3.864034e-05	7.548871e-06	0.1	3.864034e-05	0.0004261335	0.1	3.864034e-05	3.145417e-06	0.1	3.864034e-05	2.596706e-10	0.1
3.991465e-05	0.0129038	0.1	3.991465e-05	6.217789e-106	0.1	3.991465e-05	2.546584e-06	0.1	3.991465e-05	6.217789e-106	0.1	3.991465e-05	2.543879e-05	0.1	3.991465e-05	4.364094e-06	0.1	3.991465e-05	3.94614e-05	0.1	3.991465e-05	0.4930515	0.1	3.991465e-05	2.925412e-05	0.1	3.991465e-05	7.146095e-06	0.1	3.991465e-05	0.0004016262	0.1	3.991465e-05	2.980479e-06	0.1	3.991465e-05	2.461214e-10	0.1
4.118897e-05	0.01147405	0.1	4.118897e-05	6.268451e-106	0.1	4.118897e-05	2.264424e-06	0.1	4.118897e-05	6.268451e-106	0.1	4.118897e-05	2.280163e-05	0.1	4.118897e-05	3.993816e-06	0.1	4.118897e-05	3.750827e-05	0.1	4.118897e-05	0.493795	0.1	4.118897e-05	2.768914e-05	0.1	4.118897e-05	6.768046e-06	0.1	4.118897e-05	0.0003786236	0.1	4.118897e-05	2.825642e-06	0.1	4.118897e-05	2.333994e-10	0.1
4.246328e-05	0.01020541	0.1	4.246328e-05	6.318498e-106	0.1	4.246328e-05	2.014057e-06	0.1	4.246328e-05	6.318498e-106	0.1	4.246328e-05	2.04529e-05	0.1	4.246328e-05	3.665266e-06	0.1	4.246328e-05	3.56728e-05	0.1	4.246328e-05	0.4944562	0.1	4.246328e-05	2.622045e-05	0.1	4.246328e-05	6.41302e-06	0.1	4.246328e-05	0.0003570226	0.1	4.246328e-05	2.680207e-06	0.1	4.246328e-05	2.214471e-10	0.1
