# T[K]         W1         Pr2         Pr3         Pr1
300	2.9178e-16(1.00)	6.7906e-25(1.00)	9.8204e-34(1.00)	2.9176e-16(1.00)
400	2.1058e-10(1.00)	8.5115e-17(1.00)	3.7758e-22(1.00)	2.1058e-10(1.00)
500	1.1104e-06(1.00)	1.5857e-11(1.00)	4.3997e-15(1.00)	1.1104e-06(1.00)
600	4.4473e-04(1.00)	6.2111e-08(1.00)	2.4481e-10(1.00)	4.4479e-04(1.00)
700	3.9476e-02(1.00)	2.9556e-05(1.00)	6.3647e-07(1.00)	3.9505e-02(1.00)
800	1.2853e+00(1.00)	3.6064e-03(1.00)	2.3542e-04(1.00)	1.2891e+00(1.00)
900	2.0835e+01(1.00)	1.6835e-01(1.00)	2.3460e-02(1.00)	2.1027e+01(1.00)
1000	2.0331e+02(1.00)	3.8208e+00(1.00)	9.1610e-01(1.00)	2.0804e+02(1.00)
1100	1.3297e+03(1.00)	4.9852e+01(1.00)	1.7966e+01(1.00)	1.3975e+03(1.00)
1200	6.4181e+03(1.00)	4.2231e+02(1.00)	2.1117e+02(1.00)	7.0516e+03(1.00)
1300	2.3911e+04(1.00)	2.5263e+03(1.00)	1.6662e+03(1.00)	2.8103e+04(1.00)
1400	7.2499e+04(1.00)	1.1517e+04(1.00)	9.5482e+03(1.00)	9.3564e+04(1.00)
1500	1.8432e+05(1.00)	4.2130e+04(1.00)	4.2842e+04(1.00)	2.6929e+05(1.00)
1600	4.0460e+05(1.00)	1.2886e+05(1.00)	1.5676e+05(1.00)	6.9021e+05(1.00)
1700	7.8453e+05(1.00)	3.3829e+05(1.00)	4.9006e+05(1.00)	1.6129e+06(1.00)
1800	1.3621e+06(1.00)	7.8468e+05(1.00)	1.3264e+06(1.00)	3.4731e+06(1.00)
1900	2.1804e+06(1.00)	1.6485e+06(1.00)	3.2401e+06(1.00)	7.0690e+06(1.00)
2000	3.2180e+06(1.00)	3.1832e+06(1.00)	7.1828e+06(1.00)	1.3584e+07(1.00)
2100	4.4468e+06(1.00)	5.7158e+06(1.00)	1.4646e+07(1.00)	2.4808e+07(1.00)
2200	5.8257e+06(1.00)	9.6569e+06(1.00)	2.8042e+07(1.00)	4.3525e+07(1.00)
2300	7.2973e+06(1.00)	1.5602e+07(1.00)	5.0558e+07(1.00)	7.3456e+07(1.00)
2400	8.7986e+06(1.00)	2.3996e+07(1.00)	8.6702e+07(1.00)	1.1950e+08(1.00)
2500	1.0270e+07(1.00)	3.5847e+07(1.00)	1.4220e+08(1.00)	1.8832e+08(1.00)
