Batch	m_SP	7	P2_L	R	W4_L	W3	P1	P3	P4											
1.79218e-13	9.769773600620001e-06	0.1	1.79218e-13	3.172594e-09	0.1	1.79218e-13	1.6334959e-07	0.1	1.79218e-13	5.536423e-11	0.1	1.79218e-13	1.260438e-08	0.1	1.79218e-13	5.319267e-09	0.1	1.79218e-13	2.965604e-12	0.1
4.314521e-13	9.50912781364e-06	0.1	4.314521e-13	7.535815e-09	0.1	4.314521e-13	3.8799886000000003e-07	0.1	4.314521e-13	1.31499e-10	0.1	4.314521e-13	2.993498e-08	0.1	4.314521e-13	1.263479e-08	0.1	4.314521e-13	7.04403e-12	0.1
9.665169e-13	8.979025415899999e-06	0.1	9.665169e-13	1.641031e-08	0.1	9.665169e-13	8.449089e-07	0.1	9.665169e-13	2.863268e-10	0.1	9.665169e-13	6.516961e-08	0.1	9.665169e-13	2.75141e-08	0.1	9.665169e-13	1.533882e-11	0.1
1.938131e-12	8.09086917026082e-06	0.1	1.938131e-12	3.128071e-08	0.1	1.938131e-12	1.610489e-06	0.1	1.938131e-12	5.456843e-10	0.1	1.938131e-12	1.241645e-07	0.1	1.938131e-12	5.244652e-08	0.1	1.938131e-12	2.923646e-11	0.1
3.326152e-12	6.9723651553788e-06	0.1	3.326152e-12	5.001106e-08	0.1	3.326152e-12	2.5747287e-06	0.1	3.326152e-12	8.722186e-10	0.1	3.326152e-12	1.983871e-07	0.1	3.326152e-12	8.3851e-08	0.1	3.326152e-12	4.673891e-11	0.1
4.245909e-12	6.3178113458261196e-06	0.1	4.245909e-12	6.097393e-08	0.1	4.245909e-12	3.1390608999999998e-06	0.1	4.245909e-12	1.063259e-09	0.1	4.245909e-12	2.417822e-07	0.1	4.245909e-12	1.022322e-07	0.1	4.245909e-12	5.698163e-11	0.1
5.337838e-12	5.62007251021202e-06	0.1	5.337838e-12	7.266167e-08	0.1	5.337838e-12	3.7406768999999997e-06	0.1	5.337838e-12	1.266863e-09	0.1	5.337838e-12	2.880055e-07	0.1	5.337838e-12	1.218288e-07	0.1	5.337838e-12	6.790034e-11	0.1
6.688025e-12	4.8629598935943604e-06	0.1	6.688025e-12	8.534593e-08	0.1	6.688025e-12	4.393548300000001e-06	0.1	6.688025e-12	1.487742e-09	0.1	6.688025e-12	3.381185e-07	0.1	6.688025e-12	1.430965e-07	0.1	6.688025e-12	7.974841e-11	0.1
9.131334e-12	3.7427751715360497e-06	0.1	9.131334e-12	1.04117e-07	0.1	9.131334e-12	5.3596321e-06	0.1	9.131334e-12	1.814439e-09	0.1	9.131334e-12	4.12172e-07	0.1	9.131334e-12	1.745703e-07	0.1	9.131334e-12	9.72787e-11	0.1
1.157464e-11	2.8807143441453e-06	0.1	1.157464e-11	1.185665e-07	0.1	1.157464e-11	6.1032235e-06	0.1	1.157464e-11	2.065768e-09	0.1	1.157464e-11	4.690788e-07	0.1	1.157464e-11	1.987984e-07	0.1	1.157464e-11	1.1077e-10	0.1
1.401795e-11	2.21726812333572e-06	0.1	1.401795e-11	1.296895e-07	0.1	1.401795e-11	6.675576e-06	0.1	1.401795e-11	2.259139e-09	0.1	1.401795e-11	5.128187e-07	0.1	1.401795e-11	2.17449e-07	0.1	1.401795e-11	1.211533e-10	0.1
1.646126e-11	1.7066597420850599e-06	0.1	1.646126e-11	1.382519e-07	0.1	1.646126e-11	7.1161319999999995e-06	0.1	1.646126e-11	2.407935e-09	0.1	1.646126e-11	5.464452e-07	0.1	1.646126e-11	2.318062e-07	0.1	1.646126e-11	1.291449e-10	0.1
1.890457e-11	1.3136668065342e-06	0.1	1.890457e-11	1.448433e-07	0.1	1.890457e-11	7.455248e-06	0.1	1.890457e-11	2.522444e-09	0.1	1.890457e-11	5.723019e-07	0.1	1.890457e-11	2.428586e-07	0.1	1.890457e-11	1.352958e-10	0.1
2.134788e-11	1.01118746798612e-06	0.1	2.134788e-11	1.499174e-07	0.1	2.134788e-11	7.716287e-06	0.1	2.134788e-11	2.610579e-09	0.1	2.134788e-11	5.921878e-07	0.1	2.134788e-11	2.513669e-07	0.1	2.134788e-11	1.400302e-10	0.1
2.379119e-11	7.78369657414561e-07	0.1	2.379119e-11	1.538235e-07	0.1	2.379119e-11	7.917227e-06	0.1	2.379119e-11	2.678424e-09	0.1	2.379119e-11	6.074847e-07	0.1	2.379119e-11	2.579168e-07	0.1	2.379119e-11	1.436744e-10	0.1
2.663107e-11	5.742525027271271e-07	0.1	2.663107e-11	1.572486e-07	0.1	2.663107e-11	8.093411e-06	0.1	2.663107e-11	2.737922e-09	0.1	2.663107e-11	6.208899e-07	0.1	2.663107e-11	2.636601e-07	0.1	2.663107e-11	1.468694e-10	0.1
2.957009e-11	4.1919602054140796e-07	0.1	2.957009e-11	1.598509e-07	0.1	2.957009e-11	8.227259e-06	0.1	2.957009e-11	2.783142e-09	0.1	2.957009e-11	6.310705e-07	0.1	2.957009e-11	2.680236e-07	0.1	2.957009e-11	1.492966e-10	0.1
3.250911e-11	3.06012404809584e-07	0.1	3.250911e-11	1.617506e-07	0.1	3.250911e-11	8.32497e-06	0.1	3.250911e-11	2.816178e-09	0.1	3.250911e-11	6.385024e-07	0.1	3.250911e-11	2.712092e-07	0.1	3.250911e-11	1.510683e-10	0.1
3.556608e-11	2.20588421665392e-07	0.1	3.556608e-11	1.631846e-07	0.1	3.556608e-11	8.398722e-06	0.1	3.556608e-11	2.841144e-09	0.1	3.556608e-11	6.441141e-07	0.1	3.556608e-11	2.736138e-07	0.1	3.556608e-11	1.524056e-10	0.1
3.909485e-11	1.51180035389856e-07	0.1	3.909485e-11	1.643498e-07	0.1	3.909485e-11	8.458648e-06	0.1	3.909485e-11	2.861472e-09	0.1	3.909485e-11	6.486788e-07	0.1	3.909485e-11	2.755678e-07	0.1	3.909485e-11	1.534922e-10	0.1
4.262362e-11	1.03612804808832e-07	0.1	4.262362e-11	1.651485e-07	0.1	4.262362e-11	8.499721e-06	0.1	4.262362e-11	2.875449e-09	0.1	4.262362e-11	6.518137e-07	0.1	4.262362e-11	2.76907e-07	0.1	4.262362e-11	1.542369e-10	0.1
