Batch	m_SP	7	W3	W4_L	R	P1	P2_L	P3	P4	
2.112833000000e-10	9.891309000000e-01	1.000000000000e-01	2.112833000000e-10	5.611174000000e-06	1.000000000000e-01	2.112833000000e-10	1.083915000000e-06	1.000000000000e-01	2.112833000000e-10	4.326456000000e-04	1.000000000000e-01	2.112833000000e-10	1.093255030000e-05	1.000000000000e-01	2.112833000000e-10	1.776302000000e-06	1.000000000000e-01	2.112833000000e-10	4.912482000000e-03	1.000000000000e-01
2.630991000000e-10	9.865405000000e-01	1.000000000000e-01	2.630991000000e-10	7.014289000000e-06	1.000000000000e-01	2.630991000000e-10	1.355908000000e-06	1.000000000000e-01	2.630991000000e-10	5.393546000000e-04	1.000000000000e-01	2.630991000000e-10	1.363182000000e-05	1.000000000000e-01	2.630991000000e-10	2.221491000000e-06	1.000000000000e-01	2.630991000000e-10	6.082561000000e-03	1.000000000000e-01
3.270368000000e-10	9.833993000000e-01	1.000000000000e-01	3.270368000000e-10	8.755394000000e-06	1.000000000000e-01	3.270368000000e-10	1.695562000000e-06	1.000000000000e-01	3.270368000000e-10	6.714331000000e-04	1.000000000000e-01	3.270368000000e-10	1.697949070000e-05	1.000000000000e-01	3.270368000000e-10	2.777360000000e-06	1.000000000000e-01	3.270368000000e-10	7.499945000000e-03	1.000000000000e-01
4.171046000000e-10	9.790924000000e-01	1.000000000000e-01	4.171046000000e-10	1.122191000000e-05	1.000000000000e-01	4.171046000000e-10	2.182355000000e-06	1.000000000000e-01	4.171046000000e-10	8.583415000000e-04	1.000000000000e-01	4.171046000000e-10	2.173479890000e-05	1.000000000000e-01	4.171046000000e-10	3.574125000000e-06	1.000000000000e-01	4.171046000000e-10	9.439235000000e-03	1.000000000000e-01
5.071723000000e-10	9.749418000000e-01	1.000000000000e-01	5.071723000000e-10	1.369963000000e-05	1.000000000000e-01	5.071723000000e-10	2.679890000000e-06	1.000000000000e-01	5.071723000000e-10	1.046367000000e-03	1.000000000000e-01	5.071723000000e-10	2.654616100000e-05	1.000000000000e-01	5.071723000000e-10	4.388828000000e-06	1.000000000000e-01	5.071723000000e-10	1.130190000000e-02	1.000000000000e-01
5.972401000000e-10	9.709639000000e-01	1.000000000000e-01	5.972401000000e-10	1.618411000000e-05	1.000000000000e-01	5.972401000000e-10	3.189148000000e-06	1.000000000000e-01	5.972401000000e-10	1.235631000000e-03	1.000000000000e-01	5.972401000000e-10	3.142311000000e-05	1.000000000000e-01	5.972401000000e-10	5.223289000000e-06	1.000000000000e-01	5.972401000000e-10	1.307918000000e-02	1.000000000000e-01
6.873079000000e-10	9.671713000000e-01	1.000000000000e-01	6.873079000000e-10	1.867186000000e-05	1.000000000000e-01	6.873079000000e-10	3.710948000000e-06	1.000000000000e-01	6.873079000000e-10	1.426238000000e-03	1.000000000000e-01	6.873079000000e-10	3.637350000000e-05	1.000000000000e-01	6.873079000000e-10	6.078991000000e-06	1.000000000000e-01	6.873079000000e-10	1.476429000000e-02	1.000000000000e-01
7.773756000000e-10	9.635729000000e-01	1.000000000000e-01	7.773756000000e-10	2.116019000000e-05	1.000000000000e-01	7.773756000000e-10	4.245937000000e-06	1.000000000000e-01	7.773756000000e-10	1.618271000000e-03	1.000000000000e-01	7.773756000000e-10	4.140344100000e-05	1.000000000000e-01	7.773756000000e-10	6.957060000000e-06	1.000000000000e-01	7.773756000000e-10	1.635243000000e-02	1.000000000000e-01
8.824523000000e-10	9.596271000000e-01	1.000000000000e-01	8.824523000000e-10	2.406104000000e-05	1.000000000000e-01	8.824523000000e-10	4.887351000000e-06	1.000000000000e-01	8.824523000000e-10	1.844188000000e-03	1.000000000000e-01	8.824523000000e-10	4.737777300000e-05	1.000000000000e-01	8.824523000000e-10	8.010712000000e-06	1.000000000000e-01	8.824523000000e-10	1.807890000000e-02	1.000000000000e-01
9.912812000000e-10	9.558290000000e-01	1.000000000000e-01	9.912812000000e-10	2.706040000000e-05	1.000000000000e-01	9.912812000000e-10	5.571706000000e-06	1.000000000000e-01	9.912812000000e-10	2.080367000000e-03	1.000000000000e-01	9.912812000000e-10	5.368989300000e-05	1.000000000000e-01	9.912812000000e-10	9.135790000000e-06	1.000000000000e-01	9.912812000000e-10	1.972212000000e-02	1.000000000000e-01
1.118845000000e-09	9.517458000000e-01	1.000000000000e-01	1.118845000000e-09	3.056651000000e-05	1.000000000000e-01	1.118845000000e-09	6.399993000000e-06	1.000000000000e-01	1.118845000000e-09	2.360072000000e-03	1.000000000000e-01	1.118845000000e-09	6.125110000000e-05	1.000000000000e-01	1.118845000000e-09	1.049828000000e-05	1.000000000000e-01	1.118845000000e-09	2.146256000000e-02	1.000000000000e-01
1.265940000000e-09	9.475131000000e-01	1.000000000000e-01	1.265940000000e-09	3.459311000000e-05	1.000000000000e-01	1.265940000000e-09	7.389671000000e-06	1.000000000000e-01	1.265940000000e-09	2.686384000000e-03	1.000000000000e-01	1.265940000000e-09	7.018308700000e-05	1.000000000000e-01	1.265940000000e-09	1.212656000000e-05	1.000000000000e-01	1.265940000000e-09	2.322962000000e-02	1.000000000000e-01
1.435305000000e-09	9.432278000000e-01	1.000000000000e-01	1.435305000000e-09	3.920358000000e-05	1.000000000000e-01	1.435305000000e-09	8.573527000000e-06	1.000000000000e-01	1.435305000000e-09	3.066901000000e-03	1.000000000000e-01	1.435305000000e-09	8.073455200000e-05	1.000000000000e-01	1.435305000000e-09	1.407331000000e-05	1.000000000000e-01	1.435305000000e-09	2.496706000000e-02	1.000000000000e-01
1.604670000000e-09	9.395107000000e-01	1.000000000000e-01	1.604670000000e-09	4.378278000000e-05	1.000000000000e-01	1.604670000000e-09	9.802262000000e-06	1.000000000000e-01	1.604670000000e-09	3.452176000000e-03	1.000000000000e-01	1.604670000000e-09	9.154575600000e-05	1.000000000000e-01	1.604670000000e-09	1.609089000000e-05	1.000000000000e-01	1.604670000000e-09	2.641704000000e-02	1.000000000000e-01
1.774035000000e-09	9.362920000000e-01	1.000000000000e-01	1.774035000000e-09	4.832776000000e-05	1.000000000000e-01	1.774035000000e-09	1.107269000000e-05	1.000000000000e-01	1.774035000000e-09	3.841726000000e-03	1.000000000000e-01	1.774035000000e-09	1.025840690000e-04	1.000000000000e-01	1.774035000000e-09	1.817185000000e-05	1.000000000000e-01	1.774035000000e-09	2.761461000000e-02	1.000000000000e-01
1.943400000000e-09	9.335019000000e-01	1.000000000000e-01	1.943400000000e-09	5.283629000000e-05	1.000000000000e-01	1.943400000000e-09	1.238146000000e-05	1.000000000000e-01	1.943400000000e-09	4.235029000000e-03	1.000000000000e-01	1.943400000000e-09	1.138146740000e-04	1.000000000000e-01	1.943400000000e-09	2.030839000000e-05	1.000000000000e-01	1.943400000000e-09	2.859492000000e-02	1.000000000000e-01
2.112764000000e-09	9.310745000000e-01	1.000000000000e-01	2.112764000000e-09	5.730682000000e-05	1.000000000000e-01	2.112764000000e-09	1.372533000000e-05	1.000000000000e-01	2.112764000000e-09	4.631561000000e-03	1.000000000000e-01	2.112764000000e-09	1.252027130000e-04	1.000000000000e-01	2.112764000000e-09	2.249281000000e-05	1.000000000000e-01	2.112764000000e-09	2.939127000000e-02	1.000000000000e-01
2.282129000000e-09	9.289503000000e-01	1.000000000000e-01	2.282129000000e-09	6.173836000000e-05	1.000000000000e-01	2.282129000000e-09	1.510129000000e-05	1.000000000000e-01	2.282129000000e-09	5.030820000000e-03	1.000000000000e-01	2.282129000000e-09	1.367153820000e-04	1.000000000000e-01	2.282129000000e-09	2.471789000000e-05	1.000000000000e-01	2.282129000000e-09	3.003382000000e-02	1.000000000000e-01
2.451494000000e-09	9.270768000000e-01	1.000000000000e-01	2.451494000000e-09	6.613050000000e-05	1.000000000000e-01	2.451494000000e-09	1.650668000000e-05	1.000000000000e-01	2.451494000000e-09	5.432348000000e-03	1.000000000000e-01	2.451494000000e-09	1.483220060000e-04	1.000000000000e-01	2.451494000000e-09	2.697702000000e-05	1.000000000000e-01	2.451494000000e-09	3.054914000000e-02	1.000000000000e-01
2.620859000000e-09	9.254090000000e-01	1.000000000000e-01	2.620859000000e-09	7.048331000000e-05	1.000000000000e-01	2.620859000000e-09	1.793922000000e-05	1.000000000000e-01	2.620859000000e-09	5.835731000000e-03	1.000000000000e-01	2.620859000000e-09	1.599952830000e-04	1.000000000000e-01	2.620859000000e-09	2.926427000000e-05	1.000000000000e-01	2.620859000000e-09	3.096008000000e-02	1.000000000000e-01
2.811620000000e-09	9.237297000000e-01	1.000000000000e-01	2.811620000000e-09	7.533954000000e-05	1.000000000000e-01	2.811620000000e-09	1.958286000000e-05	1.000000000000e-01	2.811620000000e-09	6.291844000000e-03	1.000000000000e-01	2.811620000000e-09	1.731922700000e-04	1.000000000000e-01	2.811620000000e-09	3.186762000000e-05	1.000000000000e-01	2.811620000000e-09	3.132191000000e-02	1.000000000000e-01
3.039175000000e-09	9.219434000000e-01	1.000000000000e-01	3.039175000000e-09	8.106988000000e-05	1.000000000000e-01	3.039175000000e-09	2.158232000000e-05	1.000000000000e-01	3.039175000000e-09	6.837802000000e-03	1.000000000000e-01	3.039175000000e-09	1.889625160000e-04	1.000000000000e-01	3.039175000000e-09	3.500215000000e-05	1.000000000000e-01	3.039175000000e-09	3.164364000000e-02	1.000000000000e-01
3.356858000000e-09	9.197401000000e-01	1.000000000000e-01	3.356858000000e-09	8.896158000000e-05	1.000000000000e-01	3.356858000000e-09	2.443929000000e-05	1.000000000000e-01	3.356858000000e-09	7.602303000000e-03	1.000000000000e-01	3.356858000000e-09	2.109512300000e-04	1.000000000000e-01	3.356858000000e-09	3.941456000000e-05	1.000000000000e-01	3.356858000000e-09	3.194589000000e-02	1.000000000000e-01
3.515699000000e-09	9.187321000000e-01	1.000000000000e-01	3.515699000000e-09	9.286306000000e-05	1.000000000000e-01	3.515699000000e-09	2.589494000000e-05	1.000000000000e-01	3.515699000000e-09	7.985200000000e-03	1.000000000000e-01	3.515699000000e-09	2.219063500000e-04	1.000000000000e-01	3.515699000000e-09	4.163097000000e-05	1.000000000000e-01	3.515699000000e-09	3.204976000000e-02	1.000000000000e-01
3.726801000000e-09	9.174641000000e-01	1.000000000000e-01	3.726801000000e-09	9.800571000000e-05	1.000000000000e-01	3.726801000000e-09	2.785650000000e-05	1.000000000000e-01	3.726801000000e-09	8.494456000000e-03	1.000000000000e-01	3.726801000000e-09	2.364024300000e-04	1.000000000000e-01	3.726801000000e-09	4.458238000000e-05	1.000000000000e-01	3.726801000000e-09	3.215185000000e-02	1.000000000000e-01
4.016295000000e-09	9.158255000000e-01	1.000000000000e-01	4.016295000000e-09	1.049856000000e-04	1.000000000000e-01	4.016295000000e-09	3.059542000000e-05	1.000000000000e-01	4.016295000000e-09	9.193136000000e-03	1.000000000000e-01	4.016295000000e-09	2.561300400000e-04	1.000000000000e-01	4.016295000000e-09	4.863341000000e-05	1.000000000000e-01	4.016295000000e-09	3.224184000000e-02	1.000000000000e-01
4.305790000000e-09	9.142695000000e-01	1.000000000000e-01	4.305790000000e-09	1.118906000000e-04	1.000000000000e-01	4.305790000000e-09	3.339007000000e-05	1.000000000000e-01	4.305790000000e-09	9.891762000000e-03	1.000000000000e-01	4.305790000000e-09	2.756427800000e-04	1.000000000000e-01	4.305790000000e-09	5.268037000000e-05	1.000000000000e-01	4.305790000000e-09	3.229101000000e-02	1.000000000000e-01
4.595284000000e-09	9.127704000000e-01	1.000000000000e-01	4.595284000000e-09	1.187308000000e-04	1.000000000000e-01	4.595284000000e-09	3.624011000000e-05	1.000000000000e-01	4.595284000000e-09	1.059000000000e-02	1.000000000000e-01	4.595284000000e-09	2.949043200000e-04	1.000000000000e-01	4.595284000000e-09	5.671562000000e-05	1.000000000000e-01	4.595284000000e-09	3.231255000000e-02	1.000000000000e-01
4.884778000000e-09	9.113107000000e-01	1.000000000000e-01	4.884778000000e-09	1.255159000000e-04	1.000000000000e-01	4.884778000000e-09	3.914567000000e-05	1.000000000000e-01	4.884778000000e-09	1.128760000000e-02	1.000000000000e-01	4.884778000000e-09	3.138846600000e-04	1.000000000000e-01	4.884778000000e-09	6.073272000000e-05	1.000000000000e-01	4.884778000000e-09	3.231540000000e-02	1.000000000000e-01
5.174272000000e-09	9.098787000000e-01	1.000000000000e-01	5.174272000000e-09	1.322551000000e-04	1.000000000000e-01	5.174272000000e-09	4.210718000000e-05	1.000000000000e-01	5.174272000000e-09	1.198440000000e-02	1.000000000000e-01	5.174272000000e-09	3.325582800000e-04	1.000000000000e-01	5.174272000000e-09	6.472615000000e-05	1.000000000000e-01	5.174272000000e-09	3.230563000000e-02	1.000000000000e-01
5.463766000000e-09	9.084664000000e-01	1.000000000000e-01	5.463766000000e-09	1.389572000000e-04	1.000000000000e-01	5.463766000000e-09	4.512525000000e-05	1.000000000000e-01	5.463766000000e-09	1.268028000000e-02	1.000000000000e-01	5.463766000000e-09	3.509038400000e-04	1.000000000000e-01	5.463766000000e-09	6.869106000000e-05	1.000000000000e-01	5.463766000000e-09	3.228737000000e-02	1.000000000000e-01
5.753260000000e-09	9.070682000000e-01	1.000000000000e-01	5.753260000000e-09	1.456302000000e-04	1.000000000000e-01	5.753260000000e-09	4.820057000000e-05	1.000000000000e-01	5.753260000000e-09	1.337515000000e-02	1.000000000000e-01	5.753260000000e-09	3.689030000000e-04	1.000000000000e-01	5.753260000000e-09	7.262316000000e-05	1.000000000000e-01	5.753260000000e-09	3.226339000000e-02	1.000000000000e-01
6.067473000000e-09	9.055626000000e-01	1.000000000000e-01	6.067473000000e-09	1.528486000000e-04	1.000000000000e-01	6.067473000000e-09	5.160413000000e-05	1.000000000000e-01	6.067473000000e-09	1.412815000000e-02	1.000000000000e-01	6.067473000000e-09	3.880290500000e-04	1.000000000000e-01	6.067473000000e-09	7.684943000000e-05	1.000000000000e-01	6.067473000000e-09	3.223306000000e-02	1.000000000000e-01
6.418762000000e-09	9.038904000000e-01	1.000000000000e-01	6.418762000000e-09	1.608985000000e-04	1.000000000000e-01	6.418762000000e-09	5.549132000000e-05	1.000000000000e-01	6.418762000000e-09	1.496846000000e-02	1.000000000000e-01	6.418762000000e-09	4.088868300000e-04	1.000000000000e-01	6.418762000000e-09	8.151794000000e-05	1.000000000000e-01	6.418762000000e-09	3.219573000000e-02	1.000000000000e-01
6.770052000000e-09	9.022272000000e-01	1.000000000000e-01	6.770052000000e-09	1.689368000000e-04	1.000000000000e-01	6.770052000000e-09	5.946626000000e-05	1.000000000000e-01	6.770052000000e-09	1.580711000000e-02	1.000000000000e-01	6.770052000000e-09	4.291721300000e-04	1.000000000000e-01	6.770052000000e-09	8.612161000000e-05	1.000000000000e-01	6.770052000000e-09	3.215617000000e-02	1.000000000000e-01
7.181193000000e-09	9.002897000000e-01	1.000000000000e-01	7.181193000000e-09	1.783412000000e-04	1.000000000000e-01	7.181193000000e-09	6.423132000000e-05	1.000000000000e-01	7.181193000000e-09	1.678648000000e-02	1.000000000000e-01	7.181193000000e-09	4.521666600000e-04	1.000000000000e-01	7.181193000000e-09	9.142092000000e-05	1.000000000000e-01	7.181193000000e-09	3.210819000000e-02	1.000000000000e-01
7.607298000000e-09	8.982905000000e-01	1.000000000000e-01	7.607298000000e-09	1.880947000000e-04	1.000000000000e-01	7.607298000000e-09	6.929966000000e-05	1.000000000000e-01	7.607298000000e-09	1.779903000000e-02	1.000000000000e-01	7.607298000000e-09	4.751306700000e-04	1.000000000000e-01	7.607298000000e-09	9.680536000000e-05	1.000000000000e-01	7.607298000000e-09	3.205741000000e-02	1.000000000000e-01
8.104003000000e-09	8.959700000000e-01	1.000000000000e-01	8.104003000000e-09	1.994844000000e-04	1.000000000000e-01	8.104003000000e-09	7.537614000000e-05	1.000000000000e-01	8.104003000000e-09	1.897616000000e-02	1.000000000000e-01	8.104003000000e-09	5.007697200000e-04	1.000000000000e-01	8.104003000000e-09	1.029354000000e-04	1.000000000000e-01	8.104003000000e-09	3.199757000000e-02	1.000000000000e-01
8.618359000000e-09	8.935774000000e-01	1.000000000000e-01	8.618359000000e-09	2.113105000000e-04	1.000000000000e-01	8.618359000000e-09	8.186061000000e-05	1.000000000000e-01	8.618359000000e-09	2.019151000000e-02	1.000000000000e-01	8.618359000000e-09	5.260304900000e-04	1.000000000000e-01	8.618359000000e-09	1.091087000000e-04	1.000000000000e-01	8.618359000000e-09	3.193531000000e-02	1.000000000000e-01
9.239569000000e-09	8.907010000000e-01	1.000000000000e-01	9.239569000000e-09	2.256417000000e-04	1.000000000000e-01	9.239569000000e-09	8.995299000000e-05	1.000000000000e-01	9.239569000000e-09	2.165444000000e-02	1.000000000000e-01	9.239569000000e-09	5.547955600000e-04	1.000000000000e-01	9.239569000000e-09	1.163182000000e-04	1.000000000000e-01	9.239569000000e-09	3.186011000000e-02	1.000000000000e-01
9.915449000000e-09	8.875874000000e-01	1.000000000000e-01	9.915449000000e-09	2.412912000000e-04	1.000000000000e-01	9.915449000000e-09	9.908003000000e-05	1.000000000000e-01	9.915449000000e-09	2.324006000000e-02	1.000000000000e-01	9.915449000000e-09	5.839569400000e-04	1.000000000000e-01	9.915449000000e-09	1.238471000000e-04	1.000000000000e-01	9.915449000000e-09	3.177847000000e-02	1.000000000000e-01
1.067334000000e-08	8.841153000000e-01	1.000000000000e-01	1.067334000000e-08	2.588926000000e-04	1.000000000000e-01	1.067334000000e-08	1.097089000000e-04	1.000000000000e-01	1.067334000000e-08	2.501056000000e-02	1.000000000000e-01	1.067334000000e-08	6.140839300000e-04	1.000000000000e-01	1.067334000000e-08	1.318917000000e-04	1.000000000000e-01	1.067334000000e-08	3.168732000000e-02	1.000000000000e-01
1.162457000000e-08	8.797860000000e-01	1.000000000000e-01	1.162457000000e-08	2.810122000000e-04	1.000000000000e-01	1.162457000000e-08	1.236249000000e-04	1.000000000000e-01	1.162457000000e-08	2.722153000000e-02	1.000000000000e-01	1.162457000000e-08	6.482235700000e-04	1.000000000000e-01	1.162457000000e-08	1.413917000000e-04	1.000000000000e-01	1.162457000000e-08	3.157356000000e-02	1.000000000000e-01
1.273831000000e-08	8.747568000000e-01	1.000000000000e-01	1.273831000000e-08	3.068382000000e-04	1.000000000000e-01	1.273831000000e-08	1.406990000000e-04	1.000000000000e-01	1.273831000000e-08	2.979434000000e-02	1.000000000000e-01	1.273831000000e-08	6.833587200000e-04	1.000000000000e-01	1.273831000000e-08	1.516828000000e-04	1.000000000000e-01	1.273831000000e-08	3.144131000000e-02	1.000000000000e-01
1.396040000000e-08	8.692867000000e-01	1.000000000000e-01	1.396040000000e-08	3.349028000000e-04	1.000000000000e-01	1.396040000000e-08	1.603429000000e-04	1.000000000000e-01	1.396040000000e-08	3.259765000000e-02	1.000000000000e-01	1.396040000000e-08	7.164869800000e-04	1.000000000000e-01	1.396040000000e-08	1.619812000000e-04	1.000000000000e-01	1.396040000000e-08	3.129739000000e-02	1.000000000000e-01
1.537961000000e-08	8.629970000000e-01	1.000000000000e-01	1.537961000000e-08	3.668571000000e-04	1.000000000000e-01	1.537961000000e-08	1.842433000000e-04	1.000000000000e-01	1.537961000000e-08	3.582701000000e-02	1.000000000000e-01	1.537961000000e-08	7.487346500000e-04	1.000000000000e-01	1.537961000000e-08	1.727174000000e-04	1.000000000000e-01	1.537961000000e-08	3.113178000000e-02	1.000000000000e-01
1.684810000000e-08	8.565582000000e-01	1.000000000000e-01	1.684810000000e-08	3.988889000000e-04	1.000000000000e-01	1.684810000000e-08	2.100608000000e-04	1.000000000000e-01	1.684810000000e-08	3.913872000000e-02	1.000000000000e-01	1.684810000000e-08	7.761362000000e-04	1.000000000000e-01	1.684810000000e-08	1.825612000000e-04	1.000000000000e-01	1.684810000000e-08	3.096211000000e-02	1.000000000000e-01
1.831659000000e-08	8.501888000000e-01	1.000000000000e-01	1.831659000000e-08	4.295977000000e-04	1.000000000000e-01	1.831659000000e-08	2.368218000000e-04	1.000000000000e-01	1.831659000000e-08	4.241997000000e-02	1.000000000000e-01	1.831659000000e-08	7.985245800000e-04	1.000000000000e-01	1.831659000000e-08	1.912530000000e-04	1.000000000000e-01	1.831659000000e-08	3.079414000000e-02	1.000000000000e-01
2.003786000000e-08	8.428095000000e-01	1.000000000000e-01	2.003786000000e-08	4.636423000000e-04	1.000000000000e-01	2.003786000000e-08	2.691679000000e-04	1.000000000000e-01	2.003786000000e-08	4.622707000000e-02	1.000000000000e-01	2.003786000000e-08	8.196200000000e-04	1.000000000000e-01	2.003786000000e-08	2.001535000000e-04	1.000000000000e-01	2.003786000000e-08	3.059937000000e-02	1.000000000000e-01
2.197494000000e-08	8.346145000000e-01	1.000000000000e-01	2.197494000000e-08	4.992173000000e-04	1.000000000000e-01	2.197494000000e-08	3.065241000000e-04	1.000000000000e-01	2.197494000000e-08	5.046110000000e-02	1.000000000000e-01	2.197494000000e-08	8.381535300000e-04	1.000000000000e-01	2.197494000000e-08	2.087424000000e-04	1.000000000000e-01	2.197494000000e-08	3.038284000000e-02	1.000000000000e-01
2.414095000000e-08	8.255855000000e-01	1.000000000000e-01	2.414095000000e-08	5.354542000000e-04	1.000000000000e-01	2.414095000000e-08	3.490748000000e-04	1.000000000000e-01	2.414095000000e-08	5.513241000000e-02	1.000000000000e-01	2.414095000000e-08	8.539392400000e-04	1.000000000000e-01	2.414095000000e-08	2.168482000000e-04	1.000000000000e-01	2.414095000000e-08	3.014399000000e-02	1.000000000000e-01
2.689053000000e-08	8.143238000000e-01	1.000000000000e-01	2.689053000000e-08	5.761894000000e-04	1.000000000000e-01	2.689053000000e-08	4.035883000000e-04	1.000000000000e-01	2.689053000000e-08	6.096687000000e-02	1.000000000000e-01	2.689053000000e-08	8.685401200000e-04	1.000000000000e-01	2.689053000000e-08	2.252940000000e-04	1.000000000000e-01	2.689053000000e-08	2.984567000000e-02	1.000000000000e-01
2.964011000000e-08	8.032801000000e-01	1.000000000000e-01	2.964011000000e-08	6.114630000000e-04	1.000000000000e-01	2.964011000000e-08	4.578950000000e-04	1.000000000000e-01	2.964011000000e-08	6.669580000000e-02	1.000000000000e-01	2.964011000000e-08	8.788469800000e-04	1.000000000000e-01	2.964011000000e-08	2.321101000000e-04	1.000000000000e-01	2.964011000000e-08	2.955265000000e-02	1.000000000000e-01
3.238969000000e-08	7.924489000000e-01	1.000000000000e-01	3.238969000000e-08	6.418917000000e-04	1.000000000000e-01	3.238969000000e-08	5.112854000000e-04	1.000000000000e-01	3.238969000000e-08	7.232086000000e-02	1.000000000000e-01	3.238969000000e-08	8.861430000000e-04	1.000000000000e-01	3.238969000000e-08	2.376584000000e-04	1.000000000000e-01	3.238969000000e-08	2.926483000000e-02	1.000000000000e-01
3.513927000000e-08	7.818249000000e-01	1.000000000000e-01	3.513927000000e-08	6.681355000000e-04	1.000000000000e-01	3.513927000000e-08	5.631687000000e-04	1.000000000000e-01	3.513927000000e-08	7.784398000000e-02	1.000000000000e-01	3.513927000000e-08	8.912711000000e-04	1.000000000000e-01	3.513927000000e-08	2.422149000000e-04	1.000000000000e-01	3.513927000000e-08	2.898206000000e-02	1.000000000000e-01
3.788885000000e-08	7.714029000000e-01	1.000000000000e-01	3.788885000000e-08	6.908236000000e-04	1.000000000000e-01	3.788885000000e-08	6.130675000000e-04	1.000000000000e-01	3.788885000000e-08	8.326725000000e-02	1.000000000000e-01	3.788885000000e-08	8.947965000000e-04	1.000000000000e-01	3.788885000000e-08	2.459907000000e-04	1.000000000000e-01	3.788885000000e-08	2.870423000000e-02	1.000000000000e-01
4.074933000000e-08	7.607695000000e-01	1.000000000000e-01	4.074933000000e-08	7.112568000000e-04	1.000000000000e-01	4.074933000000e-08	6.624749000000e-04	1.000000000000e-01	4.074933000000e-08	8.880565000000e-02	1.000000000000e-01	4.074933000000e-08	8.971809000000e-04	1.000000000000e-01	4.074933000000e-08	2.492632000000e-04	1.000000000000e-01	4.074933000000e-08	2.842032000000e-02	1.000000000000e-01
4.405343000000e-08	7.487451000000e-01	1.000000000000e-01	4.405343000000e-08	7.315275000000e-04	1.000000000000e-01	4.405343000000e-08	7.159777000000e-04	1.000000000000e-01	4.405343000000e-08	9.507465000000e-02	1.000000000000e-01	4.405343000000e-08	8.986976000000e-04	1.000000000000e-01	4.405343000000e-08	2.523868000000e-04	1.000000000000e-01	4.405343000000e-08	2.809870000000e-02	1.000000000000e-01
4.762653000000e-08	7.360439000000e-01	1.000000000000e-01	4.762653000000e-08	7.501667000000e-04	1.000000000000e-01	4.762653000000e-08	7.692078000000e-04	1.000000000000e-01	4.762653000000e-08	1.017035000000e-01	1.000000000000e-01	4.762653000000e-08	8.992028000000e-04	1.000000000000e-01	4.762653000000e-08	2.551423000000e-04	1.000000000000e-01	4.762653000000e-08	2.775831000000e-02	1.000000000000e-01
5.160314000000e-08	7.222654000000e-01	1.000000000000e-01	5.160314000000e-08	7.676708000000e-04	1.000000000000e-01	5.160314000000e-08	8.225873000000e-04	1.000000000000e-01	5.160314000000e-08	1.089027000000e-01	1.000000000000e-01	5.160314000000e-08	8.987099000000e-04	1.000000000000e-01	5.160314000000e-08	2.576110000000e-04	1.000000000000e-01	5.160314000000e-08	2.738824000000e-02	1.000000000000e-01
5.612365000000e-08	7.070423000000e-01	1.000000000000e-01	5.612365000000e-08	7.842121000000e-04	1.000000000000e-01	5.612365000000e-08	8.757756000000e-04	1.000000000000e-01	5.612365000000e-08	1.168665000000e-01	1.000000000000e-01	5.612365000000e-08	8.971113000000e-04	1.000000000000e-01	5.612365000000e-08	2.598061000000e-04	1.000000000000e-01	5.612365000000e-08	2.697838000000e-02	1.000000000000e-01
6.100677000000e-08	6.911029000000e-01	1.000000000000e-01	6.100677000000e-08	7.987756000000e-04	1.000000000000e-01	6.100677000000e-08	9.246071000000e-04	1.000000000000e-01	6.100677000000e-08	1.252160000000e-01	1.000000000000e-01	6.100677000000e-08	8.944066000000e-04	1.000000000000e-01	6.100677000000e-08	2.615768000000e-04	1.000000000000e-01	6.100677000000e-08	2.654806000000e-02	1.000000000000e-01
6.588988000000e-08	6.756653000000e-01	1.000000000000e-01	6.588988000000e-08	8.104146000000e-04	1.000000000000e-01	6.588988000000e-08	9.651079000000e-04	1.000000000000e-01	6.588988000000e-08	1.333132000000e-01	1.000000000000e-01	6.588988000000e-08	8.908679000000e-04	1.000000000000e-01	6.588988000000e-08	2.628140000000e-04	1.000000000000e-01	6.588988000000e-08	2.613009000000e-02	1.000000000000e-01
7.077299000000e-08	6.607077000000e-01	1.000000000000e-01	7.077299000000e-08	8.194623000000e-04	1.000000000000e-01	7.077299000000e-08	9.980716000000e-04	1.000000000000e-01	7.077299000000e-08	1.411685000000e-01	1.000000000000e-01	7.077299000000e-08	8.866126000000e-04	1.000000000000e-01	7.077299000000e-08	2.635779000000e-04	1.000000000000e-01	7.077299000000e-08	2.572394000000e-02	1.000000000000e-01
7.565611000000e-08	6.462093000000e-01	1.000000000000e-01	7.565611000000e-08	8.261442000000e-04	1.000000000000e-01	7.565611000000e-08	1.024352000000e-03	1.000000000000e-01	7.565611000000e-08	1.487917000000e-01	1.000000000000e-01	7.565611000000e-08	8.817202000000e-04	1.000000000000e-01	7.565611000000e-08	2.639126000000e-04	1.000000000000e-01	7.565611000000e-08	2.532910000000e-02	1.000000000000e-01
8.073995000000e-08	6.315820000000e-01	1.000000000000e-01	8.073995000000e-08	8.307740000000e-04	1.000000000000e-01	8.073995000000e-08	1.045522000000e-03	1.000000000000e-01	8.073995000000e-08	1.564914000000e-01	1.000000000000e-01	8.073995000000e-08	8.760158000000e-04	1.000000000000e-01	8.073995000000e-08	2.638449000000e-04	1.000000000000e-01	8.073995000000e-08	2.492955000000e-02	1.000000000000e-01
8.662668000000e-08	6.152129000000e-01	1.000000000000e-01	8.662668000000e-08	8.333948000000e-04	1.000000000000e-01	8.662668000000e-08	1.063309000000e-03	1.000000000000e-01	8.662668000000e-08	1.651182000000e-01	1.000000000000e-01	8.662668000000e-08	8.687104000000e-04	1.000000000000e-01	8.662668000000e-08	2.632869000000e-04	1.000000000000e-01	8.662668000000e-08	2.448090000000e-02	1.000000000000e-01
9.251342000000e-08	5.994249000000e-01	1.000000000000e-01	9.251342000000e-08	8.333282000000e-04	1.000000000000e-01	9.251342000000e-08	1.075068000000e-03	1.000000000000e-01	9.251342000000e-08	1.734484000000e-01	1.000000000000e-01	9.251342000000e-08	8.607400000000e-04	1.000000000000e-01	9.251342000000e-08	2.622712000000e-04	1.000000000000e-01	9.251342000000e-08	2.404659000000e-02	1.000000000000e-01
9.966517000000e-08	5.809852000000e-01	1.000000000000e-01	9.966517000000e-08	8.300267000000e-04	1.000000000000e-01	9.966517000000e-08	1.082797000000e-03	1.000000000000e-01	9.966517000000e-08	1.831891000000e-01	1.000000000000e-01	9.966517000000e-08	8.502925000000e-04	1.000000000000e-01	9.966517000000e-08	2.605063000000e-04	1.000000000000e-01	9.966517000000e-08	2.353723000000e-02	1.000000000000e-01
1.077849000000e-07	5.609790000000e-01	1.000000000000e-01	1.077849000000e-07	8.225973000000e-04	1.000000000000e-01	1.077849000000e-07	1.084753000000e-03	1.000000000000e-01	1.077849000000e-07	1.937705000000e-01	1.000000000000e-01	1.077849000000e-07	8.376058000000e-04	1.000000000000e-01	1.077849000000e-07	2.579174000000e-04	1.000000000000e-01	1.077849000000e-07	2.298190000000e-02	1.000000000000e-01
1.165500000000e-07	5.404218000000e-01	1.000000000000e-01	1.165500000000e-07	8.109876000000e-04	1.000000000000e-01	1.165500000000e-07	1.080772000000e-03	1.000000000000e-01	1.165500000000e-07	2.046564000000e-01	1.000000000000e-01	1.165500000000e-07	8.231726000000e-04	1.000000000000e-01	1.165500000000e-07	2.545747000000e-04	1.000000000000e-01	1.165500000000e-07	2.240811000000e-02	1.000000000000e-01
1.253151000000e-07	5.208724000000e-01	1.000000000000e-01	1.253151000000e-07	7.964811000000e-04	1.000000000000e-01	1.253151000000e-07	1.072197000000e-03	1.000000000000e-01	1.253151000000e-07	2.150203000000e-01	1.000000000000e-01	1.253151000000e-07	8.082203000000e-04	1.000000000000e-01	1.253151000000e-07	2.508090000000e-04	1.000000000000e-01	1.253151000000e-07	2.185927000000e-02	1.000000000000e-01
1.340802000000e-07	5.022640000000e-01	1.000000000000e-01	1.340802000000e-07	7.798299000000e-04	1.000000000000e-01	1.340802000000e-07	1.060356000000e-03	1.000000000000e-01	1.340802000000e-07	2.248950000000e-01	1.000000000000e-01	1.340802000000e-07	7.929665000000e-04	1.000000000000e-01	1.340802000000e-07	2.467450000000e-04	1.000000000000e-01	1.340802000000e-07	2.133374000000e-02	1.000000000000e-01
1.436044000000e-07	4.830397000000e-01	1.000000000000e-01	1.436044000000e-07	7.600432000000e-04	1.000000000000e-01	1.436044000000e-07	1.044928000000e-03	1.000000000000e-01	1.436044000000e-07	2.351057000000e-01	1.000000000000e-01	1.436044000000e-07	7.762578000000e-04	1.000000000000e-01	1.436044000000e-07	2.421084000000e-04	1.000000000000e-01	1.436044000000e-07	2.078740000000e-02	1.000000000000e-01
1.542672000000e-07	4.626621000000e-01	1.000000000000e-01	1.542672000000e-07	7.365816000000e-04	1.000000000000e-01	1.542672000000e-07	1.025585000000e-03	1.000000000000e-01	1.542672000000e-07	2.459389000000e-01	1.000000000000e-01	1.542672000000e-07	7.576002000000e-04	1.000000000000e-01	1.542672000000e-07	2.367653000000e-04	1.000000000000e-01	1.542672000000e-07	2.020417000000e-02	1.000000000000e-01
1.649299000000e-07	4.434064000000e-01	1.000000000000e-01	1.649299000000e-07	7.124153000000e-04	1.000000000000e-01	1.649299000000e-07	1.004933000000e-03	1.000000000000e-01	1.649299000000e-07	2.561843000000e-01	1.000000000000e-01	1.649299000000e-07	7.391732000000e-04	1.000000000000e-01	1.649299000000e-07	2.313628000000e-04	1.000000000000e-01	1.649299000000e-07	1.964884000000e-02	1.000000000000e-01
1.764804000000e-07	4.237182000000e-01	1.000000000000e-01	1.764804000000e-07	6.860395000000e-04	1.000000000000e-01	1.764804000000e-07	9.818195000000e-04	1.000000000000e-01	1.764804000000e-07	2.666683000000e-01	1.000000000000e-01	1.764804000000e-07	7.196233000000e-04	1.000000000000e-01	1.764804000000e-07	2.255308000000e-04	1.000000000000e-01	1.764804000000e-07	1.907643000000e-02	1.000000000000e-01
1.893622000000e-07	4.030843000000e-01	1.000000000000e-01	1.893622000000e-07	6.569227000000e-04	1.000000000000e-01	1.893622000000e-07	9.557774000000e-04	1.000000000000e-01	1.893622000000e-07	2.776648000000e-01	1.000000000000e-01	1.893622000000e-07	6.984514000000e-04	1.000000000000e-01	1.893622000000e-07	2.191288000000e-04	1.000000000000e-01	1.893622000000e-07	1.847106000000e-02	1.000000000000e-01
2.022441000000e-07	3.837333000000e-01	1.000000000000e-01	2.022441000000e-07	6.285206000000e-04	1.000000000000e-01	2.022441000000e-07	9.299324000000e-04	1.000000000000e-01	2.022441000000e-07	2.879861000000e-01	1.000000000000e-01	2.022441000000e-07	6.780284300000e-04	1.000000000000e-01	2.022441000000e-07	2.128907000000e-04	1.000000000000e-01	2.022441000000e-07	1.789776000000e-02	1.000000000000e-01
2.151260000000e-07	3.655604000000e-01	1.000000000000e-01	2.151260000000e-07	6.010851000000e-04	1.000000000000e-01	2.151260000000e-07	9.045938000000e-04	1.000000000000e-01	2.151260000000e-07	2.976864000000e-01	1.000000000000e-01	2.151260000000e-07	6.583948100000e-04	1.000000000000e-01	2.151260000000e-07	2.068505000000e-04	1.000000000000e-01	2.151260000000e-07	1.735397000000e-02	1.000000000000e-01
2.307419000000e-07	3.449762000000e-01	1.000000000000e-01	2.307419000000e-07	5.693165000000e-04	1.000000000000e-01	2.307419000000e-07	8.748162000000e-04	1.000000000000e-01	2.307419000000e-07	3.086829000000e-01	1.000000000000e-01	2.307419000000e-07	6.356647400000e-04	1.000000000000e-01	2.307419000000e-07	1.998185000000e-04	1.000000000000e-01	2.307419000000e-07	1.673105000000e-02	1.000000000000e-01
2.463577000000e-07	3.258372000000e-01	1.000000000000e-01	2.463577000000e-07	5.392737000000e-04	1.000000000000e-01	2.463577000000e-07	8.462256000000e-04	1.000000000000e-01	2.463577000000e-07	3.189165000000e-01	1.000000000000e-01	2.463577000000e-07	6.140859900000e-04	1.000000000000e-01	2.463577000000e-07	1.931142000000e-04	1.000000000000e-01	2.463577000000e-07	1.614449000000e-02	1.000000000000e-01
2.626267000000e-07	3.072934000000e-01	1.000000000000e-01	2.626267000000e-07	5.098177000000e-04	1.000000000000e-01	2.626267000000e-07	8.177750000000e-04	1.000000000000e-01	2.626267000000e-07	3.288409000000e-01	1.000000000000e-01	2.626267000000e-07	5.927801000000e-04	1.000000000000e-01	2.626267000000e-07	1.864747000000e-04	1.000000000000e-01	2.626267000000e-07	1.556865000000e-02	1.000000000000e-01
2.815084000000e-07	2.873880000000e-01	1.000000000000e-01	2.815084000000e-07	4.779168000000e-04	1.000000000000e-01	2.815084000000e-07	7.864685000000e-04	1.000000000000e-01	2.815084000000e-07	3.395047000000e-01	1.000000000000e-01	2.815084000000e-07	5.694706600000e-04	1.000000000000e-01	2.815084000000e-07	1.791946000000e-04	1.000000000000e-01	2.815084000000e-07	1.494126000000e-02	1.000000000000e-01
3.003901000000e-07	2.690490000000e-01	1.000000000000e-01	3.003901000000e-07	4.483366000000e-04	1.000000000000e-01	3.003901000000e-07	7.569442000000e-04	1.000000000000e-01	3.003901000000e-07	3.493401000000e-01	1.000000000000e-01	3.003901000000e-07	5.475783100000e-04	1.000000000000e-01	3.003901000000e-07	1.723459000000e-04	1.000000000000e-01	3.003901000000e-07	1.435372000000e-02	1.000000000000e-01
3.231673000000e-07	2.487909000000e-01	1.000000000000e-01	3.231673000000e-07	4.155081000000e-04	1.000000000000e-01	3.231673000000e-07	7.235634000000e-04	1.000000000000e-01	3.231673000000e-07	3.602185000000e-01	1.000000000000e-01	3.231673000000e-07	5.228977600000e-04	1.000000000000e-01	3.231673000000e-07	1.646159000000e-04	1.000000000000e-01	3.231673000000e-07	1.369260000000e-02	1.000000000000e-01
3.459444000000e-07	2.303498000000e-01	1.000000000000e-01	3.459444000000e-07	3.855226000000e-04	1.000000000000e-01	3.459444000000e-07	6.924430000000e-04	1.000000000000e-01	3.459444000000e-07	3.701351000000e-01	1.000000000000e-01	3.459444000000e-07	4.999340500000e-04	1.000000000000e-01	3.459444000000e-07	1.574176000000e-04	1.000000000000e-01	3.459444000000e-07	1.307819000000e-02	1.000000000000e-01
3.738204000000e-07	2.099597000000e-01	1.000000000000e-01	3.738204000000e-07	3.522851000000e-04	1.000000000000e-01	3.738204000000e-07	6.571459000000e-04	1.000000000000e-01	3.738204000000e-07	3.811179000000e-01	1.000000000000e-01	3.738204000000e-07	4.739225400000e-04	1.000000000000e-01	3.738204000000e-07	1.492590000000e-04	1.000000000000e-01	3.738204000000e-07	1.238263000000e-02	1.000000000000e-01
4.029401000000e-07	1.909035000000e-01	1.000000000000e-01	4.029401000000e-07	3.211608000000e-04	1.000000000000e-01	4.029401000000e-07	6.232110000000e-04	1.000000000000e-01	4.029401000000e-07	3.914019000000e-01	1.000000000000e-01	4.029401000000e-07	4.489365000000e-04	1.000000000000e-01	4.029401000000e-07	1.414184000000e-04	1.000000000000e-01	4.029401000000e-07	1.171459000000e-02	1.000000000000e-01
4.370351000000e-07	1.711108000000e-01	1.000000000000e-01	4.370351000000e-07	2.887808000000e-04	1.000000000000e-01	4.370351000000e-07	5.868408000000e-04	1.000000000000e-01	4.370351000000e-07	4.021075000000e-01	1.000000000000e-01	4.370351000000e-07	4.221719400000e-04	1.000000000000e-01	4.370351000000e-07	1.330166000000e-04	1.000000000000e-01	4.370351000000e-07	1.099887000000e-02	1.000000000000e-01
4.766768000000e-07	1.510178000000e-01	1.000000000000e-01	4.766768000000e-07	2.558571000000e-04	1.000000000000e-01	4.766768000000e-07	5.485227000000e-04	1.000000000000e-01	4.766768000000e-07	4.130059000000e-01	1.000000000000e-01	4.766768000000e-07	3.939842400000e-04	1.000000000000e-01	4.766768000000e-07	1.241652000000e-04	1.000000000000e-01	4.766768000000e-07	1.024474000000e-02	1.000000000000e-01
5.177051000000e-07	1.330150000000e-01	1.000000000000e-01	5.177051000000e-07	2.263106000000e-04	1.000000000000e-01	5.177051000000e-07	5.127343000000e-04	1.000000000000e-01	5.177051000000e-07	4.228024000000e-01	1.000000000000e-01	5.177051000000e-07	3.676649500000e-04	1.000000000000e-01	5.177051000000e-07	1.158977000000e-04	1.000000000000e-01	5.177051000000e-07	9.540117000000e-03	1.000000000000e-01
5.587335000000e-07	1.174052000000e-01	1.000000000000e-01	5.587335000000e-07	2.006492000000e-04	1.000000000000e-01	5.587335000000e-07	4.803307000000e-04	1.000000000000e-01	5.587335000000e-07	4.313267000000e-01	1.000000000000e-01	5.587335000000e-07	3.438408300000e-04	1.000000000000e-01	5.587335000000e-07	1.084113000000e-04	1.000000000000e-01	5.587335000000e-07	8.901793000000e-03	1.000000000000e-01
5.997618000000e-07	1.038208000000e-01	1.000000000000e-01	5.997618000000e-07	1.782788000000e-04	1.000000000000e-01	5.997618000000e-07	4.508553000000e-04	1.000000000000e-01	5.997618000000e-07	4.387730000000e-01	1.000000000000e-01	5.997618000000e-07	3.221755600000e-04	1.000000000000e-01	5.997618000000e-07	1.016009000000e-04	1.000000000000e-01	5.997618000000e-07	8.320816000000e-03	1.000000000000e-01
6.407901000000e-07	9.196113000000e-02	1.000000000000e-01	6.407901000000e-07	1.587129000000e-04	1.000000000000e-01	6.407901000000e-07	4.239330000000e-04	1.000000000000e-01	6.407901000000e-07	4.453000000000e-01	1.000000000000e-01	6.407901000000e-07	3.023936500000e-04	1.000000000000e-01	6.407901000000e-07	9.537984000000e-05	1.000000000000e-01	6.407901000000e-07	7.789853000000e-03	1.000000000000e-01
6.890035000000e-07	7.989575000000e-02	1.000000000000e-01	6.890035000000e-07	1.387654000000e-04	1.000000000000e-01	6.890035000000e-07	3.951414000000e-04	1.000000000000e-01	6.890035000000e-07	4.519709000000e-01	1.000000000000e-01	6.890035000000e-07	2.812476500000e-04	1.000000000000e-01	6.890035000000e-07	8.872645000000e-05	1.000000000000e-01	6.890035000000e-07	7.221676000000e-03	1.000000000000e-01
7.390131000000e-07	6.918448000000e-02	1.000000000000e-01	7.390131000000e-07	1.210120000000e-04	1.000000000000e-01	7.390131000000e-07	3.681063000000e-04	1.000000000000e-01	7.390131000000e-07	4.579256000000e-01	1.000000000000e-01	7.390131000000e-07	2.614037500000e-04	1.000000000000e-01	7.390131000000e-07	8.247879000000e-05	1.000000000000e-01	7.390131000000e-07	6.687822000000e-03	1.000000000000e-01
7.890226000000e-07	6.001509000000e-02	1.000000000000e-01	7.890226000000e-07	1.057721000000e-04	1.000000000000e-01	7.890226000000e-07	3.435777000000e-04	1.000000000000e-01	7.890226000000e-07	4.630534000000e-01	1.000000000000e-01	7.890226000000e-07	2.434134000000e-04	1.000000000000e-01	7.890226000000e-07	7.681053000000e-05	1.000000000000e-01	7.890226000000e-07	6.203174000000e-03	1.000000000000e-01
8.390322000000e-07	5.214404000000e-02	1.000000000000e-01	8.390322000000e-07	9.265117000000e-05	1.000000000000e-01	8.390322000000e-07	3.212435000000e-04	1.000000000000e-01	8.390322000000e-07	4.674832000000e-01	1.000000000000e-01	8.390322000000e-07	2.270477200000e-04	1.000000000000e-01	8.390322000000e-07	7.164975000000e-05	1.000000000000e-01	8.390322000000e-07	5.761643000000e-03	1.000000000000e-01
8.890418000000e-07	4.537123000000e-02	1.000000000000e-01	8.890418000000e-07	8.132482000000e-05	1.000000000000e-01	8.890418000000e-07	3.008438000000e-04	1.000000000000e-01	8.890418000000e-07	4.713208000000e-01	1.000000000000e-01	8.890418000000e-07	2.121159900000e-04	1.000000000000e-01	8.890418000000e-07	6.693666000000e-05	1.000000000000e-01	8.890418000000e-07	5.358161000000e-03	1.000000000000e-01
9.390514000000e-07	3.953112000000e-02	1.000000000000e-01	9.390514000000e-07	7.152471000000e-05	1.000000000000e-01	9.390514000000e-07	2.821606000000e-04	1.000000000000e-01	9.390514000000e-07	4.746538000000e-01	1.000000000000e-01	9.390514000000e-07	1.984584700000e-04	1.000000000000e-01	9.390514000000e-07	6.262102000000e-05	1.000000000000e-01	9.390514000000e-07	4.988473000000e-03	1.000000000000e-01
9.890610000000e-07	3.448582000000e-02	1.000000000000e-01	9.890610000000e-07	6.302728000000e-05	1.000000000000e-01	9.890610000000e-07	2.650091000000e-04	1.000000000000e-01	9.890610000000e-07	4.775553000000e-01	1.000000000000e-01	9.890610000000e-07	1.859395200000e-04	1.000000000000e-01	9.890610000000e-07	5.866026000000e-05	1.000000000000e-01	9.890610000000e-07	4.648966000000e-03	1.000000000000e-01
1.034070000000e-06	3.052881000000e-02	1.000000000000e-01	1.034070000000e-06	5.633799000000e-05	1.000000000000e-01	1.034070000000e-06	2.507511000000e-04	1.000000000000e-01	1.034070000000e-06	4.798485000000e-01	1.000000000000e-01	1.034070000000e-06	1.755497100000e-04	1.000000000000e-01	1.034070000000e-06	5.536877000000e-05	1.000000000000e-01	1.034070000000e-06	4.366653000000e-03	1.000000000000e-01
1.059074000000e-06	2.854145000000e-02	1.000000000000e-01	1.059074000000e-06	5.296862000000e-05	1.000000000000e-01	1.059074000000e-06	2.432732000000e-04	1.000000000000e-01	1.059074000000e-06	4.810072000000e-01	1.000000000000e-01	1.059074000000e-06	1.701079500000e-04	1.000000000000e-01	1.059074000000e-06	5.364300000000e-05	1.000000000000e-01	1.059074000000e-06	4.218563000000e-03	1.000000000000e-01
1.085489000000e-06	2.659037000000e-02	1.000000000000e-01	1.085489000000e-06	4.965349000000e-05	1.000000000000e-01	1.085489000000e-06	2.356960000000e-04	1.000000000000e-01	1.085489000000e-06	4.821499000000e-01	1.000000000000e-01	1.085489000000e-06	1.645998200000e-04	1.000000000000e-01	1.085489000000e-06	5.189468000000e-05	1.000000000000e-01	1.085489000000e-06	4.068485000000e-03	1.000000000000e-01
1.117540000000e-06	2.441097000000e-02	1.000000000000e-01	1.117540000000e-06	4.594087000000e-05	1.000000000000e-01	1.117540000000e-06	2.269218000000e-04	1.000000000000e-01	1.117540000000e-06	4.834331000000e-01	1.000000000000e-01	1.117540000000e-06	1.582300400000e-04	1.000000000000e-01	1.117540000000e-06	4.987082000000e-05	1.000000000000e-01	1.117540000000e-06	3.894684000000e-03	1.000000000000e-01
1.161250000000e-06	2.173903000000e-02	1.000000000000e-01	1.161250000000e-06	4.137339000000e-05	1.000000000000e-01	1.161250000000e-06	2.156515000000e-04	1.000000000000e-01	1.161250000000e-06	4.850174000000e-01	1.000000000000e-01	1.161250000000e-06	1.500630000000e-04	1.000000000000e-01	1.161250000000e-06	4.727227000000e-05	1.000000000000e-01	1.161250000000e-06	3.671409000000e-03	1.000000000000e-01
1.212732000000e-06	1.898379000000e-02	1.000000000000e-01	1.212732000000e-06	3.664189000000e-05	1.000000000000e-01	1.212732000000e-06	2.033265000000e-04	1.000000000000e-01	1.212732000000e-06	4.866665000000e-01	1.000000000000e-01	1.212732000000e-06	1.411547700000e-04	1.000000000000e-01	1.212732000000e-06	4.443230000000e-05	1.000000000000e-01	1.212732000000e-06	3.427218000000e-03	1.000000000000e-01
1.264214000000e-06	1.659562000000e-02	1.000000000000e-01	1.264214000000e-06	3.251911000000e-05	1.000000000000e-01	1.264214000000e-06	1.919400000000e-04	1.000000000000e-01	1.264214000000e-06	4.881111000000e-01	1.000000000000e-01	1.264214000000e-06	1.329502800000e-04	1.000000000000e-01	1.264214000000e-06	4.181056000000e-05	1.000000000000e-01	1.264214000000e-06	3.201607000000e-03	1.000000000000e-01
1.315697000000e-06	1.452337000000e-02	1.000000000000e-01	1.315697000000e-06	2.892172000000e-05	1.000000000000e-01	1.315697000000e-06	1.814089000000e-04	1.000000000000e-01	1.315697000000e-06	4.893788000000e-01	1.000000000000e-01	1.315697000000e-06	1.253886600000e-04	1.000000000000e-01	1.315697000000e-06	3.938791000000e-05	1.000000000000e-01	1.315697000000e-06	2.992946000000e-03	1.000000000000e-01
1.367179000000e-06	1.272340000000e-02	1.000000000000e-01	1.367179000000e-06	2.577856000000e-05	1.000000000000e-01	1.367179000000e-06	1.716597000000e-04	1.000000000000e-01	1.367179000000e-06	4.904930000000e-01	1.000000000000e-01	1.367179000000e-06	1.184153400000e-04	1.000000000000e-01	1.367179000000e-06	3.714733000000e-05	1.000000000000e-01	1.367179000000e-06	2.799787000000e-03	1.000000000000e-01
1.418661000000e-06	1.115841000000e-02	1.000000000000e-01	1.418661000000e-06	2.302870000000e-05	1.000000000000e-01	1.418661000000e-06	1.626267000000e-04	1.000000000000e-01	1.418661000000e-06	4.914739000000e-01	1.000000000000e-01	1.418661000000e-06	1.119819800000e-04	1.000000000000e-01	1.418661000000e-06	3.507364000000e-05	1.000000000000e-01	1.418661000000e-06	2.620834000000e-03	1.000000000000e-01
