Batch	m_SP	5	N1a_L	N7a_L	Nphln	Flvln	Azln							
4.849832e-11	0.9885482363	0.1	4.849832e-11	0.0101849943	0.1	4.849832e-11	4.768563e-06	0.1	4.849832e-11	0.0005269287	0.1	4.849832e-11	2.956187e-08	0.1
6.423891e-11	0.9848590835000001	0.1	6.423891e-11	0.0134847349	0.1	6.423891e-11	7.636058e-06	0.1	6.423891e-11	0.0006966118	0.1	6.423891e-11	3.908474e-08	0.1
8.413693e-11	0.9802151000999999	0.1	8.413693e-11	0.0176376762	0.1	8.413693e-11	1.215375e-05	0.1	8.413693e-11	0.0009101642	0.1	8.413693e-11	5.106984e-08	0.1
1.068066e-10	0.9749512512	0.1	1.068066e-10	0.022344107399999997	0.1	1.068066e-10	1.848625e-05	0.1	1.068066e-10	0.00115217	0.1	1.068066e-10	6.465204e-08	0.1
1.294762e-10	0.9697160785000001	0.1	1.294762e-10	0.0270238882	0.1	1.294762e-10	2.604714e-05	0.1	1.294762e-10	0.0013928	0.1	1.294762e-10	7.815716e-08	0.1
1.521458e-10	0.9645094341	0.1	1.521458e-10	0.0316770863	0.1	1.521458e-10	3.480138e-05	0.1	1.521458e-10	0.001632057	0.1	1.521458e-10	9.158533e-08	0.1
1.748154e-10	0.9593313135	0.1	1.748154e-10	0.036303793099999995	0.1	1.748154e-10	4.471474e-05	0.1	1.748154e-10	0.001869946	0.1	1.748154e-10	1.049368e-07	0.1
1.974851e-10	0.9541818294	0.1	1.974851e-10	0.0409041035	0.1	1.974851e-10	5.57538e-05	0.1	1.974851e-10	0.002106473	0.1	1.974851e-10	1.182119e-07	0.1
2.239882e-10	0.9481973778	0.1	2.239882e-10	0.046249068399999996	0.1	2.239882e-10	7.004322e-05	0.1	2.239882e-10	0.00238128	0.1	2.239882e-10	1.336355e-07	0.1
2.514497e-10	0.9420370079	0.1	2.514497e-10	0.0517497026	0.1	2.514497e-10	8.637111e-05	0.1	2.514497e-10	0.002664084	0.1	2.514497e-10	1.495079e-07	0.1
2.800138e-10	0.9356729927	0.1	2.800138e-10	0.05743085109999999	0.1	2.800138e-10	0.0001049394	0.1	2.800138e-10	0.002956161	0.1	2.800138e-10	1.65901e-07	0.1
3.12988e-10	0.9283814455999999	0.1	3.12988e-10	0.063938402	0.1	3.12988e-10	0.0001283068	0.1	3.12988e-10	0.003290718	0.1	3.12988e-10	1.846781e-07	0.1
3.459622e-10	0.9211481894	0.1	3.459622e-10	0.07039205800000001	0.1	3.459622e-10	0.0001536595	0.1	3.459622e-10	0.003622493	0.1	3.459622e-10	2.032993e-07	0.1
3.859098e-10	0.9124628983999999	0.1	3.859098e-10	0.078138985	0.1	3.859098e-10	0.0001869095	0.1	3.859098e-10	0.004020743	0.1	3.859098e-10	2.256514e-07	0.1
4.258574e-10	0.9038619304	0.1	4.258574e-10	0.08580832999999999	0.1	4.258574e-10	0.000222799	0.1	4.258574e-10	0.004414994	0.1	4.258574e-10	2.477791e-07	0.1
4.749041e-10	0.8934159652999999	0.1	4.749041e-10	0.09511973799999998	0.1	4.749041e-10	0.0002702655	0.1	4.749041e-10	0.00489364	0.1	4.749041e-10	2.746436e-07	0.1
5.262649e-10	0.8826101645	0.1	5.262649e-10	0.10474819099999999	0.1	5.262649e-10	0.0003237364	0.1	5.262649e-10	0.005388565	0.1	5.262649e-10	3.024218e-07	0.1
5.868823e-10	0.8700299552999999	0.1	5.868823e-10	0.11595329700000001	0.1	5.868823e-10	0.0003914354	0.1	5.868823e-10	0.005964512	0.1	5.868823e-10	3.347476e-07	0.1
6.587358e-10	0.8553570178000001	0.1	6.587358e-10	0.129016681	0.1	6.587358e-10	0.000477574	0.1	6.587358e-10	0.006635946	0.1	6.587358e-10	3.724328e-07	0.1
7.417212e-10	0.8387278862	0.1	7.417212e-10	0.143814303	0.1	7.417212e-10	0.0005842034	0.1	7.417212e-10	0.00739648	0.1	7.417212e-10	4.151191e-07	0.1
8.371907e-10	0.8200088394999999	0.1	8.371907e-10	0.16046278900000002	0.1	8.371907e-10	0.0007152071	0.1	8.371907e-10	0.008252091	0.1	8.371907e-10	4.631418e-07	0.1
9.677396e-10	0.7951068283999999	0.1	9.677396e-10	0.18259625899999998	0.1	9.677396e-10	0.0009065796	0.1	9.677396e-10	0.009389528	0.1	9.677396e-10	5.269828e-07	0.1
1.126257e-09	0.7659156969	0.1	1.126257e-09	0.208523077	0.1	1.126257e-09	0.001154207	0.1	1.126257e-09	0.0107218	0.1	1.126257e-09	6.017599e-07	0.1
1.303419e-09	0.7345967313999999	0.1	1.303419e-09	0.23631878	0.1	1.303419e-09	0.001445725	0.1	1.303419e-09	0.01215001	0.1	1.303419e-09	6.819215e-07	0.1
1.480581e-09	0.7045983345	0.1	1.480581e-09	0.262923627	0.1	1.480581e-09	0.001747948	0.1	1.480581e-09	0.01351693	0.1	1.480581e-09	7.586441e-07	0.1
1.657744e-09	0.6758632376000001	0.1	1.657744e-09	0.288392629	0.1	1.657744e-09	0.002056726	0.1	1.657744e-09	0.01482541	0.1	1.657744e-09	8.320866e-07	0.1
1.834906e-09	0.6483362940999999	0.1	1.834906e-09	0.312777413	0.1	1.834906e-09	0.002368694	0.1	1.834906e-09	0.01607812	0.1	1.834906e-09	9.023996e-07	0.1
2.034087e-09	0.6187656171	0.1	2.034087e-09	0.33895978	0.1	2.034087e-09	0.00271988	0.1	2.034087e-09	0.01742311	0.1	2.034087e-09	9.778921e-07	0.1
2.247948e-09	0.5885603195	0.1	2.247948e-09	0.365691333	0.1	2.247948e-09	0.003094146	0.1	2.247948e-09	0.01879625	0.1	2.247948e-09	1.054965e-06	0.1
2.461809e-09	0.5598728961	0.1	2.461809e-09	0.391068986	0.1	2.461809e-09	0.003462687	0.1	2.461809e-09	0.02009978	0.1	2.461809e-09	1.128131e-06	0.1
2.67567e-09	0.532623741	0.1	2.67567e-09	0.41516555099999997	0.1	2.67567e-09	0.003823335	0.1	2.67567e-09	0.02133747	0.1	2.67567e-09	1.197602e-06	0.1
2.889531e-09	0.5067379406	0.1	2.889531e-09	0.43804964	0.1	2.889531e-09	0.004174509	0.1	2.889531e-09	0.02251284	0.1	2.889531e-09	1.263575e-06	0.1
3.129086e-09	0.4792729556	0.1	3.129086e-09	0.46232305500000004	0.1	3.129086e-09	0.004555259	0.1	3.129086e-09	0.02375954	0.1	3.129086e-09	1.333551e-06	0.1
3.385771e-09	0.451536654	0.1	3.385771e-09	0.486830303	0.1	3.385771e-09	0.004947329	0.1	3.385771e-09	0.02501822	0.1	3.385771e-09	1.4042e-06	0.1
3.642456e-09	0.42544511809999996	0.1	3.642456e-09	0.509879195	0.1	3.642456e-09	0.005322248	0.1	3.642456e-09	0.02620196	0.1	3.642456e-09	1.470644e-06	0.1
3.899141e-09	0.40089690339999995	0.1	3.899141e-09	0.531560798	0.1	3.899141e-09	0.005679728	0.1	3.899141e-09	0.02731548	0.1	3.899141e-09	1.533146e-06	0.1
4.166289e-09	0.376884852	0.1	4.166289e-09	0.552765816	0.1	4.166289e-09	0.00603329	0.1	4.166289e-09	0.02840449	0.1	4.166289e-09	1.594272e-06	0.1
4.475287e-09	0.35093708009999997	0.1	4.475287e-09	0.575677089	0.1	4.475287e-09	0.006419109	0.1	4.475287e-09	0.02958112	0.1	4.475287e-09	1.660316e-06	0.1
4.784286e-09	0.32681137	0.1	4.784286e-09	0.596977191	0.1	4.784286e-09	0.006780848	0.1	4.784286e-09	0.03067499	0.1	4.784286e-09	1.721715e-06	0.1
5.093284e-09	0.30437518390000007	0.1	5.093284e-09	0.6167837899999999	0.1	5.093284e-09	0.007119475	0.1	5.093284e-09	0.03169215	0.1	5.093284e-09	1.778809e-06	0.1
5.427888e-09	0.2818436566	0.1	5.427888e-09	0.63667308	0.1	5.427888e-09	0.007461373	0.1	5.427888e-09	0.03271355	0.1	5.427888e-09	1.83614e-06	0.1
5.800902e-09	0.2587176711	0.1	5.800902e-09	0.6570858199999999	0.1	5.800902e-09	0.007813895	0.1	5.800902e-09	0.03376183	0.1	5.800902e-09	1.89498e-06	0.1
6.173916e-09	0.2375174621	0.1	6.173916e-09	0.6757977000000001	0.1	6.173916e-09	0.008138249	0.1	6.173916e-09	0.03472276	0.1	6.173916e-09	1.948917e-06	0.1
6.562212e-09	0.21731708751	0.1	6.562212e-09	0.6936263899999999	0.1	6.562212e-09	0.008448175	0.1	6.562212e-09	0.03563832	0.1	6.562212e-09	2.000308e-06	0.1
7.011638e-09	0.19609825051000002	0.1	7.011638e-09	0.7123534200000001	0.1	7.011638e-09	0.00877447	0.1	7.011638e-09	0.03660002	0.1	7.011638e-09	2.054289e-06	0.1
7.461064e-09	0.17697433354	0.1	7.461064e-09	0.72923109	0.1	7.461064e-09	0.009069072	0.1	7.461064e-09	0.03746674	0.1	7.461064e-09	2.102938e-06	0.1
7.91049e-09	0.15973443489	0.1	7.91049e-09	0.7444458399999999	0.1	7.91049e-09	0.009334989	0.1	7.91049e-09	0.03824807	0.1	7.91049e-09	2.146794e-06	0.1
8.434775e-09	0.14175251398	0.1	8.434775e-09	0.7603151300000001	0.1	8.434775e-09	0.009612616	0.1	8.434775e-09	0.039063	0.1	8.434775e-09	2.192537e-06	0.1
8.977774e-09	0.1252767873	0.1	8.977774e-09	0.77485508	0.1	8.977774e-09	0.009867173	0.1	8.977774e-09	0.03980967	0.1	8.977774e-09	2.234448e-06	0.1
9.520773e-09	0.11072953832	0.1	9.520773e-09	0.78769294	0.1	9.520773e-09	0.01009204	0.1	9.520773e-09	0.04046894	0.1	9.520773e-09	2.271452e-06	0.1
1.006377e-08	0.09788210568999998	0.1	1.006377e-08	0.7990307999999999	0.1	1.006377e-08	0.01029071	0.1	1.006377e-08	0.04105117	0.1	1.006377e-08	2.304133e-06	0.1
1.060677e-08	0.08653354315	0.1	1.060677e-08	0.8090458199999999	0.1	1.060677e-08	0.01046623	0.1	1.060677e-08	0.04156547	0.1	1.060677e-08	2.333001e-06	0.1
1.114977e-08	0.07650720694	0.1	1.114977e-08	0.817894	0.1	1.114977e-08	0.01062132	0.1	1.114977e-08	0.04201985	0.1	1.114977e-08	2.358506e-06	0.1
1.169277e-08	0.06764761554000001	0.1	1.169277e-08	0.82571246	0.1	1.169277e-08	0.01075838	0.1	1.169277e-08	0.04242135	0.1	1.169277e-08	2.381042e-06	0.1
1.223577e-08	0.059817910499999995	0.1	1.223577e-08	0.8326221	0.1	1.223577e-08	0.01087952	0.1	1.223577e-08	0.04277618	0.1	1.223577e-08	2.400959e-06	0.1
1.277877e-08	0.05289751545	0.1	1.277877e-08	0.8387293100000001	0.1	1.277877e-08	0.01098659	0.1	1.277877e-08	0.0430898	0.1	1.277877e-08	2.418563e-06	0.1
1.332177e-08	0.046780160210000005	0.1	1.332177e-08	0.8441277699999999	0.1	1.332177e-08	0.01108124	0.1	1.332177e-08	0.04336703	0.1	1.332177e-08	2.434124e-06	0.1
1.386477e-08	0.04137212508	0.1	1.386477e-08	0.8489003399999999	0.1	1.386477e-08	0.01116491	0.1	1.386477e-08	0.04361211	0.1	1.386477e-08	2.44788e-06	0.1
1.440777e-08	0.03659076217	0.1	1.440777e-08	0.8531197599999999	0.1	1.440777e-08	0.01123889	0.1	1.440777e-08	0.0438288	0.1	1.440777e-08	2.460043e-06	0.1
1.495076e-08	0.032363120780000004	0.1	1.495076e-08	0.8568506	0.1	1.495076e-08	0.01130431	0.1	1.495076e-08	0.04402039	0.1	1.495076e-08	2.470797e-06	0.1
1.549376e-08	0.028624838959999996	0.1	1.549376e-08	0.8601497100000001	0.1	1.549376e-08	0.01136215	0.1	1.549376e-08	0.0441898	0.1	1.549376e-08	2.480306e-06	0.1
1.603676e-08	0.02531907201	0.1	1.603676e-08	0.86306694	0.1	1.603676e-08	0.0114133	0.1	1.603676e-08	0.04433961	0.1	1.603676e-08	2.488715e-06	0.1
1.657976e-08	0.022395627136	0.1	1.657976e-08	0.86564692	0.1	1.657976e-08	0.01145853	0.1	1.657976e-08	0.0444721	0.1	1.657976e-08	2.496151e-06	0.1
1.712276e-08	0.019810162071	0.1	1.712276e-08	0.86792841	0.1	1.712276e-08	0.01149854	0.1	1.712276e-08	0.04458927	0.1	1.712276e-08	2.502728e-06	0.1
1.766576e-08	0.017523511805	0.1	1.766576e-08	0.8699464799999999	0.1	1.766576e-08	0.01153392	0.1	1.766576e-08	0.04469289	0.1	1.766576e-08	2.508545e-06	0.1
1.82307e-08	0.015424452021	0.1	1.82307e-08	0.87179878	0.1	1.82307e-08	0.0115664	0.1	1.82307e-08	0.04478802	0.1	1.82307e-08	2.513884e-06	0.1
1.888341e-08	0.013310611817999998	0.1	1.888341e-08	0.8736641999999999	0.1	1.888341e-08	0.01159911	0.1	1.888341e-08	0.04488382	0.1	1.888341e-08	2.519261e-06	0.1
1.953613e-08	0.011486676543999999	0.1	1.953613e-08	0.87527384	0.1	1.953613e-08	0.01162733	0.1	1.953613e-08	0.04496647	0.1	1.953613e-08	2.523901e-06	0.1
