Batch	m_SP	13	W5	W1	W2	W3	W4	W6	R	P1	P2	P3	P4	P5	P6																							
4.239699e-11	0.9883094	0.1	4.239699e-11	0.0007871134	0.1	4.239699e-11	7.46435e-10	0.1	4.239699e-11	4.542476e-10	0.1	4.239699e-11	0.01090173	0.1	4.239699e-11	2.416292e-07	0.1	4.239699e-11	8.484175e-08	0.1	4.239699e-11	1.149728e-07	0.1	4.239699e-11	4.623977e-07	0.1	4.239699e-11	9.457499e-08	0.1	4.239699e-11	8.565952e-13	0.1	4.239699e-11	2.179452e-08	0.1	4.239699e-11	8.608329e-14	0.1
7.574262e-11	0.9793488	0.1	7.574262e-11	0.001397985	0.1	7.574262e-11	1.333853e-09	0.1	7.574262e-11	8.12362e-10	0.1	7.574262e-11	0.01925002	0.1	7.574262e-11	4.32214e-07	0.1	7.574262e-11	1.516374e-07	0.1	7.574262e-11	2.055084e-07	0.1	7.574262e-11	8.26454e-07	0.1	7.574262e-11	1.690007e-07	0.1	7.574262e-11	1.530572e-12	0.1	7.574262e-11	3.893968e-08	0.1	7.574262e-11	1.538135e-13	0.1
1.201468e-10	0.9677281	0.1	1.201468e-10	0.002199888	0.1	1.201468e-10	2.116526e-09	0.1	1.201468e-10	1.290396e-09	0.1	1.201468e-10	0.0300669	0.1	1.201468e-10	6.867274e-07	0.1	1.201468e-10	2.406755e-07	0.1	1.201468e-10	3.262168e-07	0.1	1.201468e-10	1.311749e-06	0.1	1.201468e-10	2.681646e-07	0.1	1.201468e-10	2.428433e-12	0.1	1.201468e-10	6.177575e-08	0.1	1.201468e-10	2.440401e-13	0.1
1.799423e-10	0.9526244	0.1	1.799423e-10	0.003258298	0.1	1.799423e-10	3.171255e-09	0.1	1.799423e-10	1.936219e-09	0.1	1.799423e-10	0.04410966	0.1	1.799423e-10	1.030736e-06	0.1	1.799423e-10	3.60738e-07	0.1	1.799423e-10	4.890326e-07	0.1	1.799423e-10	1.96615e-06	0.1	1.799423e-10	4.018011e-07	0.1	1.799423e-10	3.638216e-12	0.1	1.799423e-10	9.253655e-08	0.1	1.799423e-10	3.656054e-13	0.1
2.716742e-10	0.9306166	0.1	2.716742e-10	0.004832672	0.1	2.716742e-10	4.790891e-09	0.1	2.716742e-10	2.931649e-09	0.1	2.716742e-10	0.06453915	0.1	2.716742e-10	1.561225e-06	0.1	2.716742e-10	5.452808e-07	0.1	2.716742e-10	7.394035e-07	0.1	2.716742e-10	2.971993e-06	0.1	2.716742e-10	6.070303e-07	0.1	2.716742e-10	5.495811e-12	0.1	2.716742e-10	1.397478e-07	0.1	2.716742e-10	5.522446e-13	0.1
3.757715e-10	0.9072513	0.1	3.757715e-10	0.006545002	0.1	3.757715e-10	6.630921e-09	0.1	3.757715e-10	4.068124e-09	0.1	3.757715e-10	0.08618765	0.1	3.757715e-10	2.167069e-06	0.1	3.757715e-10	7.552089e-07	0.1	3.757715e-10	1.024394e-06	0.1	3.757715e-10	4.116124e-06	0.1	3.757715e-10	8.402325e-07	0.1	3.757715e-10	7.606428e-12	0.1	3.757715e-10	1.933546e-07	0.1	3.757715e-10	7.642611e-13	0.1
4.881125e-10	0.8838252	0.1	4.881125e-10	0.008302926	0.1	4.881125e-10	8.618759e-09	0.1	4.881125e-10	5.302772e-09	0.1	4.881125e-10	0.107851	0.1	4.881125e-10	2.825221e-06	0.1	4.881125e-10	9.82348e-07	0.1	4.881125e-10	1.332984e-06	0.1	4.881125e-10	5.353887e-06	0.1	4.881125e-10	1.092249e-06	0.1	4.881125e-10	9.887501e-12	0.1	4.881125e-10	2.512438e-07	0.1	4.881125e-10	9.933292e-13	0.1
6.004535e-10	0.8621231	0.1	6.004535e-10	0.009967224	0.1	6.004535e-10	1.060835e-08	0.1	6.004535e-10	6.545871e-09	0.1	6.004535e-10	0.127884	0.1	6.004535e-10	3.487598e-06	0.1	6.004535e-10	1.210071e-06	0.1	6.004535e-10	1.642629e-06	0.1	6.004535e-10	6.59457e-06	0.1	6.004535e-10	1.344598e-06	0.1	6.004535e-10	1.217217e-11	0.1	6.004535e-10	3.091703e-07	0.1	6.004535e-10	1.222666e-12	0.1
7.127945e-10	0.8420177	0.1	7.127945e-10	0.01153886	0.1	7.127945e-10	1.259928e-08	0.1	7.127945e-10	7.797374e-09	0.1	7.127945e-10	0.1464129	0.1	7.127945e-10	4.153935e-06	0.1	7.127945e-10	1.438351e-06	0.1	7.127945e-10	1.953315e-06	0.1	7.127945e-10	7.837937e-06	0.1	7.127945e-10	1.597252e-06	0.1	7.127945e-10	1.446057e-11	0.1	7.127945e-10	3.671319e-07	0.1	7.127945e-10	1.452264e-12	0.1
8.438522e-10	0.8204242	0.1	8.438522e-10	0.0132578	0.1	8.438522e-10	1.492303e-08	0.1	8.438522e-10	9.26793e-09	0.1	8.438522e-10	0.1662818	0.1	8.438522e-10	4.935961e-06	0.1	8.438522e-10	1.705331e-06	0.1	8.438522e-10	2.317057e-06	0.1	8.438522e-10	9.291533e-06	0.1	8.438522e-10	1.89234e-06	0.1	8.438522e-10	1.713505e-11	0.1	8.438522e-10	4.347908e-07	0.1	8.438522e-10	1.720434e-12	0.1
9.79589e-10	0.7999989	0.1	9.79589e-10	0.01491231	0.1	9.79589e-10	1.733037e-08	0.1	9.79589e-10	1.080285e-08	0.1	9.79589e-10	0.1850467	0.1	9.79589e-10	5.750834e-06	0.1	9.79589e-10	1.982556e-06	0.1	9.79589e-10	2.695229e-06	0.1	9.79589e-10	1.080014e-05	0.1	9.79589e-10	2.198298e-06	0.1	9.79589e-10	1.991061e-11	0.1	9.79589e-10	5.049058e-07	0.1	9.79589e-10	1.998522e-12	0.1
1.115326e-09	0.7813744	0.1	1.115326e-09	0.01644433	0.1	1.115326e-09	1.973766e-08	0.1	1.115326e-09	1.234971e-08	0.1	1.115326e-09	0.2021332	0.1	1.115326e-09	6.570339e-06	0.1	1.115326e-09	2.260457e-06	0.1	1.115326e-09	3.07484e-06	0.1	1.115326e-09	1.23115e-05	0.1	1.115326e-09	2.504537e-06	0.1	1.115326e-09	2.269193e-11	0.1	1.115326e-09	5.750554e-07	0.1	1.115326e-09	2.276937e-12	0.1
1.251063e-09	0.7643917	0.1	1.251063e-09	0.01786006	0.1	1.251063e-09	2.214425e-08	0.1	1.251063e-09	1.390839e-08	0.1	1.251063e-09	0.2176942	0.1	1.251063e-09	7.39412e-06	0.1	1.251063e-09	2.538988e-06	0.1	1.251063e-09	3.455862e-06	0.1	1.251063e-09	1.382522e-05	0.1	1.251063e-09	2.810997e-06	0.1	1.251063e-09	2.547907e-11	0.1	1.251063e-09	6.452325e-07	0.1	1.251063e-09	2.555655e-12	0.1
1.413999e-09	0.7459712	0.1	1.413999e-09	0.01941515	0.1	1.413999e-09	2.503128e-08	0.1	1.413999e-09	1.57948e-08	0.1	1.413999e-09	0.2345526	0.1	1.413999e-09	8.388162e-06	0.1	1.413999e-09	2.874097e-06	0.1	1.413999e-09	3.915059e-06	0.1	1.413999e-09	1.564482e-05	0.1	1.413999e-09	3.179071e-06	0.1	1.413999e-09	2.883245e-11	0.1	1.413999e-09	7.294974e-07	0.1	1.413999e-09	2.890586e-12	0.1
1.576935e-09	0.7294818	0.1	1.576935e-09	0.02082374	0.1	1.576935e-09	2.791541e-08	0.1	1.576935e-09	1.769781e-08	0.1	1.576935e-09	0.2496262	0.1	1.576935e-09	9.387379e-06	0.1	1.576935e-09	3.209971e-06	0.1	1.576935e-09	4.376211e-06	0.1	1.576935e-09	1.746658e-05	0.1	1.576935e-09	3.547273e-06	0.1	1.576935e-09	3.219434e-11	0.1	1.576935e-09	8.137779e-07	0.1	1.576935e-09	3.225871e-12	0.1
1.739871e-09	0.7147209	0.1	1.739871e-09	0.02209735	0.1	1.739871e-09	3.079573e-08	0.1	1.739871e-09	1.961721e-08	0.1	1.739871e-09	0.2631064	0.1	1.739871e-09	1.039131e-05	0.1	1.739871e-09	3.546538e-06	0.1	1.739871e-09	4.839283e-06	0.1	1.739871e-09	1.928989e-05	0.1	1.739871e-09	3.915502e-06	0.1	1.739871e-09	3.556479e-11	0.1	1.739871e-09	8.980604e-07	0.1	1.739871e-09	3.561465e-12	0.1
1.916381e-09	0.7004709	0.1	1.916381e-09	0.02333775	0.1	1.916381e-09	3.391074e-08	0.1	1.916381e-09	2.171475e-08	0.1	1.916381e-09	0.2761082	0.1	1.916381e-09	1.148371e-05	0.1	1.916381e-09	3.91185e-06	0.1	1.916381e-09	5.343063e-06	0.1	1.916381e-09	2.126614e-05	0.1	1.916381e-09	4.314323e-06	0.1	1.916381e-09	3.922578e-11	0.1	1.916381e-09	9.893513e-07	0.1	1.916381e-09	3.925316e-12	0.1
2.113253e-09	0.6864686	0.1	2.113253e-09	0.0245665	0.1	2.113253e-09	3.737746e-08	0.1	2.113253e-09	2.407635e-08	0.1	2.113253e-09	0.288873	0.1	2.113253e-09	1.270751e-05	0.1	2.113253e-09	4.320077e-06	0.1	2.113253e-09	5.907537e-06	0.1	2.113253e-09	2.347078e-05	0.1	2.113253e-09	4.758903e-06	0.1	2.113253e-09	4.332113e-11	0.1	2.113253e-09	1.091137e-06	0.1	2.113253e-09	4.331441e-12	0.1
2.310124e-09	0.6742193	0.1	2.310124e-09	0.02564906	0.1	2.310124e-09	4.0835e-08	0.1	2.310124e-09	2.646094e-08	0.1	2.310124e-09	0.3000311	0.1	2.310124e-09	1.393643e-05	0.1	2.310124e-09	4.729025e-06	0.1	2.310124e-09	6.474704e-06	0.1	2.310124e-09	2.567495e-05	0.1	2.310124e-09	5.203066e-06	0.1	2.310124e-09	4.742936e-11	0.1	2.310124e-09	1.192863e-06	0.1	2.310124e-09	4.737816e-12	0.1
2.506996e-09	0.6635034	0.1	2.506996e-09	0.02660165	0.1	2.506996e-09	4.428231e-08	0.1	2.506996e-09	2.886823e-08	0.1	2.506996e-09	0.3097857	0.1	2.506996e-09	1.516999e-05	0.1	2.506996e-09	5.138607e-06	0.1	2.506996e-09	7.044545e-06	0.1	2.506996e-09	2.787776e-05	0.1	2.506996e-09	5.646658e-06	0.1	2.506996e-09	5.155066e-11	0.1	2.506996e-09	1.294508e-06	0.1	2.506996e-09	5.144375e-12	0.1
2.745159e-09	0.6523166	0.1	2.745159e-09	0.02760128	0.1	2.745159e-09	4.843769e-08	0.1	2.745159e-09	3.181044e-08	0.1	2.745159e-09	0.3199624	0.1	2.745159e-09	1.666788e-05	0.1	2.745159e-09	5.634831e-06	0.1	2.745159e-09	7.737474e-06	0.1	2.745159e-09	3.053958e-05	0.1	2.745159e-09	6.182318e-06	0.1	2.745159e-09	5.655419e-11	0.1	2.745159e-09	1.417334e-06	0.1	2.745159e-09	5.636366e-12	0.1
2.983323e-09	0.6428004	0.1	2.983323e-09	0.02845552	0.1	2.983323e-09	5.257535e-08	0.1	2.983323e-09	3.478512e-08	0.1	2.983323e-09	0.3286137	0.1	2.983323e-09	1.817132e-05	0.1	2.983323e-09	6.131746e-06	0.1	2.983323e-09	8.434316e-06	0.1	2.983323e-09	3.31968e-05	0.1	2.983323e-09	6.71668e-06	0.1	2.983323e-09	6.157767e-11	0.1	2.983323e-09	1.539975e-06	0.1	2.983323e-09	6.128435e-12	0.1
3.221487e-09	0.6347053	0.1	3.221487e-09	0.02918481	0.1	3.221487e-09	5.669409e-08	0.1	3.221487e-09	3.779193e-08	0.1	3.221487e-09	0.335969	0.1	3.221487e-09	1.967979e-05	0.1	3.221487e-09	6.629244e-06	0.1	3.221487e-09	9.135098e-06	0.1	3.221487e-09	3.584815e-05	0.1	3.221487e-09	7.249513e-06	0.1	3.221487e-09	6.662167e-11	0.1	3.221487e-09	1.662398e-06	0.1	3.221487e-09	6.620489e-12	0.1
3.459651e-09	0.6278188	0.1	3.459651e-09	0.02980694	0.1	3.459651e-09	6.079293e-08	0.1	3.459651e-09	4.083059e-08	0.1	3.459651e-09	0.3422229	0.1	3.459651e-09	2.119289e-05	0.1	3.459651e-09	7.127234e-06	0.1	3.459651e-09	9.839861e-06	0.1	3.459651e-09	3.849243e-05	0.1	3.459651e-09	7.780593e-06	0.1	3.459651e-09	7.168681e-11	0.1	3.459651e-09	1.78457e-06	0.1	3.459651e-09	7.112445e-12	0.1
3.726602e-09	0.6213143	0.1	3.726602e-09	0.03039589	0.1	3.726602e-09	6.536252e-08	0.1	3.726602e-09	4.427409e-08	0.1	3.726602e-09	0.3481267	0.1	3.726602e-09	2.289396e-05	0.1	3.726602e-09	7.685903e-06	0.1	3.726602e-09	1.063461e-05	0.1	3.726602e-09	4.144654e-05	0.1	3.726602e-09	8.373527e-06	0.1	3.726602e-09	7.739014e-11	0.1	3.726602e-09	1.921174e-06	0.1	3.726602e-09	7.663651e-12	0.1
4.012745e-09	0.6155341	0.1	4.012745e-09	0.03092019	0.1	4.012745e-09	7.023063e-08	0.1	4.012745e-09	4.80089e-08	0.1	4.012745e-09	0.35337	0.1	4.012745e-09	2.47229e-05	0.1	4.012745e-09	8.285202e-06	0.1	4.012745e-09	1.149224e-05	0.1	4.012745e-09	4.459993e-05	0.1	4.012745e-09	9.006036e-06	0.1	4.012745e-09	8.353509e-11	0.1	4.012745e-09	2.06716e-06	0.1	4.012745e-09	8.254126e-12	0.1
4.298887e-09	0.6107739	0.1	4.298887e-09	0.03135252	0.1	4.298887e-09	7.506679e-08	0.1	4.298887e-09	5.178871e-08	0.1	4.298887e-09	0.3576853	0.1	4.298887e-09	2.655729e-05	0.1	4.298887e-09	8.884888e-06	0.1	4.298887e-09	1.235595e-05	0.1	4.298887e-09	4.773814e-05	0.1	4.298887e-09	9.635074e-06	0.1	4.298887e-09	8.971404e-11	0.1	4.298887e-09	2.212647e-06	0.1	4.298887e-09	8.84412e-12	0.1
4.585029e-09	0.6068535	0.1	4.585029e-09	0.03170885	0.1	4.585029e-09	7.98703e-08	0.1	4.585029e-09	5.561328e-08	0.1	4.585029e-09	0.3612368	0.1	4.585029e-09	2.839691e-05	0.1	4.585029e-09	9.484877e-06	0.1	4.585029e-09	1.322588e-05	0.1	4.585029e-09	5.08596e-05	0.1	4.585029e-09	1.026033e-05	0.1	4.585029e-09	9.592836e-11	0.1	4.585029e-09	2.357589e-06	0.1	4.585029e-09	9.433533e-12	0.1
4.871172e-09	0.6036244	0.1	4.871172e-09	0.03200244	0.1	4.871172e-09	8.46406e-08	0.1	4.871172e-09	5.94824e-08	0.1	4.871172e-09	0.3641597	0.1	4.871172e-09	3.024162e-05	0.1	4.871172e-09	1.00851e-05	0.1	4.871172e-09	1.410221e-05	0.1	4.871172e-09	5.396285e-05	0.1	4.871172e-09	1.088153e-05	0.1	4.871172e-09	1.021795e-10	0.1	4.871172e-09	2.501945e-06	0.1	4.871172e-09	1.002227e-11	0.1
5.157314e-09	0.6009646	0.1	5.157314e-09	0.03224428	0.1	5.157314e-09	8.937731e-08	0.1	5.157314e-09	6.339593e-08	0.1	5.157314e-09	0.3665651	0.1	5.157314e-09	3.209132e-05	0.1	5.157314e-09	1.06855e-05	0.1	5.157314e-09	1.49851e-05	0.1	5.157314e-09	5.704653e-05	0.1	5.157314e-09	1.149839e-05	0.1	5.157314e-09	1.084688e-10	0.1	5.157314e-09	2.645673e-06	0.1	5.157314e-09	1.061025e-11	0.1
5.466948e-09	0.5986118	0.1	5.466948e-09	0.03245812	0.1	5.466948e-09	9.446472e-08	0.1	5.466948e-09	6.768063e-08	0.1	5.466948e-09	0.3686906	0.1	5.466948e-09	3.409849e-05	0.1	5.466948e-09	1.133534e-05	0.1	5.466948e-09	1.594806e-05	0.1	5.466948e-09	6.035982e-05	0.1	5.466948e-09	1.21607e-05	0.1	5.466948e-09	1.153193e-10	0.1	5.466948e-09	2.800448e-06	0.1	5.466948e-09	1.124554e-11	0.1
5.81182e-09	0.596511	0.1	5.81182e-09	0.03264889	0.1	5.81182e-09	1.000841e-07	0.1	5.81182e-09	7.251381e-08	0.1	5.81182e-09	0.3705857	0.1	5.81182e-09	3.634097e-05	0.1	5.81182e-09	1.205924e-05	0.1	5.81182e-09	1.703018e-05	0.1	5.81182e-09	6.401955e-05	0.1	5.81182e-09	1.289168e-05	0.1	5.81182e-09	1.230062e-10	0.1	5.81182e-09	2.971863e-06	0.1	5.81182e-09	1.195186e-11	0.1
6.156692e-09	0.5948472	0.1	6.156692e-09	0.03279977	0.1	6.156692e-09	1.056539e-07	0.1	6.156692e-09	7.741096e-08	0.1	6.156692e-09	0.3720837	0.1	6.156692e-09	3.859078e-05	0.1	6.156692e-09	1.27832e-05	0.1	6.156692e-09	1.812268e-05	0.1	6.156692e-09	6.764509e-05	0.1	6.156692e-09	1.36152e-05	0.1	6.156692e-09	1.307556e-10	0.1	6.156692e-09	3.142189e-06	0.1	6.156692e-09	1.265671e-11	0.1
6.501565e-09	0.5935291	0.1	6.501565e-09	0.03291907	0.1	6.501565e-09	1.111741e-07	0.1	6.501565e-09	8.237197e-08	0.1	6.501565e-09	0.3732675	0.1	6.501565e-09	4.084806e-05	0.1	6.501565e-09	1.350718e-05	0.1	6.501565e-09	1.922588e-05	0.1	6.501565e-09	7.123458e-05	0.1	6.501565e-09	1.433088e-05	0.1	6.501565e-09	1.385698e-10	0.1	6.501565e-09	3.311371e-06	0.1	6.501565e-09	1.335998e-11	0.1
6.846437e-09	0.5924846	0.1	6.846437e-09	0.03301336	0.1	6.846437e-09	1.166446e-07	0.1	6.846437e-09	8.739669e-08	0.1	6.846437e-09	0.374203	0.1	6.846437e-09	4.3113e-05	0.1	6.846437e-09	1.423113e-05	0.1	6.846437e-09	2.034007e-05	0.1	6.846437e-09	7.478631e-05	0.1	6.846437e-09	1.503836e-05	0.1	6.846437e-09	1.464511e-10	0.1	6.846437e-09	3.479351e-06	0.1	6.846437e-09	1.406155e-11	0.1
7.219667e-09	0.5915966	0.1	7.219667e-09	0.03309325	0.1	7.219667e-09	1.225093e-07	0.1	7.219667e-09	9.290625e-08	0.1	7.219667e-09	0.3749952	0.1	7.219667e-09	4.557302e-05	0.1	7.219667e-09	1.501454e-05	0.1	7.219667e-09	2.155862e-05	0.1	7.219667e-09	7.858567e-05	0.1	7.219667e-09	1.57944e-05	0.1	7.219667e-09	1.550588e-10	0.1	7.219667e-09	3.659731e-06	0.1	7.219667e-09	1.481877e-11	0.1
7.635434e-09	0.590837	0.1	7.635434e-09	0.03316123	0.1	7.635434e-09	1.289747e-07	0.1	7.635434e-09	9.913126e-08	0.1	7.635434e-09	0.3756691	0.1	7.635434e-09	4.832455e-05	0.1	7.635434e-09	1.588711e-05	0.1	7.635434e-09	2.293207e-05	0.1	7.635434e-09	8.276141e-05	0.1	7.635434e-09	1.662437e-05	0.1	7.635434e-09	1.647465e-10	0.1	7.635434e-09	3.858864e-06	0.1	7.635434e-09	1.565964e-11	0.1
8.0512e-09	0.5902619	0.1	8.0512e-09	0.03321235	0.1	8.0512e-09	1.353691e-07	0.1	8.0512e-09	1.054483e-07	0.1	8.0512e-09	0.3761755	0.1	8.0512e-09	5.108818e-05	0.1	8.0512e-09	1.67595e-05	0.1	8.0512e-09	2.432287e-05	0.1	8.0512e-09	8.687515e-05	0.1	8.0512e-09	1.744097e-05	0.1	8.0512e-09	1.745422e-10	0.1	8.0512e-09	4.056016e-06	0.1	8.0512e-09	1.649756e-11	0.1
8.466967e-09	0.5898258	0.1	8.466967e-09	0.03325075	0.1	8.466967e-09	1.416932e-07	0.1	8.466967e-09	1.118572e-07	0.1	8.466967e-09	0.3765557	0.1	8.466967e-09	5.386428e-05	0.1	8.466967e-09	1.763168e-05	0.1	8.466967e-09	2.573146e-05	0.1	8.466967e-09	9.092467e-05	0.1	8.466967e-09	1.824374e-05	0.1	8.466967e-09	1.844491e-10	0.1	8.466967e-09	4.251111e-06	0.1	8.466967e-09	1.733234e-11	0.1
8.916098e-09	0.5894718	0.1	8.916098e-09	0.03328154	0.1	8.916098e-09	1.484463e-07	0.1	8.916098e-09	1.188832e-07	0.1	8.916098e-09	0.3768603	0.1	8.916098e-09	5.68776e-05	0.1	8.916098e-09	1.857357e-05	0.1	8.916098e-09	2.727356e-05	0.1	8.916098e-09	9.522469e-05	0.1	8.916098e-09	1.909493e-05	0.1	8.916098e-09	1.952794e-10	0.1	8.916098e-09	4.459471e-06	0.1	8.916098e-09	1.82304e-11	0.1
9.415276e-09	0.5891831	0.1	9.415276e-09	0.03330617	0.1	9.415276e-09	1.558575e-07	0.1	9.415276e-09	1.268169e-07	0.1	9.415276e-09	0.3771037	0.1	9.415276e-09	6.024479e-05	0.1	9.415276e-09	1.962003e-05	0.1	9.415276e-09	2.901302e-05	0.1	9.415276e-09	9.991044e-05	0.1	9.415276e-09	2.00209e-05	0.1	9.415276e-09	2.074772e-10	0.1	9.415276e-09	4.688035e-06	0.1	9.415276e-09	1.922378e-11	0.1
9.914453e-09	0.588974	0.1	9.914453e-09	0.03332353	0.1	9.914453e-09	1.631704e-07	0.1	9.914453e-09	1.348816e-07	0.1	9.914453e-09	0.3772749	0.1	9.914453e-09	6.363155e-05	0.1	9.914453e-09	2.066605e-05	0.1	9.914453e-09	3.077992e-05	0.1	9.914453e-09	0.0001044952	0.1	9.914453e-09	2.092521e-05	0.1	9.914453e-09	2.198484e-10	0.1	9.914453e-09	4.913329e-06	0.1	9.914453e-09	2.021189e-11	0.1
1.041363e-08	0.5888218	0.1	1.041363e-08	0.03333571	0.1	1.041363e-08	1.703862e-07	0.1	1.041363e-08	1.430766e-07	0.1	1.041363e-08	0.3773948	0.1	1.041363e-08	6.703836e-05	0.1	1.041363e-08	2.171159e-05	0.1	1.041363e-08	3.257478e-05	0.1	1.041363e-08	0.0001089766	0.1	1.041363e-08	2.180741e-05	0.1	1.041363e-08	2.323967e-10	0.1	1.041363e-08	5.135259e-06	0.1	1.041363e-08	2.119446e-11	0.1
1.101486e-08	0.588691	0.1	1.101486e-08	0.03334558	0.1	1.101486e-08	1.7895e-07	0.1	1.101486e-08	1.531189e-07	0.1	1.101486e-08	0.3774915	0.1	1.101486e-08	7.116885e-05	0.1	1.101486e-08	2.297017e-05	0.1	1.101486e-08	3.477434e-05	0.1	1.101486e-08	0.0001142342	0.1	1.101486e-08	2.284004e-05	0.1	1.101486e-08	2.477499e-10	0.1	1.101486e-08	5.397981e-06	0.1	1.101486e-08	2.237021e-11	0.1
1.161609e-08	0.5885994	0.1	1.161609e-08	0.03335188	0.1	1.161609e-08	1.87377e-07	0.1	1.161609e-08	1.633477e-07	0.1	1.161609e-08	0.3775528	0.1	1.161609e-08	7.532956e-05	0.1	1.161609e-08	2.422792e-05	0.1	1.161609e-08	3.701576e-05	0.1	1.161609e-08	0.0001193362	0.1	1.161609e-08	2.383949e-05	0.1	1.161609e-08	2.63369e-10	0.1	1.161609e-08	5.65558e-06	0.1	1.161609e-08	2.353714e-11	0.1
1.224151e-08	0.5885318	0.1	1.224151e-08	0.03335594	0.1	1.224151e-08	1.960001e-07	0.1	1.224151e-08	1.741843e-07	0.1	1.224151e-08	0.3775919	0.1	1.224151e-08	7.969018e-05	0.1	1.224151e-08	2.553532e-05	0.1	1.224151e-08	3.939231e-05	0.1	1.224151e-08	0.0001244762	0.1	1.224151e-08	2.484352e-05	0.1	1.224151e-08	2.799021e-10	0.1	1.224151e-08	5.917996e-06	0.1	1.224151e-08	2.474119e-11	0.1
1.296369e-08	0.5884764	0.1	1.296369e-08	0.03335858	0.1	1.296369e-08	2.05779e-07	0.1	1.296369e-08	1.869435e-07	0.1	1.296369e-08	0.3776166	0.1	1.296369e-08	8.476699e-05	0.1	1.296369e-08	2.704367e-05	0.1	1.296369e-08	4.219403e-05	0.1	1.296369e-08	0.0001301972	0.1	1.296369e-08	2.595737e-05	0.1	1.296369e-08	2.993586e-10	0.1	1.296369e-08	6.213851e-06	0.1	1.296369e-08	2.611849e-11	0.1
1.368587e-08	0.5884363	0.1	1.368587e-08	0.03335985	0.1	1.368587e-08	2.153705e-07	0.1	1.368587e-08	1.999636e-07	0.1	1.368587e-08	0.3776279	0.1	1.368587e-08	8.988851e-05	0.1	1.368587e-08	2.85505e-05	0.1	1.368587e-08	4.505771e-05	0.1	1.368587e-08	0.0001356877	0.1	1.368587e-08	2.702235e-05	0.1	1.368587e-08	3.192083e-10	0.1	1.368587e-08	6.50193e-06	0.1	1.368587e-08	2.74812e-11	0.1
1.452727e-08	0.5884013	0.1	1.452727e-08	0.0333603	0.1	1.452727e-08	2.263139e-07	0.1	1.452727e-08	2.154572e-07	0.1	1.452727e-08	0.3776308	0.1	1.452727e-08	9.591169e-05	0.1	1.452727e-08	3.030402e-05	0.1	1.452727e-08	4.847237e-05	0.1	1.452727e-08	0.000141794	0.1	1.452727e-08	2.820172e-05	0.1	1.452727e-08	3.428308e-10	0.1	1.452727e-08	6.827665e-06	0.1	1.452727e-08	2.904964e-11	0.1
1.539847e-08	0.5883729	0.1	1.539847e-08	0.03336011	0.1	1.539847e-08	2.373878e-07	0.1	1.539847e-08	2.318607e-07	0.1	1.539847e-08	0.3776273	0.1	1.539847e-08	0.0001022112	0.1	1.539847e-08	3.211712e-05	0.1	1.539847e-08	5.209637e-05	0.1	1.539847e-08	0.0001477895	0.1	1.539847e-08	2.935389e-05	0.1	1.539847e-08	3.678485e-10	0.1	1.539847e-08	7.153655e-06	0.1	1.539847e-08	3.065093e-11	0.1
1.641757e-08	0.5883453	0.1	1.641757e-08	0.03335943	0.1	1.641757e-08	2.500178e-07	0.1	1.641757e-08	2.515051e-07	0.1	1.641757e-08	0.3776187	0.1	1.641757e-08	0.0001096595	0.1	1.641757e-08	3.423441e-05	0.1	1.641757e-08	5.644855e-05	0.1	1.641757e-08	0.0001543865	0.1	1.641757e-08	3.06142e-05	0.1	1.641757e-08	3.978237e-10	0.1	1.641757e-08	7.520423e-06	0.1	1.641757e-08	3.249346e-11	0.1
1.747363e-08	0.5883203	0.1	1.747363e-08	0.03335847	0.1	1.747363e-08	2.627472e-07	0.1	1.747363e-08	2.723686e-07	0.1	1.747363e-08	0.3776073	0.1	1.747363e-08	0.0001174657	0.1	1.747363e-08	3.64241e-05	0.1	1.747363e-08	6.108511e-05	0.1	1.747363e-08	0.0001607599	0.1	1.747363e-08	3.18234e-05	0.1	1.747363e-08	4.296775e-10	0.1	1.747363e-08	7.884051e-06	0.1	1.747363e-08	3.436675e-11	0.1
1.87561e-08	0.5882925	0.1	1.87561e-08	0.03335716	0.1	1.87561e-08	2.777291e-07	0.1	1.87561e-08	2.983768e-07	0.1	1.87561e-08	0.3775921	0.1	1.87561e-08	0.0001270594	0.1	1.87561e-08	3.907663e-05	0.1	1.87561e-08	6.688457e-05	0.1	1.87561e-08	0.000167888	0.1	1.87561e-08	3.316445e-05	0.1	1.87561e-08	4.694079e-10	0.1	1.87561e-08	8.303474e-06	0.1	1.87561e-08	3.65905e-11	0.1
2.019771e-08	0.5882632	0.1	2.019771e-08	0.03335563	0.1	2.019771e-08	2.939666e-07	0.1	2.019771e-08	3.284598e-07	0.1	2.019771e-08	0.3775744	0.1	2.019771e-08	0.0001379831	0.1	2.019771e-08	4.204878e-05	0.1	2.019771e-08	7.361709e-05	0.1	2.019771e-08	0.0001751374	0.1	2.019771e-08	3.45139e-05	0.1	2.019771e-08	5.153774e-10	0.1	2.019771e-08	8.746647e-06	0.1	2.019771e-08	3.902107e-11	0.1
2.182145e-08	0.5882317	0.1	2.182145e-08	0.03335391	0.1	2.182145e-08	3.115198e-07	0.1	2.182145e-08	3.633698e-07	0.1	2.182145e-08	0.3775547	0.1	2.182145e-08	0.0001504477	0.1	2.182145e-08	4.538319e-05	0.1	2.182145e-08	8.145802e-05	0.1	2.182145e-08	0.0001823975	0.1	2.182145e-08	3.584779e-05	0.1	2.182145e-08	5.687129e-10	0.1	2.182145e-08	9.211299e-06	0.1	2.182145e-08	4.166888e-11	0.1
2.37494e-08	0.5881957	0.1	2.37494e-08	0.0333519	0.1	2.37494e-08	3.31393e-07	0.1	2.37494e-08	4.061556e-07	0.1	2.37494e-08	0.3775318	0.1	2.37494e-08	0.0001654415	0.1	2.37494e-08	4.932209e-05	0.1	2.37494e-08	9.110073e-05	0.1	2.37494e-08	0.0001898784	0.1	2.37494e-08	3.719943e-05	0.1	2.37494e-08	6.34011e-10	0.1	2.37494e-08	9.718028e-06	0.1	2.37494e-08	4.468699e-11	0.1
2.616008e-08	0.5881524	0.1	2.616008e-08	0.03334948	0.1	2.616008e-08	3.548383e-07	0.1	2.616008e-08	4.615572e-07	0.1	2.616008e-08	0.3775041	0.1	2.616008e-08	0.0001844357	0.1	2.616008e-08	5.421292e-05	0.1	2.616008e-08	0.0001036248	0.1	2.616008e-08	0.0001976899	0.1	2.616008e-08	3.85788e-05	0.1	2.616008e-08	7.18345e-10	0.1	2.616008e-08	1.028799e-05	0.1	2.616008e-08	4.826745e-11	0.1
2.902268e-08	0.588103	0.1	2.902268e-08	0.0333467	0.1	2.902268e-08	3.80777e-07	0.1	2.902268e-08	5.298632e-07	0.1	2.902268e-08	0.3774724	0.1	2.902268e-08	0.0002072611	0.1	2.902268e-08	5.996522e-05	0.1	2.902268e-08	0.0001191003	0.1	2.902268e-08	0.0002050747	0.1	2.902268e-08	3.98416e-05	0.1	2.902268e-08	8.218183e-10	0.1	2.902268e-08	1.088211e-05	0.1	2.902268e-08	5.224286e-11	0.1
3.238214e-08	0.5880472	0.1	3.238214e-08	0.03334356	0.1	3.238214e-08	4.087771e-07	0.1	3.238214e-08	6.131621e-07	0.1	3.238214e-08	0.3774366	0.1	3.238214e-08	0.0002342952	0.1	3.238214e-08	6.662997e-05	0.1	3.238214e-08	0.0001379899	0.1	3.238214e-08	0.0002116303	0.1	3.238214e-08	4.091332e-05	0.1	3.238214e-08	9.470337e-10	0.1	3.238214e-08	1.14798e-05	0.1	3.238214e-08	5.65378e-11	0.1
3.637251e-08	0.5879833	0.1	3.637251e-08	0.03333995	0.1	3.637251e-08	4.389056e-07	0.1	3.637251e-08	7.159898e-07	0.1	3.637251e-08	0.3773956	0.1	3.637251e-08	0.0002665741	0.1	3.637251e-08	7.441151e-05	0.1	3.637251e-08	0.0001612959	0.1	3.637251e-08	0.0002171695	0.1	3.637251e-08	4.17616e-05	0.1	3.637251e-08	1.099907e-09	0.1	3.637251e-08	1.207273e-05	0.1	3.637251e-08	6.114958e-11	0.1
3.913792e-08	0.5879401	0.1	3.913792e-08	0.03333751	0.1	3.913792e-08	4.579625e-07	0.1	3.913792e-08	7.89442e-07	0.1	3.913792e-08	0.3773679	0.1	3.913792e-08	0.0002889608	0.1	3.913792e-08	7.971016e-05	0.1	3.913792e-08	0.0001779223	0.1	3.913792e-08	0.0002199407	0.1	3.913792e-08	4.215431e-05	0.1	3.913792e-08	1.207898e-09	0.1	3.913792e-08	1.242165e-05	0.1	3.913792e-08	6.405631e-11	0.1
4.393852e-08	0.5878666	0.1	4.393852e-08	0.03333336	0.1	4.393852e-08	4.878459e-07	0.1	4.393852e-08	9.206763e-07	0.1	4.393852e-08	0.3773207	0.1	4.393852e-08	0.0003277064	0.1	4.393852e-08	8.870923e-05	0.1	4.393852e-08	0.0002075752	0.1	4.393852e-08	0.0002232851	0.1	4.393852e-08	4.257974e-05	0.1	4.393852e-08	1.398354e-09	0.1	4.393852e-08	1.29298e-05	0.1	4.393852e-08	6.859351e-11	0.1
4.873912e-08	0.5877945	0.1	4.873912e-08	0.03332928	0.1	4.873912e-08	5.140927e-07	0.1	4.873912e-08	1.056033e-06	0.1	4.873912e-08	0.3772744	0.1	4.873912e-08	0.0003661622	0.1	4.873912e-08	9.743657e-05	0.1	4.873912e-08	0.0002380996	0.1	4.873912e-08	0.0002253576	0.1	4.873912e-08	4.279544e-05	0.1	4.873912e-08	1.59165e-09	0.1	4.873912e-08	1.333889e-05	0.1	4.873912e-08	7.25567e-11	0.1
5.457739e-08	0.5877079	0.1	5.457739e-08	0.03332438	0.1	5.457739e-08	5.417432e-07	0.1	5.457739e-08	1.225365e-06	0.1	5.457739e-08	0.3772189	0.1	5.457739e-08	0.0004123846	0.1	5.457739e-08	0.0001076574	0.1	5.457739e-08	0.0002762441	0.1	5.457739e-08	0.0002268286	0.1	5.457739e-08	4.290061e-05	0.1	5.457739e-08	1.82948e-09	0.1	5.457739e-08	1.373461e-05	0.1	5.457739e-08	7.671413e-11	0.1
6.067509e-08	0.5876182	0.1	6.067509e-08	0.0333193	0.1	6.067509e-08	5.663154e-07	0.1	6.067509e-08	1.406894e-06	0.1	6.067509e-08	0.3771613	0.1	6.067509e-08	0.0004599074	0.1	6.067509e-08	0.0001178453	0.1	6.067509e-08	0.0003171569	0.1	6.067509e-08	0.000227649	0.1	6.067509e-08	4.2918e-05	0.1	6.067509e-08	2.080271e-09	0.1	6.067509e-08	1.40577e-05	0.1	6.067509e-08	8.040293e-11	0.1
6.677278e-08	0.5875291	0.1	6.677278e-08	0.03331425	0.1	6.677278e-08	5.871457e-07	0.1	6.677278e-08	1.592437e-06	0.1	6.677278e-08	0.3771041	0.1	6.677278e-08	0.0005065952	0.1	6.677278e-08	0.0001275143	0.1	6.677278e-08	0.000359079	0.1	6.677278e-08	0.0002280669	0.1	6.677278e-08	4.289519e-05	0.1	6.677278e-08	2.332975e-09	0.1	6.677278e-08	1.431143e-05	0.1	6.677278e-08	8.353791e-11	0.1
7.287048e-08	0.5874403	0.1	7.287048e-08	0.03330922	0.1	7.287048e-08	6.048029e-07	0.1	7.287048e-08	1.781366e-06	0.1	7.287048e-08	0.3770471	0.1	7.287048e-08	0.0005524192	0.1	7.287048e-08	0.0001366513	0.1	7.287048e-08	0.0004019535	0.1	7.287048e-08	0.0002282673	0.1	7.287048e-08	4.285935e-05	0.1	7.287048e-08	2.587288e-09	0.1	7.287048e-08	1.45123e-05	0.1	7.287048e-08	8.62139e-11	0.1
8.023417e-08	0.5873335	0.1	8.023417e-08	0.03330317	0.1	8.023417e-08	6.225785e-07	0.1	8.023417e-08	2.013306e-06	0.1	8.023417e-08	0.3769786	0.1	8.023417e-08	0.0006065955	0.1	8.023417e-08	0.0001469678	0.1	8.023417e-08	0.0004549439	0.1	8.023417e-08	0.0002283606	0.1	8.023417e-08	4.281582e-05	0.1	8.023417e-08	2.896301e-09	0.1	8.023417e-08	1.470122e-05	0.1	8.023417e-08	8.89429e-11	0.1
8.79188e-08	0.5872222	0.1	8.79188e-08	0.03329687	0.1	8.79188e-08	6.377068e-07	0.1	8.79188e-08	2.259023e-06	0.1	8.79188e-08	0.3769072	0.1	8.79188e-08	0.0006617861	0.1	8.79188e-08	0.0001568999	0.1	8.79188e-08	0.00051161	0.1	8.79188e-08	0.0002283752	0.1	8.79188e-08	4.277789e-05	0.1	8.79188e-08	3.220827e-09	0.1	8.79188e-08	1.485108e-05	0.1	8.79188e-08	9.131456e-11	0.1
9.688717e-08	0.5870928	0.1	9.688717e-08	0.03328953	0.1	9.688717e-08	6.518013e-07	0.1	9.688717e-08	2.549638e-06	0.1	9.688717e-08	0.3768241	0.1	9.688717e-08	0.0007244859	0.1	9.688717e-08	0.0001674363	0.1	9.688717e-08	0.000579448	0.1	9.688717e-08	0.0002283487	0.1	9.688717e-08	4.27453e-05	0.1	9.688717e-08	3.602053e-09	0.1	9.688717e-08	1.498094e-05	0.1	9.688717e-08	9.359363e-11	0.1
1.073587e-07	0.586942	0.1	1.073587e-07	0.03328099	0.1	1.073587e-07	6.644521e-07	0.1	1.073587e-07	2.893137e-06	0.1	1.073587e-07	0.3767273	0.1	1.073587e-07	0.0007954195	0.1	1.073587e-07	0.0001783601	0.1	1.073587e-07	0.000660904	0.1	1.073587e-07	0.0002282992	0.1	1.073587e-07	4.272057e-05	0.1	1.073587e-07	4.0504e-09	0.1	1.073587e-07	1.508853e-05	0.1	1.073587e-07	9.573608e-11	0.1
1.192899e-07	0.5867705	0.1	1.192899e-07	0.03327127	0.1	1.192899e-07	6.750929e-07	0.1	1.192899e-07	3.288746e-06	0.1	1.192899e-07	0.3766173	0.1	1.192899e-07	0.0008733473	0.1	1.192899e-07	0.0001891176	0.1	1.192899e-07	0.0007565616	0.1	1.192899e-07	0.0002282405	0.1	1.192899e-07	4.270432e-05	0.1	1.192899e-07	4.565283e-09	0.1	1.192899e-07	1.517133e-05	0.1	1.192899e-07	9.766145e-11	0.1
1.328469e-07	0.5865761	0.1	1.328469e-07	0.03326025	0.1	1.328469e-07	6.836468e-07	0.1	1.328469e-07	3.742344e-06	0.1	1.328469e-07	0.3764924	0.1	1.328469e-07	0.0009582923	0.1	1.328469e-07	0.000199369	0.1	1.328469e-07	0.0008687891	0.1	1.328469e-07	0.000228179	0.1	1.328469e-07	4.26947e-05	0.1	1.328469e-07	5.155272e-09	0.1	1.328469e-07	1.523164e-05	0.1	1.328469e-07	9.935623e-11	0.1
1.502006e-07	0.5863272	0.1	1.502006e-07	0.03324615	0.1	1.502006e-07	6.908432e-07	0.1	1.502006e-07	4.327494e-06	0.1	1.502006e-07	0.3763327	0.1	1.502006e-07	0.001061683	0.1	1.502006e-07	0.0002098477	0.1	1.502006e-07	0.001017677	0.1	1.502006e-07	0.0002281086	0.1	1.502006e-07	4.268854e-05	0.1	1.502006e-07	5.917678e-09	0.1	1.502006e-07	1.52767e-05	0.1	1.502006e-07	1.009776e-10	0.1
1.675543e-07	0.5860781	0.1	1.675543e-07	0.03323203	0.1	1.675543e-07	6.952955e-07	0.1	1.675543e-07	4.916157e-06	0.1	1.675543e-07	0.3761728	0.1	1.675543e-07	0.001159377	0.1	1.675543e-07	0.0002178754	0.1	1.675543e-07	0.001172132	0.1	1.675543e-07	0.0002280435	0.1	1.675543e-07	4.268435e-05	0.1	1.675543e-07	6.687588e-09	0.1	1.675543e-07	1.53008e-05	0.1	1.675543e-07	1.021637e-10	0.1
1.884612e-07	0.585777	0.1	1.884612e-07	0.03321496	0.1	1.884612e-07	6.984335e-07	0.1	1.884612e-07	5.628454e-06	0.1	1.884612e-07	0.3759796	0.1	1.884612e-07	0.001269942	0.1	1.884612e-07	0.0002250035	0.1	1.884612e-07	0.001365158	0.1	1.884612e-07	0.0002279676	0.1	1.884612e-07	4.267867e-05	0.1	1.884612e-07	7.624336e-09	0.1	1.884612e-07	1.531475e-05	0.1	1.884612e-07	1.031907e-10	0.1
2.103799e-07	0.5854596	0.1	2.103799e-07	0.03319697	0.1	2.103799e-07	7.001853e-07	0.1	2.103799e-07	6.377642e-06	0.1	2.103799e-07	0.3757758	0.1	2.103799e-07	0.001378011	0.1	2.103799e-07	0.000230244	0.1	2.103799e-07	0.001575147	0.1	2.103799e-07	0.0002278878	0.1	2.103799e-07	4.267067e-05	0.1	2.103799e-07	8.616423e-09	0.1	2.103799e-07	1.532001e-05	0.1	2.103799e-07	1.039378e-10	0.1
2.363461e-07	0.5850807	0.1	2.363461e-07	0.03317549	0.1	2.363461e-07	7.011438e-07	0.1	2.363461e-07	7.267241e-06	0.1	2.363461e-07	0.3755327	0.1	2.363461e-07	0.001496376	0.1	2.363461e-07	0.0002343733	0.1	2.363461e-07	0.001833257	0.1	2.363461e-07	0.0002277908	0.1	2.363461e-07	4.265833e-05	0.1	2.363461e-07	9.804029e-09	0.1	2.363461e-07	1.532002e-05	0.1	2.363461e-07	1.045244e-10	0.1
2.765233e-07	0.5844876	0.1	2.765233e-07	0.03314186	0.1	2.765233e-07	7.014884e-07	0.1	2.765233e-07	8.646376e-06	0.1	2.765233e-07	0.375152	0.1	2.765233e-07	0.001660722	0.1	2.765233e-07	0.0002379717	0.1	2.765233e-07	0.002250715	0.1	2.765233e-07	0.0002276345	0.1	2.765233e-07	4.263436e-05	0.1	2.765233e-07	1.166618e-08	0.1	2.765233e-07	1.5314e-05	0.1	2.765233e-07	1.050292e-10	0.1
2.983883e-07	0.5841611	0.1	2.983883e-07	0.03312335	0.1	2.983883e-07	7.014045e-07	0.1	2.983883e-07	9.397758e-06	0.1	2.983883e-07	0.3749424	0.1	2.983883e-07	0.001741429	0.1	2.983883e-07	0.0002390597	0.1	2.983883e-07	0.002486256	0.1	2.983883e-07	0.0002275467	0.1	2.983883e-07	4.261953e-05	0.1	2.983883e-07	1.269154e-08	0.1	2.983883e-07	1.530924e-05	0.1	2.983883e-07	1.051749e-10	0.1
3.289993e-07	0.5836998	0.1	3.289993e-07	0.03309719	0.1	3.289993e-07	7.011419e-07	0.1	3.289993e-07	1.045028e-05	0.1	3.289993e-07	0.3746463	0.1	3.289993e-07	0.001845058	0.1	3.289993e-07	0.000239979	0.1	3.289993e-07	0.002824915	0.1	3.289993e-07	0.0002274208	0.1	3.289993e-07	4.259735e-05	0.1	3.289993e-07	1.414072e-08	0.1	3.289993e-07	1.530169e-05	0.1	3.289993e-07	1.052861e-10	0.1
3.727292e-07	0.5830327	0.1	3.727292e-07	0.03305937	0.1	3.727292e-07	7.006267e-07	0.1	3.727292e-07	1.195452e-05	0.1	3.727292e-07	0.3742182	0.1	3.727292e-07	0.001976003	0.1	3.727292e-07	0.0002405777	0.1	3.727292e-07	0.003324858	0.1	3.727292e-07	0.0002272363	0.1	3.727292e-07	4.256371e-05	0.1	3.727292e-07	1.623807e-08	0.1	3.727292e-07	1.528987e-05	0.1	3.727292e-07	1.053312e-10	0.1
4.164592e-07	0.5823571	0.1	4.164592e-07	0.03302106	0.1	4.164592e-07	7.00042e-07	0.1	4.164592e-07	1.345892e-05	0.1	4.164592e-07	0.3737845	0.1	4.164592e-07	0.002089222	0.1	4.164592e-07	0.0002407457	0.1	4.164592e-07	0.003841385	0.1	4.164592e-07	0.0002270473	0.1	4.164592e-07	4.252861e-05	0.1	4.164592e-07	1.836679e-08	0.1	4.164592e-07	1.527737e-05	0.1	4.164592e-07	1.053052e-10	0.1
4.601892e-07	0.5816739	0.1	4.601892e-07	0.03298232	0.1	4.601892e-07	6.994276e-07	0.1	4.601892e-07	1.496297e-05	0.1	4.601892e-07	0.373346	0.1	4.601892e-07	0.002187049	0.1	4.601892e-07	0.000240712	0.1	4.601892e-07	0.004372146	0.1	4.601892e-07	0.0002268548	0.1	4.601892e-07	4.249257e-05	0.1	4.601892e-07	2.05265e-08	0.1	4.601892e-07	1.526447e-05	0.1	4.601892e-07	1.052447e-10	0.1
5.039191e-07	0.5809844	0.1	5.039191e-07	0.03294323	0.1	5.039191e-07	6.98798e-07	0.1	5.039191e-07	1.646626e-05	0.1	5.039191e-07	0.3729035	0.1	5.039191e-07	0.002271508	0.1	5.039191e-07	0.0002405833	0.1	5.039191e-07	0.004915104	0.1	5.039191e-07	0.0002266594	0.1	5.039191e-07	4.245586e-05	0.1	5.039191e-07	2.271699e-08	0.1	5.039191e-07	1.52513e-05	0.1	5.039191e-07	1.051672e-10	0.1
5.568449e-07	0.5801428	0.1	5.568449e-07	0.0328955	0.1	5.568449e-07	6.980236e-07	0.1	5.568449e-07	1.828418e-05	0.1	5.568449e-07	0.3723633	0.1	5.568449e-07	0.002358352	0.1	5.568449e-07	0.0002403697	0.1	5.568449e-07	0.005586036	0.1	5.568449e-07	0.0002264196	0.1	5.568449e-07	4.241079e-05	0.1	5.568449e-07	2.540905e-08	0.1	5.568449e-07	1.523512e-05	0.1	5.568449e-07	1.050627e-10	0.1
6.142252e-07	0.5792233	0.1	6.142252e-07	0.03284336	0.1	6.142252e-07	6.971737e-07	0.1	6.142252e-07	2.025273e-05	0.1	6.142252e-07	0.3717731	0.1	6.142252e-07	0.002436379	0.1	6.142252e-07	0.0002401069	0.1	6.142252e-07	0.006327601	0.1	6.142252e-07	0.0002261564	0.1	6.142252e-07	4.236132e-05	0.1	6.142252e-07	2.837807e-08	0.1	6.142252e-07	1.521735e-05	0.1	6.142252e-07	1.049431e-10	0.1
6.782872e-07	0.5781898	0.1	6.782872e-07	0.03278476	0.1	6.782872e-07	6.962156e-07	0.1	6.782872e-07	2.244695e-05	0.1	6.782872e-07	0.3711098	0.1	6.782872e-07	0.002507058	0.1	6.782872e-07	0.0002397977	0.1	6.782872e-07	0.007169536	0.1	6.782872e-07	0.0002258595	0.1	6.782872e-07	4.230552e-05	0.1	6.782872e-07	3.175441e-08	0.1	6.782872e-07	1.519731e-05	0.1	6.782872e-07	1.048061e-10	0.1
7.423493e-07	0.577151	0.1	7.423493e-07	0.03272586	0.1	7.423493e-07	6.952504e-07	0.1	7.423493e-07	2.463687e-05	0.1	7.423493e-07	0.370443	0.1	7.423493e-07	0.002563535	0.1	7.423493e-07	0.0002394814	0.1	7.423493e-07	0.008023118	0.1	7.423493e-07	0.00022556	0.1	7.423493e-07	4.224927e-05	0.1	7.423493e-07	3.519536e-08	0.1	7.423493e-07	1.51771e-05	0.1	7.423493e-07	1.046672e-10	0.1
8.194535e-07	0.5758958	0.1	8.194535e-07	0.03265469	0.1	8.194535e-07	6.940819e-07	0.1	8.194535e-07	2.726627e-05	0.1	8.194535e-07	0.3696374	0.1	8.194535e-07	0.002616408	0.1	8.194535e-07	0.0002390964	0.1	8.194535e-07	0.0090622	0.1	8.194535e-07	0.0002251971	0.1	8.194535e-07	4.218114e-05	0.1	8.194535e-07	3.942201e-08	0.1	8.194535e-07	1.515263e-05	0.1	8.194535e-07	1.044986e-10	0.1
8.965578e-07	0.5746373	0.1	8.965578e-07	0.03258333	0.1	8.965578e-07	6.929085e-07	0.1	8.965578e-07	2.988815e-05	0.1	8.965578e-07	0.3688296	0.1	8.965578e-07	0.002656234	0.1	8.965578e-07	0.000238709	0.1	8.965578e-07	0.01011065	0.1	8.965578e-07	0.0002248323	0.1	8.965578e-07	4.211269e-05	0.1	8.965578e-07	4.374106e-08	0.1	8.965578e-07	1.512804e-05	0.1	8.965578e-07	1.04329e-10	0.1
9.73662e-07	0.5733771	0.1	9.73662e-07	0.03251187	0.1	9.73662e-07	6.917321e-07	0.1	9.73662e-07	3.250202e-05	0.1	9.73662e-07	0.3680208	0.1	9.73662e-07	0.002685898	0.1	9.73662e-07	0.0002383201	0.1	9.73662e-07	0.01116559	0.1	9.73662e-07	0.0002244662	0.1	9.73662e-07	4.204404e-05	0.1	9.73662e-07	4.815183e-08	0.1	9.73662e-07	1.510338e-05	0.1	9.73662e-07	1.04159e-10	0.1
1.050766e-06	0.5721166	0.1	1.050766e-06	0.0324404	0.1	1.050766e-06	6.905542e-07	0.1	1.050766e-06	3.510756e-05	0.1	1.050766e-06	0.3672117	0.1	1.050766e-06	0.002707647	0.1	1.050766e-06	0.0002379306	0.1	1.050766e-06	0.01222479	0.1	1.050766e-06	0.0002240995	0.1	1.050766e-06	4.197528e-05	0.1	1.050766e-06	5.265365e-08	0.1	1.050766e-06	1.507868e-05	0.1	1.050766e-06	1.039887e-10	0.1
1.140385e-06	0.5706524	0.1	1.140385e-06	0.03235737	0.1	1.140385e-06	6.891848e-07	0.1	1.140385e-06	3.812516e-05	0.1	1.140385e-06	0.3662719	0.1	1.140385e-06	0.002725278	0.1	1.140385e-06	0.0002374775	0.1	1.140385e-06	0.013459	0.1	1.140385e-06	0.0002236729	0.1	1.140385e-06	4.189531e-05	0.1	1.140385e-06	5.799959e-08	0.1	1.140385e-06	1.504996e-05	0.1	1.140385e-06	1.037906e-10	0.1
1.233132e-06	0.5691392	0.1	1.233132e-06	0.03227157	0.1	1.233132e-06	6.877687e-07	0.1	1.233132e-06	4.123557e-05	0.1	1.233132e-06	0.3653006	0.1	1.233132e-06	0.002736981	0.1	1.233132e-06	0.0002370088	0.1	1.233132e-06	0.01473772	0.1	1.233132e-06	0.0002232316	0.1	1.233132e-06	4.18126e-05	0.1	1.233132e-06	6.365944e-08	0.1	1.233132e-06	1.502024e-05	0.1	1.233132e-06	1.035857e-10	0.1
1.325879e-06	0.5676292	0.1	1.325879e-06	0.03218595	0.1	1.325879e-06	6.863547e-07	0.1	1.325879e-06	4.433302e-05	0.1	1.325879e-06	0.3643315	0.1	1.325879e-06	0.002743742	0.1	1.325879e-06	0.0002365407	0.1	1.325879e-06	0.0160162	0.1	1.325879e-06	0.0002227907	0.1	1.325879e-06	4.172999e-05	0.1	1.325879e-06	6.944748e-08	0.1	1.325879e-06	1.499057e-05	0.1	1.325879e-06	1.033811e-10	0.1
1.418627e-06	0.5661231	0.1	1.418627e-06	0.03210055	0.1	1.418627e-06	6.849437e-07	0.1	1.418627e-06	4.741737e-05	0.1	1.418627e-06	0.3633648	0.1	1.418627e-06	0.002746851	0.1	1.418627e-06	0.0002360735	0.1	1.418627e-06	0.01729318	0.1	1.418627e-06	0.0002223507	0.1	1.418627e-06	4.164754e-05	0.1	1.418627e-06	7.536236e-08	0.1	1.418627e-06	1.496095e-05	0.1	1.418627e-06	1.031768e-10	0.1
1.530948e-06	0.5643052	0.1	1.530948e-06	0.03199747	0.1	1.530948e-06	6.832398e-07	0.1	1.530948e-06	5.113503e-05	0.1	1.530948e-06	0.3621979	0.1	1.530948e-06	0.002747074	0.1	1.530948e-06	0.0002355091	0.1	1.530948e-06	0.01883638	0.1	1.530948e-06	0.0002218191	0.1	1.530948e-06	4.154795e-05	0.1	1.530948e-06	8.269342e-08	0.1	1.530948e-06	1.492518e-05	0.1	1.530948e-06	1.029302e-10	0.1
1.643269e-06	0.5624943	0.1	1.643269e-06	0.03189479	0.1	1.643269e-06	6.815421e-07	0.1	1.643269e-06	5.483332e-05	0.1	1.643269e-06	0.3610357	0.1	1.643269e-06	0.002744549	0.1	1.643269e-06	0.0002349467	0.1	1.643269e-06	0.02037491	0.1	1.643269e-06	0.0002212894	0.1	1.643269e-06	4.144871e-05	0.1	1.643269e-06	9.020602e-08	0.1	1.643269e-06	1.488953e-05	0.1	1.643269e-06	1.026843e-10	0.1
1.75559e-06	0.5606911	0.1	1.75559e-06	0.03179254	0.1	1.75559e-06	6.798509e-07	0.1	1.75559e-06	5.851226e-05	0.1	1.75559e-06	0.3598782	0.1	1.75559e-06	0.002740126	0.1	1.75559e-06	0.0002343863	0.1	1.75559e-06	0.02190796	0.1	1.75559e-06	0.0002207615	0.1	1.75559e-06	4.134983e-05	0.1	1.75559e-06	9.78976e-08	0.1	1.75559e-06	1.485401e-05	0.1	1.75559e-06	1.024394e-10	0.1
1.886908e-06	0.5585928	0.1	1.886908e-06	0.03167356	0.1	1.886908e-06	6.778825e-07	0.1	1.886908e-06	6.278897e-05	0.1	1.886908e-06	0.3585315	0.1	1.886908e-06	0.002733329	0.1	1.886908e-06	0.0002337339	0.1	1.886908e-06	0.02369267	0.1	1.886908e-06	0.000220147	0.1	1.886908e-06	4.123472e-05	0.1	1.886908e-06	1.071135e-07	0.1	1.886908e-06	1.481266e-05	0.1	1.886908e-06	1.021542e-10	0.1
2.022977e-06	0.5564302	0.1	2.022977e-06	0.03155094	0.1	2.022977e-06	6.758533e-07	0.1	2.022977e-06	6.719264e-05	0.1	2.022977e-06	0.3571434	0.1	2.022977e-06	0.002725077	0.1	2.022977e-06	0.0002330612	0.1	2.022977e-06	0.02553269	0.1	2.022977e-06	0.0002195134	0.1	2.022977e-06	4.111603e-05	0.1	2.022977e-06	1.169124e-07	0.1	2.022977e-06	1.477002e-05	0.1	2.022977e-06	1.018602e-10	0.1
2.159045e-06	0.5542795	0.1	2.159045e-06	0.03142899	0.1	2.159045e-06	6.738348e-07	0.1	2.159045e-06	7.156828e-05	0.1	2.159045e-06	0.355763	0.1	2.159045e-06	0.002716048	0.1	2.159045e-06	0.000232392	0.1	2.159045e-06	0.02736295	0.1	2.159045e-06	0.000218883	0.1	2.159045e-06	4.099796e-05	0.1	2.159045e-06	1.269604e-07	0.1	2.159045e-06	1.472761e-05	0.1	2.159045e-06	1.015677e-10	0.1
2.325001e-06	0.5516728	0.1	2.325001e-06	0.03128118	0.1	2.325001e-06	6.713876e-07	0.1	2.325001e-06	7.686737e-05	0.1	2.325001e-06	0.3540899	0.1	2.325001e-06	0.002704408	0.1	2.325001e-06	0.0002315805	0.1	2.325001e-06	0.02958172	0.1	2.325001e-06	0.0002181186	0.1	2.325001e-06	4.085477e-05	0.1	2.325001e-06	1.395453e-07	0.1	2.325001e-06	1.467617e-05	0.1	2.325001e-06	1.01213e-10	0.1
2.490956e-06	0.549084	0.1	2.490956e-06	0.03113439	0.1	2.490956e-06	6.689567e-07	0.1	2.490956e-06	8.212542e-05	0.1	2.490956e-06	0.3524282	0.1	2.490956e-06	0.002692385	0.1	2.490956e-06	0.0002307742	0.1	2.490956e-06	0.03178549	0.1	2.490956e-06	0.0002173591	0.1	2.490956e-06	4.071251e-05	0.1	2.490956e-06	1.524837e-07	0.1	2.490956e-06	1.462507e-05	0.1	2.490956e-06	1.008606e-10	0.1
2.685062e-06	0.5460786	0.1	2.685062e-06	0.03096398	0.1	2.685062e-06	6.661339e-07	0.1	2.685062e-06	8.822382e-05	0.1	2.685062e-06	0.3504993	0.1	2.685062e-06	0.002678095	0.1	2.685062e-06	0.0002298377	0.1	2.685062e-06	0.034344	0.1	2.685062e-06	0.0002164769	0.1	2.685062e-06	4.054728e-05	0.1	2.685062e-06	1.680519e-07	0.1	2.685062e-06	1.456571e-05	0.1	2.685062e-06	1.004513e-10	0.1
2.886205e-06	0.5429898	0.1	2.886205e-06	0.03078884	0.1	2.886205e-06	6.63232e-07	0.1	2.886205e-06	9.448535e-05	0.1	2.886205e-06	0.3485167	0.1	2.886205e-06	0.002663199	0.1	2.886205e-06	0.0002288747	0.1	2.886205e-06	0.03697365	0.1	2.886205e-06	0.0002155698	0.1	2.886205e-06	4.037737e-05	0.1	2.886205e-06	1.846632e-07	0.1	2.886205e-06	1.450468e-05	0.1	2.886205e-06	1.000304e-10	0.1
3.124486e-06	0.5393639	0.1	3.124486e-06	0.03058324	0.1	3.124486e-06	6.598245e-07	0.1	3.124486e-06	0.0001018276	0.1	3.124486e-06	0.3461895	0.1	3.124486e-06	0.002645575	0.1	3.124486e-06	0.0002277437	0.1	3.124486e-06	0.0400606	0.1	3.124486e-06	0.0002145044	0.1	3.124486e-06	4.01778e-05	0.1	3.124486e-06	2.049464e-07	0.1	3.124486e-06	1.443299e-05	0.1	3.124486e-06	9.953604e-11	0.1
3.372053e-06	0.5356345	0.1	3.372053e-06	0.03037177	0.1	3.372053e-06	6.563185e-07	0.1	3.372053e-06	0.0001093705	0.1	3.372053e-06	0.3437958	0.1	3.372053e-06	0.002627371	0.1	3.372053e-06	0.0002265796	0.1	3.372053e-06	0.04323573	0.1	3.372053e-06	0.0002134078	0.1	3.372053e-06	3.997241e-05	0.1	3.372053e-06	2.266818e-07	0.1	3.372053e-06	1.435921e-05	0.1	3.372053e-06	9.902724e-11	0.1
3.679014e-06	0.531063	0.1	3.679014e-06	0.03011256	0.1	3.679014e-06	6.520193e-07	0.1	3.679014e-06	0.0001186042	0.1	3.679014e-06	0.3408615	0.1	3.679014e-06	0.002605012	0.1	3.679014e-06	0.0002251516	0.1	3.679014e-06	0.04712787	0.1	3.679014e-06	0.0002120627	0.1	3.679014e-06	3.972045e-05	0.1	3.679014e-06	2.545127e-07	0.1	3.679014e-06	1.426871e-05	0.1	3.679014e-06	9.84031e-11	0.1
4.029539e-06	0.5259126	0.1	4.029539e-06	0.02982052	0.1	4.029539e-06	6.471735e-07	0.1	4.029539e-06	0.0001289901	0.1	4.029539e-06	0.3375558	0.1	4.029539e-06	0.002579799	0.1	4.029539e-06	0.0002235414	0.1	4.029539e-06	0.05151283	0.1	4.029539e-06	0.0002105459	0.1	4.029539e-06	3.943635e-05	0.1	4.029539e-06	2.873967e-07	0.1	4.029539e-06	1.416665e-05	0.1	4.029539e-06	9.769933e-11	0.1
4.430778e-06	0.5201069	0.1	4.430778e-06	0.02949132	0.1	4.430778e-06	6.417084e-07	0.1	4.430778e-06	0.000140676	0.1	4.430778e-06	0.3338294	0.1	4.430778e-06	0.002551371	0.1	4.430778e-06	0.0002217245	0.1	4.430778e-06	0.0564558	0.1	4.430778e-06	0.0002088344	0.1	4.430778e-06	3.911579e-05	0.1	4.430778e-06	3.263403e-07	0.1	4.430778e-06	1.40515e-05	0.1	4.430778e-06	9.690522e-11	0.1
4.918698e-06	0.5131729	0.1	4.918698e-06	0.02909815	0.1	4.918698e-06	6.351772e-07	0.1	4.918698e-06	0.0001546022	0.1	4.918698e-06	0.3293788	0.1	4.918698e-06	0.002517419	0.1	4.918698e-06	0.000219552	0.1	4.918698e-06	0.06235937	0.1	4.918698e-06	0.0002067879	0.1	4.918698e-06	3.873247e-05	0.1	4.918698e-06	3.753209e-07	0.1	4.918698e-06	1.39138e-05	0.1	4.918698e-06	9.595567e-11	0.1
5.555669e-06	0.5043228	0.1	5.555669e-06	0.02859632	0.1	5.555669e-06	6.268349e-07	0.1	5.555669e-06	0.000172327	0.1	5.555669e-06	0.3236984	0.1	5.555669e-06	0.002474091	0.1	5.555669e-06	0.000216775	0.1	5.555669e-06	0.06989436	0.1	5.555669e-06	0.000204172	0.1	5.555669e-06	3.824249e-05	0.1	5.555669e-06	4.414245e-07	0.1	5.555669e-06	1.37378e-05	0.1	5.555669e-06	9.474191e-11	0.1
6.367922e-06	0.4933573	0.1	6.367922e-06	0.02797455	0.1	6.367922e-06	6.164884e-07	0.1	6.367922e-06	0.000194209	0.1	6.367922e-06	0.3166602	0.1	6.367922e-06	0.002420419	0.1	6.367922e-06	0.0002133274	0.1	6.367922e-06	0.07923044	0.1	6.367922e-06	0.0002009245	0.1	6.367922e-06	3.763421e-05	0.1	6.367922e-06	5.281559e-07	0.1	6.367922e-06	1.351929e-05	0.1	6.367922e-06	9.323507e-11	0.1
7.387202e-06	0.4800813	0.1	7.387202e-06	0.02722177	0.1	7.387202e-06	6.039463e-07	0.1	7.387202e-06	0.0002205798	0.1	7.387202e-06	0.308139	0.1	7.387202e-06	0.002355455	0.1	7.387202e-06	0.000209143	0.1	7.387202e-06	0.09053372	0.1	7.387202e-06	0.0001969828	0.1	7.387202e-06	3.689591e-05	0.1	7.387202e-06	6.386245e-07	0.1	7.387202e-06	1.325408e-05	0.1	7.387202e-06	9.140617e-11	0.1
9.425762e-06	0.4550363	0.1	9.425762e-06	0.02580166	0.1	9.425762e-06	5.802368e-07	0.1	9.425762e-06	0.0002699455	0.1	9.425762e-06	0.292064	0.1	9.425762e-06	0.002232961	0.1	9.425762e-06	0.0002012155	0.1	9.425762e-06	0.1118574	0.1	9.425762e-06	0.0001895152	0.1	9.425762e-06	3.549719e-05	0.1	9.425762e-06	8.542599e-07	0.1	9.425762e-06	1.275163e-05	0.1	9.425762e-06	8.794127e-11	0.1
1.179247e-05	0.4282483	0.1	1.179247e-05	0.02428271	0.1	1.179247e-05	5.548008e-07	0.1	1.179247e-05	0.0003221506	0.1	1.179247e-05	0.2748701	0.1	1.179247e-05	0.00210203	0.1	1.179247e-05	0.0001926824	0.1	1.179247e-05	0.1346656	0.1	1.179247e-05	0.0001814771	0.1	1.179247e-05	3.39916e-05	0.1	1.179247e-05	1.076636e-06	0.1	1.179247e-05	1.22108e-05	0.1	1.179247e-05	8.421166e-11	0.1
1.437793e-05	0.4014747	0.1	1.437793e-05	0.02276459	0.1	1.437793e-05	5.292908e-07	0.1	1.437793e-05	0.0003736411	0.1	1.437793e-05	0.2576856	0.1	1.437793e-05	0.001971269	0.1	1.437793e-05	0.0001840907	0.1	1.437793e-05	0.1574619	0.1	1.437793e-05	0.0001733839	0.1	1.437793e-05	3.247568e-05	0.1	1.437793e-05	1.270437e-06	0.1	1.437793e-05	1.166625e-05	0.1	1.437793e-05	8.045644e-11	0.1
1.795507e-05	0.3681577	0.1	1.795507e-05	0.02087543	0.1	1.795507e-05	4.974031e-07	0.1	1.795507e-05	0.0004366006	0.1	1.795507e-05	0.2363011	0.1	1.795507e-05	0.001808701	0.1	1.795507e-05	0.0001732967	0.1	1.795507e-05	0.1858305	0.1	1.795507e-05	0.000163216	0.1	1.795507e-05	3.057117e-05	0.1	1.795507e-05	1.457288e-06	0.1	1.795507e-05	1.098212e-05	0.1	1.795507e-05	7.573864e-11	0.1
2.019077e-05	0.3492563	0.1	2.019077e-05	0.01980368	0.1	2.019077e-05	4.7923e-07	0.1	2.019077e-05	0.0004716732	0.1	2.019077e-05	0.2241693	0.1	2.019077e-05	0.001716553	0.1	2.019077e-05	0.0001671148	0.1	2.019077e-05	0.2019249	0.1	2.019077e-05	0.0001573927	0.1	2.019077e-05	2.948043e-05	0.1	2.019077e-05	1.537355e-06	0.1	2.019077e-05	1.059031e-05	0.1	2.019077e-05	7.303669e-11	0.1
2.32151e-05	0.3257438	0.1	2.32151e-05	0.01847046	0.1	2.32151e-05	4.565248e-07	0.1	2.32151e-05	0.0005145318	0.1	2.32151e-05	0.2090779	0.1	2.32151e-05	0.001602015	0.1	2.32151e-05	0.0001593568	0.1	2.32151e-05	0.2219461	0.1	2.32151e-05	0.0001500848	0.1	2.32151e-05	2.811161e-05	0.1	2.32151e-05	1.615782e-06	0.1	2.32151e-05	1.00986e-05	0.1	2.32151e-05	6.964587e-11	0.1
2.729357e-05	0.2973088	0.1	2.729357e-05	0.01685813	0.1	2.729357e-05	4.288935e-07	0.1	2.729357e-05	0.0005650173	0.1	2.729357e-05	0.190827	0.1	2.729357e-05	0.001463638	0.1	2.729357e-05	0.0001498582	0.1	2.729357e-05	0.2461599	0.1	2.729357e-05	0.0001411371	0.1	2.729357e-05	2.643565e-05	0.1	2.729357e-05	1.687272e-06	0.1	2.729357e-05	9.496572e-06	0.1	2.729357e-05	6.549425e-11	0.1
3.265754e-05	0.2647356	0.1	3.265754e-05	0.01501115	0.1	3.265754e-05	3.969559e-07	0.1	3.265754e-05	0.0006206239	0.1	3.265754e-05	0.1699199	0.1	3.265754e-05	0.00130533	0.1	3.265754e-05	0.0001387887	0.1	3.265754e-05	0.273899	0.1	3.265754e-05	0.0001307097	0.1	3.265754e-05	2.448252e-05	0.1	3.265754e-05	1.747523e-06	0.1	3.265754e-05	8.794974e-06	0.1	3.265754e-05	6.065602e-11	0.1
3.802151e-05	0.2366847	0.1	3.802151e-05	0.01342059	0.1	3.802151e-05	3.691449e-07	0.1	3.802151e-05	0.0006661105	0.1	3.802151e-05	0.1519155	0.1	3.802151e-05	0.001169199	0.1	3.802151e-05	0.0001290569	0.1	3.802151e-05	0.2977885	0.1	3.802151e-05	0.0001215422	0.1	3.802151e-05	2.27654e-05	0.1	3.802151e-05	1.785927e-06	0.1	3.802151e-05	8.178156e-06	0.1	3.802151e-05	5.640244e-11	0.1
4.338547e-05	0.2123457	0.1	4.338547e-05	0.01204052	0.1	4.338547e-05	3.447217e-07	0.1	4.338547e-05	0.0007032948	0.1	4.338547e-05	0.1362936	0.1	4.338547e-05	0.001051246	0.1	4.338547e-05	0.000120427	0.1	4.338547e-05	0.3185181	0.1	4.338547e-05	0.0001134129	0.1	4.338547e-05	2.12427e-05	0.1	4.338547e-05	1.810738e-06	0.1	4.338547e-05	7.63118e-06	0.1	4.338547e-05	5.263051e-11	0.1
4.971468e-05	0.1875514	0.1	4.971468e-05	0.01063462	0.1	4.971468e-05	3.194866e-07	0.1	4.971468e-05	0.0007384043	0.1	4.971468e-05	0.1203794	0.1	4.971468e-05	0.0009312566	0.1	4.971468e-05	0.0001114146	0.1	4.971468e-05	0.3396374	0.1	4.971468e-05	0.000104923	0.1	4.971468e-05	1.965249e-05	0.1	4.971468e-05	1.828287e-06	0.1	4.971468e-05	7.059953e-06	0.1	4.971468e-05	4.869134e-11	0.1
5.668738e-05	0.1642582	0.1	5.668738e-05	0.009313836	0.1	5.668738e-05	2.953608e-07	0.1	5.668738e-05	0.0007681204	0.1	5.668738e-05	0.1054287	0.1	5.668738e-05	0.0008187045	0.1	5.668738e-05	0.0001026923	0.1	5.668738e-05	0.3594802	0.1	5.668738e-05	9.670655e-05	0.1	5.668738e-05	1.811348e-05	0.1	5.668738e-05	1.837541e-06	0.1	5.668738e-05	6.507117e-06	0.1	5.668738e-05	4.487901e-11	0.1
6.366008e-05	0.1443963	0.1	6.366008e-05	0.008187622	0.1	6.366008e-05	2.743738e-07	0.1	6.366008e-05	0.0007902172	0.1	6.366008e-05	0.09268045	0.1	6.366008e-05	0.0007228765	0.1	6.366008e-05	9.500727e-05	0.1	6.366008e-05	0.376402	0.1	6.366008e-05	8.946707e-05	0.1	6.366008e-05	1.675747e-05	0.1	6.366008e-05	1.839507e-06	0.1	6.366008e-05	6.020017e-06	0.1	6.366008e-05	4.152001e-11	0.1
7.063278e-05	0.1273426	0.1	7.063278e-05	0.007220636	0.1	7.063278e-05	2.559596e-07	0.1	7.063278e-05	0.0008061108	0.1	7.063278e-05	0.08173457	0.1	7.063278e-05	0.0006407112	0.1	7.063278e-05	8.817885e-05	0.1	7.063278e-05	0.3909333	0.1	7.063278e-05	8.303454e-05	0.1	7.063278e-05	1.55526e-05	0.1	7.063278e-05	1.836352e-06	0.1	7.063278e-05	5.587211e-06	0.1	7.063278e-05	3.853541e-11	0.1
7.760548e-05	0.1126127	0.1	7.760548e-05	0.006385413	0.1	7.760548e-05	2.396789e-07	0.1	7.760548e-05	0.0008169063	0.1	7.760548e-05	0.0722802	0.1	7.760548e-05	0.0005698326	0.1	7.760548e-05	8.206693e-05	0.1	7.760548e-05	0.4034865	0.1	7.760548e-05	7.727695e-05	0.1	7.760548e-05	1.447415e-05	0.1	7.760548e-05	1.829512e-06	0.1	7.760548e-05	5.199818e-06	0.1	7.760548e-05	3.586399e-11	0.1
8.388091e-05	0.1010251	0.1	8.388091e-05	0.005728367	0.1	8.388091e-05	2.265629e-07	0.1	8.388091e-05	0.0008229909	0.1	8.388091e-05	0.06484271	0.1	8.388091e-05	0.000514137	0.1	8.388091e-05	7.708707e-05	0.1	8.388091e-05	0.4133633	0.1	8.388091e-05	7.258576e-05	0.1	8.388091e-05	1.359544e-05	0.1	8.388091e-05	1.82102e-06	0.1	8.388091e-05	4.884175e-06	0.1	8.388091e-05	3.368736e-11	0.1
8.736726e-05	0.09518219	0.1	8.736726e-05	0.005397061	0.1	8.736726e-05	2.198251e-07	0.1	8.736726e-05	0.0008250887	0.1	8.736726e-05	0.06109247	0.1	8.736726e-05	0.000486075	0.1	8.736726e-05	7.450809e-05	0.1	8.736726e-05	0.4183441	0.1	8.736726e-05	7.015627e-05	0.1	8.736726e-05	1.314038e-05	0.1	8.736726e-05	1.81555e-06	0.1	8.736726e-05	4.72071e-06	0.1	8.736726e-05	3.256013e-11	0.1
9.015634e-05	0.09078436	0.1	9.015634e-05	0.005147693	0.1	9.015634e-05	2.146905e-07	0.1	9.015634e-05	0.0008261752	0.1	9.015634e-05	0.05826973	0.1	9.015634e-05	0.0004649632	0.1	9.015634e-05	7.253292e-05	0.1	9.015634e-05	0.4220934	0.1	9.015634e-05	6.829558e-05	0.1	9.015634e-05	1.279185e-05	0.1	9.015634e-05	1.810849e-06	0.1	9.015634e-05	4.595513e-06	0.1	9.015634e-05	3.16968e-11	0.1
9.189952e-05	0.08815292	0.1	9.189952e-05	0.004998484	0.1	9.189952e-05	2.1159e-07	0.1	9.189952e-05	0.0008266047	0.1	9.189952e-05	0.05658074	0.1	9.189952e-05	0.0004523351	0.1	9.189952e-05	7.133597e-05	0.1	9.189952e-05	0.4243369	0.1	9.189952e-05	6.716801e-05	0.1	9.189952e-05	1.258064e-05	0.1	9.189952e-05	1.807778e-06	0.1	9.189952e-05	4.519647e-06	0.1	9.189952e-05	3.117363e-11	0.1
9.407559e-05	0.08498814	0.1	9.407559e-05	0.004819034	0.1	9.407559e-05	2.07831e-07	0.1	9.407559e-05	0.0008268862	0.1	9.407559e-05	0.05454944	0.1	9.407559e-05	0.0004371517	0.1	9.407559e-05	6.988046e-05	0.1	9.407559e-05	0.4270353	0.1	9.407559e-05	6.579686e-05	0.1	9.407559e-05	1.232382e-05	0.1	9.407559e-05	1.803814e-06	0.1	9.407559e-05	4.427389e-06	0.1	9.407559e-05	3.053745e-11	0.1
9.728704e-05	0.08054853	0.1	9.728704e-05	0.004567297	0.1	9.728704e-05	2.024981e-07	0.1	9.728704e-05	0.000826815	0.1	9.728704e-05	0.05169988	0.1	9.728704e-05	0.0004158599	0.1	9.728704e-05	6.78072e-05	0.1	9.728704e-05	0.430821	0.1	9.728704e-05	6.384377e-05	0.1	9.728704e-05	1.195798e-05	0.1	9.728704e-05	1.797723e-06	0.1	9.728704e-05	4.295977e-06	0.1	9.728704e-05	2.963125e-11	0.1
0.0001013125	0.07534618	0.1	0.0001013125	0.004272311	0.1	0.0001013125	1.961511e-07	0.1	0.0001013125	0.0008259673	0.1	0.0001013125	0.04836077	0.1	0.0001013125	0.0003909218	0.1	0.0001013125	6.532676e-05	0.1	0.0001013125	0.4352575	0.1	0.0001013125	6.150708e-05	0.1	0.0001013125	1.152029e-05	0.1	0.0001013125	1.789727e-06	0.1	0.0001013125	4.138755e-06	0.1	0.0001013125	2.854707e-11	0.1
0.0001070081	0.06861276	0.1	0.0001070081	0.003890509	0.1	0.0001070081	1.87757e-07	0.1	0.0001070081	0.0008234713	0.1	0.0001070081	0.04403894	0.1	0.0001070081	0.0003586632	0.1	0.0001070081	6.202428e-05	0.1	0.0001070081	0.4410007	0.1	0.0001070081	5.8396e-05	0.1	0.0001070081	1.093755e-05	0.1	0.0001070081	1.777829e-06	0.1	0.0001070081	3.929427e-06	0.1	0.0001070081	2.710359e-11	0.1
0.0001115953	0.06367201	0.1	0.0001115953	0.003610357	0.1	0.0001115953	1.814488e-07	0.1	0.0001115953	0.0008204782	0.1	0.0001115953	0.04086773	0.1	0.0001115953	0.000335007	0.1	0.0001115953	5.952582e-05	0.1	0.0001115953	0.4452155	0.1	0.0001115953	5.604232e-05	0.1	0.0001115953	1.049668e-05	0.1	0.0001115953	1.767827e-06	0.1	0.0001115953	3.771061e-06	0.1	0.0001115953	2.601153e-11	0.1
0.0001157589	0.05952432	0.1	0.0001157589	0.003375173	0.1	0.0001157589	1.760407e-07	0.1	0.0001157589	0.0008170867	0.1	0.0001157589	0.03820555	0.1	0.0001157589	0.0003151572	0.1	0.0001157589	5.737239e-05	0.1	0.0001157589	0.4487544	0.1	0.0001157589	5.401368e-05	0.1	0.0001157589	1.011669e-05	0.1	0.0001157589	1.758479e-06	0.1	0.0001157589	3.634565e-06	0.1	0.0001157589	2.507029e-11	0.1
0.000121286	0.05446741	0.1	0.000121286	0.003088434	0.1	0.000121286	1.692868e-07	0.1	0.000121286	0.0008117014	0.1	0.000121286	0.03495978	0.1	0.000121286	0.0002909676	0.1	0.000121286	5.466845e-05	0.1	0.000121286	0.4530698	0.1	0.000121286	5.146644e-05	0.1	0.000121286	9.639557e-06	0.1	0.000121286	1.745732e-06	0.1	0.000121286	3.463174e-06	0.1	0.000121286	2.388842e-11	0.1
0.0001268131	0.04987328	0.1	0.0001268131	0.002827936	0.1	0.0001268131	1.629739e-07	0.1	0.0001268131	0.0008054259	0.1	0.0001268131	0.03201104	0.1	0.0001268131	0.0002690028	0.1	0.0001268131	5.212666e-05	0.1	0.0001268131	0.4569912	0.1	0.0001268131	4.907193e-05	0.1	0.0001268131	9.191033e-06	0.1	0.0001268131	1.732663e-06	0.1	0.0001268131	3.30206e-06	0.1	0.0001268131	2.277741e-11	0.1
0.0001323402	0.04569429	0.1	0.0001323402	0.002590977	0.1	0.0001323402	1.570594e-07	0.1	0.0001323402	0.0007983738	0.1	0.0001323402	0.02932877	0.1	0.0001323402	0.0002490321	0.1	0.0001323402	4.973317e-05	0.1	0.0001323402	0.460559	0.1	0.0001323402	4.681712e-05	0.1	0.0001323402	8.768676e-06	0.1	0.0001323402	1.71933e-06	0.1	0.0001323402	3.150345e-06	0.1	0.0001323402	2.173123e-11	0.1
0.0001362092	0.04299337	0.1	0.0001362092	0.002437828	0.1	0.0001362092	1.531359e-07	0.1	0.0001362092	0.0007930293	0.1	0.0001362092	0.02759519	0.1	0.0001362092	0.0002361295	0.1	0.0001362092	4.813937e-05	0.1	0.0001362092	0.4628654	0.1	0.0001362092	4.531566e-05	0.1	0.0001362092	8.487431e-06	0.1	0.0001362092	1.709865e-06	0.1	0.0001362092	3.049319e-06	0.1	0.0001362092	2.103459e-11	0.1
0.0001389728	0.04116886	0.1	0.0001389728	0.002334374	0.1	0.0001389728	1.504353e-07	0.1	0.0001389728	0.0007890263	0.1	0.0001389728	0.02642413	0.1	0.0001389728	0.0002274157	0.1	0.0001389728	4.703964e-05	0.1	0.0001389728	0.4644237	0.1	0.0001389728	4.427966e-05	0.1	0.0001389728	8.293372e-06	0.1	0.0001389728	1.703046e-06	0.1	0.0001389728	2.979611e-06	0.1	0.0001389728	2.05539e-11	0.1
0.0001425976	0.03889982	0.1	0.0001425976	0.002205714	0.1	0.0001425976	1.470143e-07	0.1	0.0001425976	0.0007835611	0.1	0.0001425976	0.02496776	0.1	0.0001425976	0.0002165812	0.1	0.0001425976	4.564368e-05	0.1	0.0001425976	0.466362	0.1	0.0001425976	4.296458e-05	0.1	0.0001425976	8.047036e-06	0.1	0.0001425976	1.694038e-06	0.1	0.0001425976	2.891125e-06	0.1	0.0001425976	1.994373e-11	0.1
0.0001469336	0.03635877	0.1	0.0001469336	0.00206163	0.1	0.0001469336	1.430925e-07	0.1	0.0001469336	0.000776732	0.1	0.0001469336	0.02333679	0.1	0.0001469336	0.000204451	0.1	0.0001469336	4.403967e-05	0.1	0.0001469336	0.468533	0.1	0.0001469336	4.14535e-05	0.1	0.0001469336	7.763986e-06	0.1	0.0001469336	1.683178e-06	0.1	0.0001469336	2.789451e-06	0.1	0.0001469336	1.924262e-11	0.1
0.0001534685	0.03285559	0.1	0.0001534685	0.001862991	0.1	0.0001534685	1.375057e-07	0.1	0.0001534685	0.0007659122	0.1	0.0001534685	0.02108828	0.1	0.0001534685	0.0001877331	0.1	0.0001534685	4.174891e-05	0.1	0.0001534685	0.471527	0.1	0.0001534685	3.929547e-05	0.1	0.0001534685	7.359749e-06	0.1	0.0001534685	1.666668e-06	0.1	0.0001534685	2.644246e-06	0.1	0.0001534685	1.824133e-11	0.1
0.0001574096	0.03091643	0.1	0.0001574096	0.001753036	0.1	0.0001574096	1.343102e-07	0.1	0.0001574096	0.0007591193	0.1	0.0001574096	0.01984364	0.1	0.0001574096	0.0001784816	0.1	0.0001574096	4.043619e-05	0.1	0.0001574096	0.4731847	0.1	0.0001574096	3.805881e-05	0.1	0.0001574096	7.1281e-06	0.1	0.0001574096	1.656641e-06	0.1	0.0001574096	2.561035e-06	0.1	0.0001574096	1.766755e-11	0.1
0.000162048	0.02878708	0.1	0.000162048	0.001632297	0.1	0.000162048	1.307042e-07	0.1	0.000162048	0.0007509015	0.1	0.000162048	0.01847692	0.1	0.000162048	0.0001683248	0.1	0.000162048	3.895324e-05	0.1	0.000162048	0.4750056	0.1	0.000162048	3.666177e-05	0.1	0.000162048	6.866409e-06	0.1	0.000162048	1.644787e-06	0.1	0.000162048	2.467034e-06	0.1	0.000162048	1.701935e-11	0.1
0.0001677323	0.02638506	0.1	0.0001677323	0.001496097	0.1	0.0001677323	1.264972e-07	0.1	0.0001677323	0.0007405453	0.1	0.0001677323	0.01693519	0.1	0.0001677323	0.0001568699	0.1	0.0001677323	3.722193e-05	0.1	0.0001677323	0.4770603	0.1	0.0001677323	3.503077e-05	0.1	0.0001677323	6.560888e-06	0.1	0.0001677323	1.630196e-06	0.1	0.0001677323	2.357288e-06	0.1	0.0001677323	1.626259e-11	0.1
0.0001734167	0.0241914	0.1	0.0001734167	0.001371711	0.1	0.0001734167	1.225062e-07	0.1	0.0001734167	0.000729924	0.1	0.0001734167	0.01552719	0.1	0.0001734167	0.000146411	0.1	0.0001734167	3.557927e-05	0.1	0.0001734167	0.4789374	0.1	0.0001734167	3.348328e-05	0.1	0.0001734167	6.271012e-06	0.1	0.0001734167	1.615552e-06	0.1	0.0001734167	2.253162e-06	0.1	0.0001734167	1.554458e-11	0.1
0.0001791011	0.02218679	0.1	0.0001791011	0.001258045	0.1	0.0001791011	1.187139e-07	0.1	0.0001791011	0.0007190844	0.1	0.0001791011	0.01424054	0.1	0.0001791011	0.0001368551	0.1	0.0001791011	3.401935e-05	0.1	0.0001791011	0.4806535	0.1	0.0001791011	3.201374e-05	0.1	0.0001791011	5.995732e-06	0.1	0.0001791011	1.60087e-06	0.1	0.0001791011	2.154281e-06	0.1	0.0001791011	1.486273e-11	0.1
0.0001836486	0.0207075	0.1	0.0001836486	0.001174166	0.1	0.0001836486	1.158127e-07	0.1	0.0001836486	0.0007102841	0.1	0.0001836486	0.01329106	0.1	0.0001836486	0.0001298045	0.1	0.0001836486	3.282736e-05	0.1	0.0001836486	0.4819204	0.1	0.0001836486	3.089082e-05	0.1	0.0001836486	5.785383e-06	0.1	0.0001836486	1.589108e-06	0.1	0.0001836486	2.078721e-06	0.1	0.0001836486	1.434171e-11	0.1
0.0001864908	0.01983513	0.1	0.0001864908	0.0011247	0.1	0.0001864908	1.140559e-07	0.1	0.0001864908	0.0007047355	0.1	0.0001864908	0.01273113	0.1	0.0001864908	0.0001256469	0.1	0.0001864908	3.210638e-05	0.1	0.0001864908	0.4826677	0.1	0.0001864908	3.021161e-05	0.1	0.0001864908	5.658149e-06	0.1	0.0001864908	1.581752e-06	0.1	0.0001864908	2.033018e-06	0.1	0.0001864908	1.402656e-11	0.1
0.0001901087	0.01877928	0.1	0.0001901087	0.001064831	0.1	0.0001901087	1.118792e-07	0.1	0.0001901087	0.0006976269	0.1	0.0001901087	0.01205344	0.1	0.0001901087	0.0001206153	0.1	0.0001901087	3.121425e-05	0.1	0.0001901087	0.4835724	0.1	0.0001901087	2.937117e-05	0.1	0.0001901087	5.500715e-06	0.1	0.0001901087	1.572386e-06	0.1	0.0001901087	1.976467e-06	0.1	0.0001901087	1.363661e-11	0.1
0.0001945575	0.01755993	0.1	0.0001945575	0.0009956906	0.1	0.0001945575	1.092899e-07	0.1	0.0001945575	0.0006888276	0.1	0.0001945575	0.0112708	0.1	0.0001945575	0.000114805	0.1	0.0001945575	3.015504e-05	0.1	0.0001945575	0.4846176	0.1	0.0001945575	2.837333e-05	0.1	0.0001945575	5.313792e-06	0.1	0.0001945575	1.560869e-06	0.1	0.0001945575	1.909323e-06	0.1	0.0001945575	1.317362e-11	0.1
0.0002012516	0.01587669	0.1	0.0002012516	0.0009002469	0.1	0.0002012516	1.055639e-07	0.1	0.0002012516	0.000675497	0.1	0.0002012516	0.01019042	0.1	0.0002012516	0.0001067849	0.1	0.0002012516	2.863574e-05	0.1	0.0002012516	0.4860611	0.1	0.0002012516	2.694207e-05	0.1	0.0002012516	5.045676e-06	0.1	0.0002012516	1.54355e-06	0.1	0.0002012516	1.813014e-06	0.1	0.0002012516	1.250952e-11	0.1
0.0002052777	0.01494502	0.1	0.0002052777	0.0008474186	0.1	0.0002052777	1.034151e-07	0.1	0.0002052777	0.0006674436	0.1	0.0002052777	0.009592423	0.1	0.0002052777	0.000102346	0.1	0.0002052777	2.776277e-05	0.1	0.0002052777	0.4868606	0.1	0.0002052777	2.611969e-05	0.1	0.0002052777	4.891619e-06	0.1	0.0002052777	1.533145e-06	0.1	0.0002052777	1.757676e-06	0.1	0.0002052777	1.212794e-11	0.1
0.000210025	0.01391811	0.1	0.000210025	0.0007891905	0.1	0.000210025	1.009648e-07	0.1	0.000210025	0.0006579281	0.1	0.000210025	0.008933306	0.1	0.000210025	9.745357e-05	0.1	0.000210025	2.677078e-05	0.1	0.000210025	0.4877421	0.1	0.000210025	2.518518e-05	0.1	0.000210025	4.716556e-06	0.1	0.000210025	1.520892e-06	0.1	0.000210025	1.694792e-06	0.1	0.000210025	1.169432e-11	0.1
0.000215854	0.01275531	0.1	0.000215854	0.0007232568	0.1	0.000215854	9.807255e-08	0.1	0.000215854	0.0006462342	0.1	0.000215854	0.008186963	0.1	0.000215854	9.191383e-05	0.1	0.000215854	2.560531e-05	0.1	0.000215854	0.4887408	0.1	0.000215854	2.408727e-05	0.1	0.000215854	4.510878e-06	0.1	0.000215854	1.505877e-06	0.1	0.000215854	1.620911e-06	0.1	0.000215854	1.118488e-11	0.1
0.000221683	0.0116916	0.1	0.000221683	0.0006629422	0.1	0.000221683	9.530038e-08	0.1	0.000221683	0.0006345502	0.1	0.000221683	0.007504227	0.1	0.000221683	8.684622e-05	0.1	0.000221683	2.44947e-05	0.1	0.000221683	0.489655	0.1	0.000221683	2.304103e-05	0.1	0.000221683	4.31488e-06	0.1	0.000221683	1.490902e-06	0.1	0.000221683	1.550507e-06	0.1	0.000221683	1.069942e-11	0.1
0.000227512	0.01071825	0.1	0.000227512	0.0006077506	0.1	0.000227512	9.264041e-08	0.1	0.000227512	0.0006228963	0.1	0.000227512	0.006879482	0.1	0.000227512	8.220897e-05	0.1	0.000227512	2.343588e-05	0.1	0.000227512	0.4904921	0.1	0.000227512	2.204359e-05	0.1	0.000227512	4.128017e-06	0.1	0.000227512	1.475974e-06	0.1	0.000227512	1.483386e-06	0.1	0.000227512	1.023659e-11	0.1
