Batch	m_SP	11	W4_L	W2	W3	W6	R	P1	P2	P3	P4	P5	P6																			
0.0	0.9999999912099999	0.1	0.0	0.0	0.1	0.0	0.0	0.1	0.0	0.0	0.1	0.0	0.0	0.1	0.0	0.0	0.1	0.0	0.0	0.1	0.0	0.0	0.1	0.0	0.0	0.1	0.0	0.0	0.1	0.0	0.0	0.1
7.867294e-13	0.9999999874500001	0.1	7.867294e-13	7.867294e-113	0.1	7.867294e-13	5.880235e-12	0.1	7.867294e-13	7.867294e-113	0.1	7.867294e-13	5.05509e-10	0.1	7.867294e-13	6.887398e-10	0.1	7.867294e-13	1.741342e-09	0.1	7.867294e-13	6.562521e-10	0.1	7.867294e-13	1.026649e-12	0.1	7.867294e-13	1.650377e-10	0.1	7.867294e-13	3.320246e-15	0.1
2.009284e-10	0.99999803542	0.1	2.009284e-10	2.009282e-110	0.1	2.009284e-10	1.490329e-09	0.1	2.009284e-10	2.009282e-110	0.1	2.009284e-10	1.2836e-07	0.1	2.009284e-10	1.748868e-07	0.1	2.009284e-10	4.421653e-07	0.1	2.009284e-10	1.666369e-07	0.1	2.009284e-10	2.630969e-10	0.1	2.009284e-10	4.190672e-08	0.1	2.009284e-10	8.430994e-13	0.1
8.682198e-10	0.9999919398699999	0.1	8.682198e-10	8.682145e-110	0.1	8.682198e-10	6.277546e-09	0.1	8.682198e-10	8.682145e-110	0.1	8.682198e-10	5.440867e-07	0.1	8.682198e-10	7.413136e-07	0.1	8.682198e-10	1.874214e-06	0.1	8.682198e-10	7.063275e-07	0.1	8.682198e-10	1.149364e-09	0.1	8.682198e-10	1.776318e-07	0.1	8.682198e-10	3.574803e-12	0.1
1.956546e-09	0.99998224101	0.1	1.956546e-09	1.95652e-109	0.1	1.956546e-09	1.357173e-08	0.1	1.956546e-09	1.95652e-109	0.1	1.956546e-09	1.188585e-06	0.1	1.956546e-09	1.61951e-06	0.1	1.956546e-09	4.094164e-06	0.1	1.956546e-09	1.542955e-06	0.1	1.956546e-09	2.633482e-09	0.1	1.956546e-09	3.880408e-07	0.1	1.956546e-09	7.819578e-12	0.1
3.564516e-09	0.9999691823200001	0.1	3.564516e-09	3.564433e-109	0.1	3.564516e-09	2.326265e-08	0.1	3.564516e-09	3.564433e-109	0.1	3.564516e-09	2.069524e-06	0.1	3.564516e-09	2.820147e-06	0.1	3.564516e-09	7.127872e-06	0.1	3.564516e-09	2.686279e-06	0.1	3.564516e-09	4.904223e-09	0.1	3.564516e-09	6.756189e-07	0.1	3.564516e-09	1.366521e-11	0.1
6.13727e-09	0.99995058032	0.1	6.13727e-09	6.137038e-109	0.1	6.13727e-09	3.635604e-08	0.1	6.13727e-09	6.137038e-109	0.1	6.13727e-09	3.319295e-06	0.1	6.13727e-09	4.524475e-06	0.1	6.13727e-09	1.142912e-05	0.1	6.13727e-09	4.307377e-06	0.1	6.13727e-09	8.696343e-09	0.1	6.13727e-09	1.083515e-06	0.1	6.13727e-09	2.213342e-11	0.1
1.000781e-08	0.9999273558500001	0.1	1.000781e-08	1.000725e-108	0.1	1.000781e-08	5.133439e-08	0.1	1.000781e-08	1.000725e-108	0.1	1.000781e-08	4.882291e-06	0.1	1.000781e-08	6.659165e-06	0.1	1.000781e-08	1.679977e-05	0.1	1.000781e-08	6.331753e-06	0.1	1.000781e-08	1.466298e-08	0.1	1.000781e-08	1.593359e-06	0.1	1.000781e-08	3.33e-11	0.1
1.486024e-08	0.9999047241599999	0.1	1.486024e-08	1.485913e-108	0.1	1.486024e-08	6.381852e-08	0.1	1.486024e-08	1.485913e-108	0.1	1.486024e-08	6.408485e-06	0.1	1.486024e-08	8.750395e-06	0.1	1.486024e-08	2.202543e-05	0.1	1.486024e-08	8.301981e-06	0.1	1.486024e-08	2.237904e-08	0.1	1.486024e-08	2.090589e-06	0.1	1.486024e-08	4.544319e-11	0.1
2.016895e-08	0.99988628351	0.1	2.016895e-08	2.016712e-108	0.1	2.016895e-08	7.157684e-08	0.1	2.016895e-08	2.016712e-108	0.1	2.016895e-08	7.65684e-06	0.1	2.016895e-08	1.047087e-05	0.1	2.016895e-08	2.627242e-05	0.1	2.016895e-08	9.903968e-06	0.1	2.016895e-08	3.086997e-08	0.1	2.016895e-08	2.496402e-06	0.1	2.016895e-08	5.72026e-11	0.1
2.730273e-08	0.9998688983899999	0.1	2.730273e-08	2.729982e-108	0.1	2.730273e-08	7.542771e-08	0.1	2.730273e-08	2.729982e-108	0.1	2.730273e-08	8.836766e-06	0.1	2.730273e-08	1.211425e-05	0.1	2.730273e-08	3.0239e-05	0.1	2.730273e-08	1.140148e-05	0.1	2.730273e-08	4.201049e-08	0.1	2.730273e-08	2.878398e-06	0.1	2.730273e-08	7.149349e-11	0.1
3.443652e-08	0.99985745525	0.1	3.443652e-08	3.443245e-108	0.1	3.443652e-08	7.45477e-08	0.1	3.443652e-08	3.443245e-108	0.1	3.443652e-08	9.624833e-06	0.1	3.443652e-08	1.323203e-05	0.1	3.443652e-08	3.283228e-05	0.1	3.443652e-08	1.238207e-05	0.1	3.443652e-08	5.256037e-08	0.1	3.443652e-08	3.131678e-06	0.1	3.443652e-08	8.476449e-11	0.1
4.15703e-08	0.999849857599	0.1	4.15703e-08	4.156505e-108	0.1	4.15703e-08	7.096842e-08	0.1	4.15703e-08	4.156505e-108	0.1	4.15703e-08	1.015393e-05	0.1	4.15703e-08	1.400281e-05	0.1	4.15703e-08	3.451679e-05	0.1	4.15703e-08	1.302062e-05	0.1	4.15703e-08	6.235467e-08	0.1	4.15703e-08	3.299842e-06	0.1	4.15703e-08	9.743101e-11	0.1
4.870409e-08	0.9998447464379999	0.1	4.870409e-08	4.869763e-108	0.1	4.870409e-08	6.597872e-08	0.1	4.870409e-08	4.869763e-108	0.1	4.870409e-08	1.051183e-05	0.1	4.870409e-08	1.454428e-05	0.1	4.870409e-08	3.56002e-05	0.1	4.870409e-08	1.343293e-05	0.1	4.870409e-08	7.13281e-08	0.1	4.870409e-08	3.411719e-06	0.1	4.870409e-08	1.097118e-10	0.1
5.583787e-08	0.9998414859490001	0.1	5.583787e-08	5.583021e-108	0.1	5.583787e-08	6.03837e-08	0.1	5.583787e-08	5.583021e-108	0.1	5.583787e-08	1.075652e-05	0.1	5.583787e-08	1.493408e-05	0.1	5.583787e-08	3.628613e-05	0.1	5.583787e-08	1.369563e-05	0.1	5.583787e-08	7.947676e-08	0.1	5.583787e-08	3.486366e-06	0.1	5.583787e-08	1.217274e-10	0.1
6.440374e-08	0.999838917168	0.1	6.440374e-08	6.439463e-108	0.1	6.440374e-08	5.35431e-08	0.1	6.440374e-08	6.439463e-108	0.1	6.440374e-08	1.095382e-05	0.1	6.440374e-08	1.52727e-05	0.1	6.440374e-08	3.677112e-05	0.1	6.440374e-08	1.38836e-05	0.1	6.440374e-08	8.821835e-08	0.1	6.440374e-08	3.544251e-06	0.1	6.440374e-08	1.359008e-10	0.1
7.29696e-08	0.999837345005	0.1	7.29696e-08	7.295905e-108	0.1	7.29696e-08	4.700736e-08	0.1	7.29696e-08	7.295905e-108	0.1	7.29696e-08	1.108495e-05	0.1	7.29696e-08	1.552243e-05	0.1	7.29696e-08	3.702435e-05	0.1	7.29696e-08	1.398432e-05	0.1	7.29696e-08	9.590935e-08	0.1	7.29696e-08	3.580373e-06	0.1	7.29696e-08	1.49861e-10	0.1
8.260426e-08	0.9998363311344	0.1	8.260426e-08	8.25921e-108	0.1	8.260426e-08	4.0302e-08	0.1	8.260426e-08	8.25921e-108	0.1	8.260426e-08	1.118514e-05	0.1	8.260426e-08	1.573952e-05	0.1	8.260426e-08	3.714396e-05	0.1	8.260426e-08	1.403537e-05	0.1	8.260426e-08	1.034388e-07	0.1	8.260426e-08	3.605436e-06	0.1	8.260426e-08	1.653575e-10	0.1
9.295145e-08	0.9998357212179001	0.1	9.295145e-08	9.293757e-108	0.1	9.295145e-08	3.398563e-08	0.1	9.295145e-08	9.293757e-108	0.1	9.295145e-08	1.126036e-05	0.1	9.295145e-08	1.592873e-05	0.1	9.295145e-08	3.716004e-05	0.1	9.295145e-08	1.404784e-05	0.1	9.295145e-08	1.10375e-07	0.1	9.295145e-08	3.621704e-06	0.1	9.295145e-08	1.817928e-10	0.1
1.046352e-07	0.9998353355659	0.1	1.046352e-07	1.046194e-107	0.1	1.046352e-07	2.794825e-08	0.1	1.046352e-07	1.046194e-107	0.1	1.046352e-07	1.132318e-05	0.1	1.046352e-07	1.611204e-05	0.1	1.046352e-07	3.710238e-05	0.1	1.046352e-07	1.40333e-05	0.1	1.046352e-07	1.16997e-07	0.1	1.046352e-07	3.632802e-06	0.1	1.046352e-07	2.001214e-10	0.1
1.172101e-07	0.9998350362206001	0.1	1.172101e-07	1.171922e-107	0.1	1.172101e-07	2.262643e-08	0.1	1.172101e-07	1.171922e-107	0.1	1.172101e-07	1.137713e-05	0.1	1.172101e-07	1.629013e-05	0.1	1.172101e-07	3.699455e-05	0.1	1.172101e-07	1.400033e-05	0.1	1.172101e-07	1.229435e-07	0.1	1.172101e-07	3.640252e-06	0.1	1.172101e-07	2.195961e-10	0.1
