Batch	m_SP	7	P1	W4_L	W3	R	P2_L	P3	P4											
0.0	9.9999e-06	0.1	0.0	0.0	0.1	0.0	0.0	0.1	0.0	0.0	0.1	0.0	0.0	0.1	0.0	0.0	0.1	0.0	0.0	0.1
2.490531e-10	9.99989500005e-06	0.1	2.490531e-10	8.595956e-15	0.1	2.490531e-10	6.079153e-15	0.1	2.490531e-10	2.307042e-16	0.1	2.490531e-10	2.500952898e-14	0.1	2.490531e-10	3.72766e-16	0.1	2.490531e-10	1.272596e-16	0.1
2.419262e-09	9.999856000440002e-06	0.1	2.419262e-09	8.736803e-14	0.1	2.419262e-09	6.194148e-14	0.1	2.419262e-09	2.316437e-15	0.1	2.419262e-09	2.491818099e-13	0.1	2.419262e-09	3.719399e-15	0.1	2.419262e-09	1.271107e-15	0.1
7.257224e-09	9.999800001e-06	0.1	7.257224e-09	2.814892e-13	0.1	7.257224e-09	2.009811e-13	0.1	7.257224e-09	7.480316e-15	0.1	7.257224e-09	7.810194680000001e-13	0.1	7.257224e-09	1.18495e-14	0.1	7.257224e-09	4.070353e-15	0.1
1.310512e-08	9.999767001330001e-06	0.1	1.310512e-08	5.325475e-13	0.1	1.310512e-08	3.840866e-13	0.1	1.310512e-08	1.467191e-14	0.1	1.310512e-08	1.459465845e-12	0.1	1.310512e-08	2.291014e-14	0.1	1.310512e-08	7.942962e-15	0.1
2.013109e-08	9.99974900151e-06	0.1	2.013109e-08	8.394513e-13	0.1	2.013109e-08	6.135429e-13	0.1	2.013109e-08	2.466849e-14	0.1	2.013109e-08	2.301195473e-12	0.1	2.013109e-08	3.795683e-14	0.1	2.013109e-08	1.333261e-14	0.1
2.896883e-08	9.9997400016e-06	0.1	2.896883e-08	1.21907e-12	0.1	2.896883e-08	9.06899e-13	0.1	2.896883e-08	3.928601e-14	0.1	2.896883e-08	3.3809263999999998e-12	0.1	2.896883e-08	5.952911e-14	0.1	2.896883e-08	2.127428e-14	0.1
4.058649e-08	9.999735001649999e-06	0.1	4.058649e-08	1.69708e-12	0.1	4.058649e-08	1.293113e-12	0.1	4.058649e-08	6.181794e-14	0.1	4.058649e-08	4.82018262e-12	0.1	4.058649e-08	9.217927e-14	0.1	4.058649e-08	3.369082e-14	0.1
5.717052e-08	9.99973100169e-06	0.1	5.717052e-08	2.333359e-12	0.1	5.717052e-08	1.840455e-12	0.1	5.717052e-08	1.001142e-13	0.1	5.717052e-08	6.90187642e-12	0.1	5.717052e-08	1.467222e-13	0.1	5.717052e-08	5.528563e-14	0.1
8.623949e-08	9.99972500175e-06	0.1	8.623949e-08	3.325197e-12	0.1	8.623949e-08	2.785171e-12	0.1	8.623949e-08	1.83026e-13	0.1	8.623949e-08	1.0614216139999999e-11	0.1	8.623949e-08	2.627518e-13	0.1	8.623949e-08	1.039845e-13	0.1
1.506303e-07	9.999712001880001e-06	0.1	1.506303e-07	5.056078e-12	0.1	1.506303e-07	4.810769e-12	0.1	1.506303e-07	4.259611e-13	0.1	1.506303e-07	1.90723836e-11	0.1	1.506303e-07	5.96472e-13	0.1	1.506303e-07	2.597905e-13	0.1
3.223393e-07	9.99967800222e-06	0.1	3.223393e-07	7.62035e-12	0.1	3.223393e-07	9.785259e-12	0.1	3.223393e-07	1.334683e-12	0.1	3.223393e-07	4.2661247e-11	0.1	3.223393e-07	1.823984e-12	0.1	3.223393e-07	9.79193e-13	0.1
6.412287e-07	9.99961600284e-06	0.1	6.412287e-07	9.084672e-12	0.1	6.412287e-07	1.75694e-11	0.1	6.412287e-07	3.442208e-12	0.1	6.412287e-07	8.8134159e-11	0.1	6.412287e-07	4.646995e-12	0.1	6.412287e-07	3.345372e-12	0.1
1.153604e-06	9.999518003819999e-06	0.1	1.153604e-06	9.406197e-12	0.1	1.153604e-06	2.692385e-11	0.1	1.153604e-06	7.088508e-12	0.1	1.153604e-06	1.62231669e-10	0.1	1.153604e-06	9.519354e-12	0.1	1.153604e-06	9.374091e-12	0.1
2.0692e-06	9.99934400556e-06	0.1	2.0692e-06	9.429143e-12	0.1	2.0692e-06	3.713787e-11	0.1	2.0692e-06	1.367866e-11	0.1	2.0692e-06	2.94940549e-10	0.1	2.0692e-06	1.832208e-11	0.1	2.0692e-06	2.473508e-11	0.1
3.696884e-06	9.99903800862e-06	0.1	3.696884e-06	9.433466e-12	0.1	3.696884e-06	4.479811e-11	0.1	3.696884e-06	2.540722e-11	0.1	3.696884e-06	5.3089768e-10	0.1	3.696884e-06	3.39861e-11	0.1	3.696884e-06	5.944838e-11	0.1
5.889101e-06	9.998629012710001e-06	0.1	5.889101e-06	9.440697e-12	0.1	5.889101e-06	4.758488e-11	0.1	5.889101e-06	4.121545e-11	0.1	5.889101e-06	8.4864342e-10	0.1	5.889101e-06	5.509141e-11	0.1	5.889101e-06	1.115124e-10	0.1
9.022449e-06	9.99804501855e-06	0.1	9.022449e-06	9.453923e-12	0.1	9.022449e-06	4.825361e-11	0.1	9.022449e-06	6.383627e-11	0.1	9.022449e-06	1.30257071e-09	0.1	9.022449e-06	8.526878e-11	0.1	9.022449e-06	1.882624e-10	0.1
1.427061e-05	9.99706702833e-06	0.1	1.427061e-05	9.488469e-12	0.1	1.427061e-05	4.832639e-11	0.1	1.427061e-05	1.01826e-10	0.1	1.427061e-05	2.06190706e-09	0.1	1.427061e-05	1.358526e-10	0.1	1.427061e-05	3.175416e-10	0.1
2.651632e-05	9.99479405106e-06	0.1	2.651632e-05	9.631595e-12	0.1	2.651632e-05	4.834207e-11	0.1	2.651632e-05	1.913291e-10	0.1	2.651632e-05	3.8258228400000006e-09	0.1	2.651632e-05	2.542149e-10	0.1	2.651632e-05	6.192432e-10	0.1
4.973638e-05	9.99052709373e-06	0.1	4.973638e-05	1.013574e-11	0.1	4.973638e-05	4.839063e-11	0.1	4.973638e-05	3.669993e-10	0.1	4.973638e-05	7.1177574e-09	0.1	4.973638e-05	4.809514e-10	0.1	4.973638e-05	1.191049e-09	0.1
8.998691e-05	9.98337116529e-06	0.1	8.998691e-05	1.165306e-11	0.1	8.998691e-05	4.860023e-11	0.1	8.998691e-05	7.043628e-10	0.1	8.998691e-05	1.2540246600000001e-08	0.1	8.998691e-05	8.857297e-10	0.1	8.998691e-05	2.181107e-09	0.1
0.0001467968	9.974058258420001e-06	0.1	0.0001467968	1.479189e-11	0.1	0.0001467968	4.913135e-11	0.1	0.0001467968	1.290754e-09	0.1	0.0001467968	1.92670402e-08	0.1	0.0001467968	1.487496e-09	0.1	0.0001467968	3.575123e-09	0.1
0.0002191972	9.96385636044e-06	0.1	0.0002191972	1.944189e-11	0.1	0.0002191972	5.017318e-11	0.1	0.0002191972	2.276789e-09	0.1	0.0002191972	2.5915823600000002e-08	0.1	0.0002191972	2.281171e-09	0.1	0.0002191972	5.34305e-09	0.1
0.0002664004	9.95821641684e-06	0.1	0.0002664004	2.233891e-11	0.1	0.0002664004	5.105253e-11	0.1	0.0002664004	3.067854e-09	0.1	0.0002664004	2.91133873e-08	0.1	0.0002664004	2.783769e-09	0.1	0.0002664004	6.488157e-09	0.1
0.0003214927	9.95251547385e-06	0.1	0.0003214927	2.52991e-11	0.1	0.0003214927	5.226351e-11	0.1	0.0003214927	4.122034e-09	0.1	0.0003214927	3.1888538e-08	0.1	0.0003214927	3.325358e-09	0.1	0.0003214927	7.814513e-09	0.1
0.0003884183	9.946615538168399e-06	0.1	0.0003884183	2.817638e-11	0.1	0.0003884183	5.398689e-11	0.1	0.0003884183	5.554003e-09	0.1	0.0003884183	3.4190922e-08	0.1	0.0003884183	3.892362e-09	0.1	0.0003884183	9.407318e-09	0.1
0.0004829172	9.939652608494701e-06	0.1	0.0004829172	3.104185e-11	0.1	0.0004829172	5.686061e-11	0.1	0.0004829172	7.763296e-09	0.1	0.0004829172	3.6116109e-08	0.1	0.0004829172	4.509009e-09	0.1	0.0004829172	1.16133e-08	0.1
0.0006002374	9.93239968175e-06	0.1	0.0006002374	3.325763e-11	0.1	0.0006002374	6.107683e-11	0.1	0.0006002374	1.064425e-08	0.1	0.0006002374	3.7319039e-08	0.1	0.0006002374	5.019666e-09	0.1	0.0006002374	1.426581e-08	0.1
0.0007327718	9.9252827536317e-06	0.1	0.0007327718	3.480996e-11	0.1	0.0007327718	6.656965e-11	0.1	0.0007327718	1.389178e-08	0.1	0.0007327718	3.7971218e-08	0.1	0.0007327718	5.370066e-09	0.1	0.0007327718	1.712551e-08	0.1
0.0008710338	9.9186338207866e-06	0.1	0.0008710338	3.596488e-11	0.1	0.0008710338	7.29297e-11	0.1	0.0008710338	1.71253e-08	0.1	0.0008710338	3.8346243e-08	0.1	0.0008710338	5.596032e-09	0.1	0.0008710338	1.993285e-08	0.1
0.001032206	9.9116538912846e-06	0.1	0.001032206	3.709472e-11	0.1	0.001032206	8.086377e-11	0.1	0.001032206	2.058416e-08	0.1	0.001032206	3.8652404e-08	0.1	0.001032206	5.776747e-09	0.1	0.001032206	2.295798e-08	0.1
0.001223565	9.904339965156e-06	0.1	0.001223565	3.83301e-11	0.1	0.001223565	9.05741e-11	0.1	0.001223565	2.418116e-08	0.1	0.001223565	3.8961095e-08	0.1	0.001223565	5.945212e-09	0.1	0.001223565	2.618712e-08	0.1
0.001452196	9.896920040097999e-06	0.1	0.001452196	3.970437e-11	0.1	0.001452196	1.019692e-10	0.1	0.001452196	2.773616e-08	0.1	0.001452196	3.9298431e-08	0.1	0.001452196	6.119595e-09	0.1	0.001452196	2.952734e-08	0.1
0.001725417	9.8898031119797e-06	0.1	0.001725417	4.115018e-11	0.1	0.001725417	1.145342e-10	0.1	0.001725417	3.101246e-08	0.1	0.001725417	3.9655061e-08	0.1	0.001725417	6.300338e-09	0.1	0.001725417	3.281679e-08	0.1
0.00211799	9.8824131866187e-06	0.1	0.00211799	4.276095e-11	0.1	0.00211799	1.296152e-10	0.1	0.00211799	3.422664e-08	0.1	0.00211799	4.0056577e-08	0.1	0.00211799	6.502658e-09	0.1	0.00211799	3.637253e-08	0.1
0.002543564	9.8772522387448e-06	0.1	0.002543564	4.391802e-11	0.1	0.002543564	1.417321e-10	0.1	0.002543564	3.631469e-08	0.1	0.002543564	4.0347761e-08	0.1	0.002543564	6.648841e-09	0.1	0.002543564	3.899439e-08	0.1
