Batch	m_SP	13	W4	W1	W2	W3	W5	W6	R	P1	P2	P3	P4	P5	P6																							
6.861993e-08	0.9844164	0.1	6.861993e-08	0.002025288	0.1	6.861993e-08	4.681451e-15	0.1	6.861993e-08	1.988241e-14	0.1	6.861993e-08	0.01355827	0.1	6.861993e-08	6.800022e-11	0.1	6.861993e-08	9.722194e-14	0.1	6.861993e-08	2.824577e-12	0.1	6.861993e-08	4.894354e-12	0.1	6.861993e-08	1.173566e-13	0.1	6.861993e-08	4.31764e-22	0.1	6.861993e-08	1.617863e-14	0.1	6.861993e-08	7.082706e-24	0.1
1.034231e-07	0.9767848	0.1	1.034231e-07	0.002905268	0.1	1.034231e-07	7.094903e-15	0.1	1.034231e-07	3.170115e-14	0.1	1.034231e-07	0.02030994	0.1	1.034231e-07	1.028604e-10	0.1	1.034231e-07	1.473353e-13	0.1	1.034231e-07	4.279181e-12	0.1	1.034231e-07	7.416069e-12	0.1	1.034231e-07	1.778455e-13	0.1	1.034231e-07	6.541857e-22	0.1	1.034231e-07	2.451673e-14	0.1	1.034231e-07	1.073312e-23	0.1
1.455354e-07	0.9677763	0.1	1.455354e-07	0.003854346	0.1	1.455354e-07	1.00457e-14	0.1	1.455354e-07	4.734208e-14	0.1	1.455354e-07	0.02836931	0.1	1.455354e-07	1.453225e-10	0.1	1.455354e-07	2.086064e-13	0.1	1.455354e-07	6.056504e-12	0.1	1.455354e-07	1.049828e-11	0.1	1.455354e-07	2.517999e-13	0.1	1.455354e-07	9.260158e-22	0.1	1.455354e-07	3.471045e-14	0.1	1.455354e-07	1.519601e-23	0.1
1.960503e-07	0.9572757	0.1	1.960503e-07	0.004844166	0.1	1.960503e-07	1.362414e-14	0.1	1.960503e-07	6.779605e-14	0.1	1.960503e-07	0.03788014	0.1	1.960503e-07	1.966039e-10	0.1	1.960503e-07	2.829178e-13	0.1	1.960503e-07	8.210492e-12	0.1	1.960503e-07	1.423514e-11	0.1	1.960503e-07	3.414908e-13	0.1	1.960503e-07	1.255541e-21	0.1	1.960503e-07	4.707272e-14	0.1	1.960503e-07	2.060844e-23	0.1
2.486658e-07	0.9466673	0.1	2.486658e-07	0.005724441	0.1	2.486658e-07	1.739044e-14	0.1	2.486658e-07	9.077904e-14	0.1	2.486658e-07	0.04760827	0.1	2.486658e-07	2.503516e-10	0.1	2.486658e-07	3.611483e-13	0.1	2.486658e-07	1.047628e-11	0.1	2.486658e-07	1.816753e-11	0.1	2.486658e-07	4.359086e-13	0.1	2.486658e-07	1.602267e-21	0.1	2.486658e-07	6.008612e-14	0.1	2.486658e-07	2.630604e-23	0.1
3.012813e-07	0.9363702	0.1	3.012813e-07	0.006471624	0.1	3.012813e-07	2.119082e-14	0.1	3.012813e-07	1.15204e-13	0.1	3.012813e-07	0.05715816	0.1	3.012813e-07	3.043752e-10	0.1	3.012813e-07	4.401135e-13	0.1	3.012813e-07	1.276158e-11	0.1	3.012813e-07	2.213532e-11	0.1	3.012813e-07	5.312099e-13	0.1	3.012813e-07	1.952074e-21	0.1	3.012813e-07	7.322114e-14	0.1	3.012813e-07	3.205697e-23	0.1
3.538969e-07	0.9263628	0.1	3.538969e-07	0.007103879	0.1	3.538969e-07	2.502025e-14	0.1	3.538969e-07	1.408339e-13	0.1	3.538969e-07	0.06653335	0.1	3.538969e-07	3.586177e-10	0.1	3.538969e-07	5.197156e-13	0.1	3.538969e-07	1.50636e-11	0.1	3.538969e-07	2.61336e-11	0.1	3.538969e-07	6.272771e-13	0.1	3.538969e-07	2.304533e-21	0.1	3.538969e-07	8.646175e-14	0.1	3.538969e-07	3.785418e-23	0.1
4.065124e-07	0.9166258	0.1	4.065124e-07	0.007636927	0.1	4.065124e-07	2.887435e-14	0.1	4.065124e-07	1.674644e-13	0.1	4.065124e-07	0.07573727	0.1	4.065124e-07	4.130305e-10	0.1	4.065124e-07	5.9987e-13	0.1	4.065124e-07	1.737992e-11	0.1	4.065124e-07	3.015816e-11	0.1	4.065124e-07	7.240082e-13	0.1	4.065124e-07	2.659274e-21	0.1	4.065124e-07	9.979408e-14	0.1	4.065124e-07	4.369158e-23	0.1
4.678325e-07	0.9055968	0.1	4.678325e-07	0.008150977	0.1	4.678325e-07	3.339221e-14	0.1	4.678325e-07	1.995302e-13	0.1	4.678325e-07	0.08625217	0.1	4.678325e-07	4.766047e-10	0.1	4.678325e-07	6.93885e-13	0.1	4.678325e-07	2.009475e-11	0.1	4.678325e-07	3.487684e-11	0.1	4.678325e-07	8.374634e-13	0.1	4.678325e-07	3.075155e-21	0.1	4.678325e-07	1.154319e-13	0.1	4.678325e-07	5.053842e-23	0.1
5.313287e-07	0.8945144	0.1	5.313287e-07	0.008580265	0.1	5.313287e-07	3.809494e-14	0.1	5.313287e-07	2.336625e-13	0.1	5.313287e-07	0.09690531	0.1	5.313287e-07	5.425594e-10	0.1	5.313287e-07	7.91817e-13	0.1	5.313287e-07	2.292042e-11	0.1	5.313287e-07	3.979007e-11	0.1	5.313287e-07	9.556422e-13	0.1	5.313287e-07	3.508141e-21	0.1	5.313287e-07	1.317215e-13	0.1	5.313287e-07	5.767062e-23	0.1
5.948249e-07	0.8837534	0.1	5.948249e-07	0.008921753	0.1	5.948249e-07	4.281794e-14	0.1	5.948249e-07	2.685219e-13	0.1	5.948249e-07	0.1073249	0.1	5.948249e-07	6.085895e-10	0.1	5.948249e-07	8.90248e-13	0.1	5.948249e-07	2.575826e-11	0.1	5.948249e-07	4.472632e-11	0.1	5.948249e-07	1.07442e-12	0.1	5.948249e-07	3.943113e-21	0.1	5.948249e-07	1.480945e-13	0.1	5.948249e-07	6.483933e-23	0.1
6.583211e-07	0.8732939	0.1	6.583211e-07	0.009189904	0.1	6.583211e-07	4.755725e-14	0.1	6.583211e-07	3.039245e-13	0.1	6.583211e-07	0.1175162	0.1	6.583211e-07	6.746521e-10	0.1	6.583211e-07	9.890999e-13	0.1	6.583211e-07	2.860606e-11	0.1	6.583211e-07	4.968169e-11	0.1	6.583211e-07	1.193703e-12	0.1	6.583211e-07	4.379731e-21	0.1	6.583211e-07	1.645382e-13	0.1	6.583211e-07	7.203891e-23	0.1
7.218174e-07	0.8631187	0.1	7.218174e-07	0.009396856	0.1	7.218174e-07	5.230953e-14	0.1	7.218174e-07	3.397175e-13	0.1	7.218174e-07	0.1274844	0.1	7.218174e-07	7.40712e-10	0.1	7.218174e-07	1.088307e-12	0.1	7.218174e-07	3.146198e-11	0.1	7.218174e-07	5.465292e-11	0.1	7.218174e-07	1.313412e-12	0.1	7.218174e-07	4.81771e-21	0.1	7.218174e-07	1.810417e-13	0.1	7.218174e-07	7.926463e-23	0.1
7.853136e-07	0.8532126	0.1	7.853136e-07	0.009552797	0.1	7.853136e-07	5.707201e-14	0.1	7.853136e-07	3.757737e-13	0.1	7.853136e-07	0.1372346	0.1	7.853136e-07	8.067401e-10	0.1	7.853136e-07	1.187814e-12	0.1	7.853136e-07	3.432446e-11	0.1	7.853136e-07	5.963728e-11	0.1	7.853136e-07	1.433481e-12	0.1	7.853136e-07	5.25681e-21	0.1	7.853136e-07	1.97596e-13	0.1	7.853136e-07	8.65125e-23	0.1
8.615169e-07	0.8416603	0.1	8.615169e-07	0.009684542	0.1	8.615169e-07	6.279782e-14	0.1	8.615169e-07	4.192465e-13	0.1	8.615169e-07	0.1486551	0.1	8.615169e-07	8.859069e-10	0.1	8.615169e-07	1.307567e-12	0.1	8.615169e-07	3.776666e-11	0.1	8.615169e-07	6.563325e-11	0.1	8.615169e-07	1.577976e-12	0.1	8.615169e-07	5.784984e-21	0.1	8.615169e-07	2.175196e-13	0.1	8.615169e-07	9.52354e-23	0.1
9.377203e-07	0.8304559	0.1	9.377203e-07	0.009767263	0.1	9.377203e-07	6.853173e-14	0.1	9.377203e-07	4.627998e-13	0.1	9.377203e-07	0.1597769	0.1	9.377203e-07	9.649612e-10	0.1	9.377203e-07	1.427619e-12	0.1	9.377203e-07	4.121463e-11	0.1	9.377203e-07	7.164158e-11	0.1	9.377203e-07	1.722828e-12	0.1	9.377203e-07	6.3142e-21	0.1	9.377203e-07	2.374944e-13	0.1	9.377203e-07	1.039806e-22	0.1
1.013924e-06	0.8195813	0.1	1.013924e-06	0.009810844	0.1	1.013924e-06	7.427109e-14	0.1	1.013924e-06	5.063166e-13	0.1	1.013924e-06	0.1706078	0.1	1.013924e-06	1.043878e-09	0.1	1.013924e-06	1.547916e-12	0.1	1.013924e-06	4.466689e-11	0.1	1.013924e-06	7.765961e-11	0.1	1.013924e-06	1.867974e-12	0.1	1.013924e-06	6.844227e-21	0.1	1.013924e-06	2.575117e-13	0.1	1.013924e-06	1.127443e-22	0.1
1.090127e-06	0.809021	0.1	1.090127e-06	0.009823286	0.1	1.090127e-06	8.001381e-14	0.1	1.090127e-06	5.497042e-13	0.1	1.090127e-06	0.1811557	0.1	1.090127e-06	1.122637e-09	0.1	1.090127e-06	1.668415e-12	0.1	1.090127e-06	4.812225e-11	0.1	1.090127e-06	8.368522e-11	0.1	1.090127e-06	2.01336e-12	0.1	1.090127e-06	7.374879e-21	0.1	1.090127e-06	2.775641e-13	0.1	1.090127e-06	1.215231e-22	0.1
1.16633e-06	0.7987609	0.1	1.16633e-06	0.009811066	0.1	1.16633e-06	8.575818e-14	0.1	1.16633e-06	5.928904e-13	0.1	1.16633e-06	0.191428	0.1	1.16633e-06	1.201225e-09	0.1	1.16633e-06	1.78908e-12	0.1	1.16633e-06	5.157976e-11	0.1	1.16633e-06	8.971667e-11	0.1	1.16633e-06	2.158944e-12	0.1	1.16633e-06	7.906004e-21	0.1	1.16633e-06	2.976457e-13	0.1	1.16633e-06	1.303147e-22	0.1
1.251943e-06	0.7875766	0.1	1.251943e-06	0.009774382	0.1	1.251943e-06	9.221218e-14	0.1	1.251943e-06	6.410992e-13	0.1	1.251943e-06	0.202649	0.1	1.251943e-06	1.289299e-09	0.1	1.251943e-06	1.924807e-12	0.1	1.251943e-06	5.54658e-11	0.1	1.251943e-06	9.649811e-11	0.1	1.251943e-06	2.322697e-12	0.1	1.251943e-06	8.503127e-21	0.1	1.251943e-06	3.20236e-13	0.1	1.251943e-06	1.402042e-22	0.1
1.343828e-06	0.7759588	0.1	1.343828e-06	0.009714436	0.1	1.343828e-06	9.913783e-14	0.1	1.343828e-06	6.924104e-13	0.1	1.343828e-06	0.2143267	0.1	1.343828e-06	1.383558e-09	0.1	1.343828e-06	2.070634e-12	0.1	1.343828e-06	5.963753e-11	0.1	1.343828e-06	1.037809e-10	0.1	1.343828e-06	2.498632e-12	0.1	1.343828e-06	9.144342e-21	0.1	1.343828e-06	3.445096e-13	0.1	1.343828e-06	1.508305e-22	0.1
1.435713e-06	0.7647233	0.1	1.435713e-06	0.009638758	0.1	1.435713e-06	1.060609e-13	0.1	1.435713e-06	7.432243e-13	0.1	1.435713e-06	0.2256379	0.1	1.435713e-06	1.477533e-09	0.1	1.435713e-06	2.216591e-12	0.1	1.435713e-06	6.380947e-11	0.1	1.435713e-06	1.110669e-10	0.1	1.435713e-06	2.674719e-12	0.1	1.435713e-06	9.785784e-21	0.1	1.435713e-06	3.688072e-13	0.1	1.435713e-06	1.614671e-22	0.1
1.527599e-06	0.7538542	0.1	1.527599e-06	0.009551767	0.1	1.527599e-06	1.129802e-13	0.1	1.527599e-06	7.93504e-13	0.1	1.527599e-06	0.2365941	0.1	1.527599e-06	1.571219e-09	0.1	1.527599e-06	2.362652e-12	0.1	1.527599e-06	6.798101e-11	0.1	1.527599e-06	1.183548e-10	0.1	1.527599e-06	2.85093e-12	0.1	1.527599e-06	1.042735e-20	0.1	1.527599e-06	3.931246e-13	0.1	1.527599e-06	1.721121e-22	0.1
1.619484e-06	0.7433367	0.1	1.619484e-06	0.00945687	0.1	1.619484e-06	1.198952e-13	0.1	1.619484e-06	8.432254e-13	0.1	1.619484e-06	0.2472064	0.1	1.619484e-06	1.664615e-09	0.1	1.619484e-06	2.508798e-12	0.1	1.619484e-06	7.21517e-11	0.1	1.619484e-06	1.256439e-10	0.1	1.619484e-06	3.02724e-12	0.1	1.619484e-06	1.106897e-20	0.1	1.619484e-06	4.174584e-13	0.1	1.619484e-06	1.82764e-22	0.1
1.730174e-06	0.7311149	0.1	1.730174e-06	0.009335721	0.1	1.730174e-06	1.282188e-13	0.1	1.730174e-06	9.023617e-13	0.1	1.730174e-06	0.2595494	0.1	1.730174e-06	1.776743e-09	0.1	1.730174e-06	2.684945e-12	0.1	1.730174e-06	7.717432e-11	0.1	1.730174e-06	1.344253e-10	0.1	1.730174e-06	3.239738e-12	0.1	1.730174e-06	1.184189e-20	0.1	1.730174e-06	4.467906e-13	0.1	1.730174e-06	1.956037e-22	0.1
1.840864e-06	0.7193624	0.1	1.840864e-06	0.009210295	0.1	1.840864e-06	1.365345e-13	0.1	1.840864e-06	9.606569e-13	0.1	1.840864e-06	0.2714273	0.1	1.840864e-06	1.888458e-09	0.1	1.840864e-06	2.861172e-12	0.1	1.840864e-06	8.219479e-11	0.1	1.840864e-06	1.432065e-10	0.1	1.840864e-06	3.452329e-12	0.1	1.840864e-06	1.261472e-20	0.1	1.840864e-06	4.761394e-13	0.1	1.840864e-06	2.084503e-22	0.1
1.951554e-06	0.7080591	0.1	1.951554e-06	0.009083069	0.1	1.951554e-06	1.448421e-13	0.1	1.951554e-06	1.018112e-12	0.1	1.951554e-06	0.2828579	0.1	1.951554e-06	1.999768e-09	0.1	1.951554e-06	3.037464e-12	0.1	1.951554e-06	8.721284e-11	0.1	1.951554e-06	1.519868e-10	0.1	1.951554e-06	3.664994e-12	0.1	1.951554e-06	1.338741e-20	0.1	1.951554e-06	5.055022e-13	0.1	1.951554e-06	2.213027e-22	0.1
2.066695e-06	0.6967579	0.1	2.066695e-06	0.008950724	0.1	2.066695e-06	1.534749e-13	0.1	2.066695e-06	1.076994e-12	0.1	2.066695e-06	0.2942914	0.1	2.066695e-06	2.115134e-09	0.1	2.066695e-06	3.220901e-12	0.1	2.066695e-06	9.242988e-11	0.1	2.066695e-06	1.611188e-10	0.1	2.066695e-06	3.886274e-12	0.1	2.066695e-06	1.4191e-20	0.1	2.066695e-06	5.360583e-13	0.1	2.066695e-06	2.346771e-22	0.1
2.199638e-06	0.6842633	0.1	2.199638e-06	0.008799704	0.1	2.199638e-06	1.634311e-13	0.1	2.199638e-06	1.143883e-12	0.1	2.199638e-06	0.306937	0.1	2.199638e-06	2.247822e-09	0.1	2.199638e-06	3.43276e-12	0.1	2.199638e-06	9.844993e-11	0.1	2.199638e-06	1.716607e-10	0.1	2.199638e-06	4.141834e-12	0.1	2.199638e-06	1.511856e-20	0.1	2.199638e-06	5.713527e-13	0.1	2.199638e-06	2.501251e-22	0.1
2.332581e-06	0.6723352	0.1	2.332581e-06	0.008651978	0.1	2.332581e-06	1.733752e-13	0.1	2.332581e-06	1.209627e-12	0.1	2.332581e-06	0.3190128	0.1	2.332581e-06	2.379975e-09	0.1	2.332581e-06	3.644671e-12	0.1	2.332581e-06	1.04466e-10	0.1	2.332581e-06	1.822e-10	0.1	2.332581e-06	4.397451e-12	0.1	2.332581e-06	1.604582e-20	0.1	2.332581e-06	6.0666e-13	0.1	2.332581e-06	2.655783e-22	0.1
2.465524e-06	0.660947	0.1	2.465524e-06	0.00850847	0.1	2.465524e-06	1.833076e-13	0.1	2.465524e-06	1.274263e-12	0.1	2.465524e-06	0.3305445	0.1	2.465524e-06	2.511615e-09	0.1	2.465524e-06	3.856627e-12	0.1	2.465524e-06	1.104782e-10	0.1	2.465524e-06	1.927365e-10	0.1	2.465524e-06	4.653118e-12	0.1	2.465524e-06	1.697276e-20	0.1	2.465524e-06	6.419787e-13	0.1	2.465524e-06	2.810362e-22	0.1
2.625493e-06	0.6479241	0.1	2.625493e-06	0.008342147	0.1	2.625493e-06	1.952437e-13	0.1	2.625493e-06	1.350627e-12	0.1	2.625493e-06	0.3437338	0.1	2.625493e-06	2.669364e-09	0.1	2.625493e-06	4.111722e-12	0.1	2.625493e-06	1.177074e-10	0.1	2.625493e-06	2.054112e-10	0.1	2.625493e-06	4.960814e-12	0.1	2.625493e-06	1.808772e-20	0.1	2.625493e-06	6.844907e-13	0.1	2.625493e-06	2.996418e-22	0.1
2.785462e-06	0.6356055	0.1	2.785462e-06	0.008183221	0.1	2.785462e-06	2.071638e-13	0.1	2.785462e-06	1.425516e-12	0.1	2.785462e-06	0.3562112	0.1	2.785462e-06	2.826435e-09	0.1	2.785462e-06	4.366866e-12	0.1	2.785462e-06	1.249312e-10	0.1	2.785462e-06	2.180819e-10	0.1	2.785462e-06	5.268561e-12	0.1	2.785462e-06	1.920222e-20	0.1	2.785462e-06	7.27016e-13	0.1	2.785462e-06	3.182528e-22	0.1
2.95222e-06	0.6234724	0.1	2.95222e-06	0.008025596	0.1	2.95222e-06	2.195733e-13	0.1	2.95222e-06	1.502092e-12	0.1	2.95222e-06	0.368502	0.1	2.95222e-06	2.989489e-09	0.1	2.95222e-06	4.632884e-12	0.1	2.95222e-06	1.32456e-10	0.1	2.95222e-06	2.31286e-10	0.1	2.95222e-06	5.589418e-12	0.1	2.95222e-06	2.036354e-20	0.1	2.95222e-06	7.71359e-13	0.1	2.95222e-06	3.376587e-22	0.1
3.146136e-06	0.6102188	0.1	3.146136e-06	0.007852546	0.1	3.146136e-06	2.339838e-13	0.1	3.146136e-06	1.589328e-12	0.1	3.146136e-06	0.3819286	0.1	3.146136e-06	3.178268e-09	0.1	3.146136e-06	4.942277e-12	0.1	3.146136e-06	1.411995e-10	0.1	3.146136e-06	2.466351e-10	0.1	3.146136e-06	5.962583e-12	0.1	3.146136e-06	2.171341e-20	0.1	3.146136e-06	8.229385e-13	0.1	3.146136e-06	3.60231e-22	0.1
3.340052e-06	0.5978278	0.1	3.340052e-06	0.007690195	0.1	3.340052e-06	2.483738e-13	0.1	3.340052e-06	1.674734e-12	0.1	3.340052e-06	0.394482	0.1	3.340052e-06	3.366209e-09	0.1	3.340052e-06	5.251721e-12	0.1	3.340052e-06	1.499361e-10	0.1	3.340052e-06	2.619787e-10	0.1	3.340052e-06	6.3358e-12	0.1	3.340052e-06	2.306268e-20	0.1	3.340052e-06	8.745328e-13	0.1	3.340052e-06	3.828091e-22	0.1
3.573823e-06	0.583957	0.1	3.573823e-06	0.007508032	0.1	3.573823e-06	2.656958e-13	0.1	3.573823e-06	1.775425e-12	0.1	3.573823e-06	0.4085349	0.1	3.573823e-06	3.591741e-09	0.1	3.573823e-06	5.624825e-12	0.1	3.573823e-06	1.604597e-10	0.1	3.573823e-06	2.80469e-10	0.1	3.573823e-06	6.785786e-12	0.1	3.573823e-06	2.46885e-20	0.1	3.573823e-06	9.36749e-13	0.1	3.573823e-06	4.100348e-22	0.1
3.807593e-06	0.5711666	0.1	3.807593e-06	0.007339803	0.1	3.807593e-06	2.829918e-13	0.1	3.807593e-06	1.873814e-12	0.1	3.807593e-06	0.4214936	0.1	3.807593e-06	3.816221e-09	0.1	3.807593e-06	5.997989e-12	0.1	3.807593e-06	1.709746e-10	0.1	3.807593e-06	2.989522e-10	0.1	3.807593e-06	7.235834e-12	0.1	3.807593e-06	2.631357e-20	0.1	3.807593e-06	9.989834e-13	0.1	3.807593e-06	4.372675e-22	0.1
4.093888e-06	0.5568513	0.1	4.093888e-06	0.007151344	0.1	4.093888e-06	3.041411e-13	0.1	4.093888e-06	1.991436e-12	0.1	4.093888e-06	0.4359973	0.1	4.093888e-06	4.089827e-09	0.1	4.093888e-06	6.455073e-12	0.1	4.093888e-06	1.838412e-10	0.1	4.093888e-06	3.215794e-10	0.1	4.093888e-06	7.787076e-12	0.1	4.093888e-06	2.83028e-20	0.1	4.093888e-06	1.075223e-12	0.1	4.093888e-06	4.706279e-22	0.1
4.393627e-06	0.5433115	0.1	4.393627e-06	0.006972998	0.1	4.393627e-06	3.262481e-13	0.1	4.393627e-06	2.111493e-12	0.1	4.393627e-06	0.4497155	0.1	4.393627e-06	4.37487e-09	0.1	4.393627e-06	6.933701e-12	0.1	4.393627e-06	1.973002e-10	0.1	4.393627e-06	3.452596e-10	0.1	4.393627e-06	8.364285e-12	0.1	4.393627e-06	3.038441e-20	0.1	4.393627e-06	1.155067e-12	0.1	4.393627e-06	5.055643e-22	0.1
4.747141e-06	0.5290502	0.1	4.747141e-06	0.006785093	0.1	4.747141e-06	3.522789e-13	0.1	4.747141e-06	2.249449e-12	0.1	4.747141e-06	0.4641647	0.1	4.747141e-06	4.70939e-09	0.1	4.747141e-06	7.498292e-12	0.1	4.747141e-06	2.131601e-10	0.1	4.747141e-06	3.731769e-10	0.1	4.747141e-06	9.045141e-12	0.1	4.747141e-06	3.283826e-20	0.1	4.747141e-06	1.249263e-12	0.1	4.747141e-06	5.467796e-22	0.1
5.162788e-06	0.5143725	0.1	5.162788e-06	0.006591673	0.1	5.162788e-06	3.828324e-13	0.1	5.162788e-06	2.407193e-12	0.1	5.162788e-06	0.4790359	0.1	5.162788e-06	5.10067e-09	0.1	5.162788e-06	8.162229e-12	0.1	5.162788e-06	2.317907e-10	0.1	5.162788e-06	4.05987e-10	0.1	5.162788e-06	9.845778e-12	0.1	5.162788e-06	3.572192e-20	0.1	5.162788e-06	1.360049e-12	0.1	5.162788e-06	5.952524e-22	0.1
5.593968e-06	0.5012246	0.1	5.593968e-06	0.006418403	0.1	5.593968e-06	4.144746e-13	0.1	5.593968e-06	2.566401e-12	0.1	5.593968e-06	0.4923569	0.1	5.593968e-06	5.504547e-09	0.1	5.593968e-06	8.851093e-12	0.1	5.593968e-06	2.511008e-10	0.1	5.593968e-06	4.400093e-10	0.1	5.593968e-06	1.067645e-11	0.1	5.593968e-06	3.871186e-20	0.1	5.593968e-06	1.475009e-12	0.1	5.593968e-06	6.4555e-22	0.1
6.025149e-06	0.4899029	0.1	6.025149e-06	0.006269194	0.1	6.025149e-06	4.460694e-13	0.1	6.025149e-06	2.721715e-12	0.1	6.025149e-06	0.5038279	0.1	6.025149e-06	5.906647e-09	0.1	6.025149e-06	9.540057e-12	0.1	6.025149e-06	2.703964e-10	0.1	6.025149e-06	4.740193e-10	0.1	6.025149e-06	1.150721e-11	0.1	6.025149e-06	4.170052e-20	0.1	6.025149e-06	1.589999e-12	0.1	6.025149e-06	6.958594e-22	0.1
6.50917e-06	0.479056	0.1	6.50917e-06	0.006126242	0.1	6.50917e-06	4.814863e-13	0.1	6.50917e-06	2.892094e-12	0.1	6.50917e-06	0.5148178	0.1	6.50917e-06	6.356209e-09	0.1	6.50917e-06	1.031355e-11	0.1	6.50917e-06	2.920419e-10	0.1	6.50917e-06	5.121844e-10	0.1	6.50917e-06	1.243987e-11	0.1	6.50917e-06	4.505411e-20	0.1	6.50917e-06	1.71911e-12	0.1	6.50917e-06	7.523461e-22	0.1
7.028417e-06	0.4692758	0.1	7.028417e-06	0.005997348	0.1	7.028417e-06	5.1943e-13	0.1	7.028417e-06	3.070919e-12	0.1	7.028417e-06	0.5247268	0.1	7.028417e-06	6.836682e-09	0.1	7.028417e-06	1.114345e-11	0.1	7.028417e-06	3.15248e-10	0.1	7.028417e-06	5.531144e-10	0.1	7.028417e-06	1.344051e-11	0.1	7.028417e-06	4.865047e-20	0.1	7.028417e-06	1.857647e-12	0.1	7.028417e-06	8.129557e-22	0.1
7.547665e-06	0.4611074	0.1	7.547665e-06	0.005889695	0.1	7.547665e-06	5.57328e-13	0.1	7.547665e-06	3.246311e-12	0.1	7.547665e-06	0.5330029	0.1	7.547665e-06	7.315586e-09	0.1	7.547665e-06	1.197343e-11	0.1	7.547665e-06	3.384415e-10	0.1	7.547665e-06	5.940332e-10	0.1	7.547665e-06	1.444122e-11	0.1	7.547665e-06	5.22457e-20	0.1	7.547665e-06	1.99621e-12	0.1	7.547665e-06	8.735754e-22	0.1
8.066913e-06	0.4542849	0.1	8.066913e-06	0.005799781	0.1	8.066913e-06	5.951861e-13	0.1	8.066913e-06	3.418838e-12	0.1	8.066913e-06	0.5399153	0.1	8.066913e-06	7.793178e-09	0.1	8.066913e-06	1.280349e-11	0.1	8.066913e-06	3.616247e-10	0.1	8.066913e-06	6.349424e-10	0.1	8.066913e-06	1.544199e-11	0.1	8.066913e-06	5.583999e-20	0.1	8.066913e-06	2.134793e-12	0.1	8.066913e-06	9.342036e-22	0.1
8.586161e-06	0.4485867	0.1	8.586161e-06	0.005724684	0.1	8.586161e-06	6.330093e-13	0.1	8.586161e-06	3.588974e-12	0.1	8.586161e-06	0.5456886	0.1	8.586161e-06	8.269676e-09	0.1	8.586161e-06	1.363361e-11	0.1	8.586161e-06	3.847992e-10	0.1	8.586161e-06	6.758433e-10	0.1	8.586161e-06	1.64428e-11	0.1	8.586161e-06	5.943351e-20	0.1	8.586161e-06	2.273393e-12	0.1	8.586161e-06	9.948387e-22	0.1
9.105408e-06	0.4438275	0.1	9.105408e-06	0.005661962	0.1	9.105408e-06	6.708018e-13	0.1	9.105408e-06	3.757115e-12	0.1	9.105408e-06	0.5505105	0.1	9.105408e-06	8.745259e-09	0.1	9.105408e-06	1.446378e-11	0.1	9.105408e-06	4.079667e-10	0.1	9.105408e-06	7.167373e-10	0.1	9.105408e-06	1.744364e-11	0.1	9.105408e-06	6.302639e-20	0.1	9.105408e-06	2.412007e-12	0.1	9.105408e-06	1.055479e-21	0.1
9.645507e-06	0.4397074	0.1	9.645507e-06	0.005607663	0.1	9.645507e-06	7.100831e-13	0.1	9.645507e-06	3.930244e-12	0.1	9.645507e-06	0.5546849	0.1	9.645507e-06	9.23913e-09	0.1	9.645507e-06	1.532733e-11	0.1	9.645507e-06	4.320583e-10	0.1	9.645507e-06	7.592669e-10	0.1	9.645507e-06	1.84847e-11	0.1	9.645507e-06	6.676298e-20	0.1	9.645507e-06	2.556198e-12	0.1	9.645507e-06	1.11856e-21	0.1
1.026901e-05	0.4358182	0.1	1.026901e-05	0.005556407	0.1	1.026901e-05	7.553977e-13	0.1	1.026901e-05	4.12827e-12	0.1	1.026901e-05	0.5586254	0.1	1.026901e-05	9.808422e-09	0.1	1.026901e-05	1.632428e-11	0.1	1.026901e-05	4.598641e-10	0.1	1.026901e-05	8.08357e-10	0.1	1.026901e-05	1.968653e-11	0.1	1.026901e-05	7.107602e-20	0.1	1.026901e-05	2.722667e-12	0.1	1.026901e-05	1.191387e-21	0.1
1.089251e-05	0.4326852	0.1	1.089251e-05	0.005515117	0.1	1.089251e-05	8.006814e-13	0.1	1.089251e-05	4.324695e-12	0.1	1.089251e-05	0.5617996	0.1	1.089251e-05	1.037698e-08	0.1	1.089251e-05	1.732127e-11	0.1	1.089251e-05	4.876646e-10	0.1	1.089251e-05	8.574405e-10	0.1	1.089251e-05	2.088838e-11	0.1	1.089251e-05	7.538856e-20	0.1	1.089251e-05	2.889146e-12	0.1	1.089251e-05	1.264218e-21	0.1
1.151601e-05	0.4301614	0.1	1.151601e-05	0.005481855	0.1	1.151601e-05	8.459374e-13	0.1	1.151601e-05	4.519833e-12	0.1	1.151601e-05	0.5643567	0.1	1.151601e-05	1.094494e-08	0.1	1.151601e-05	1.831829e-11	0.1	1.151601e-05	5.154611e-10	0.1	1.151601e-05	9.065184e-10	0.1	1.151601e-05	2.209021e-11	0.1	1.151601e-05	7.970073e-20	0.1	1.151601e-05	3.055631e-12	0.1	1.151601e-05	1.337052e-21	0.1
1.213951e-05	0.4281284	0.1	1.213951e-05	0.005455062	0.1	1.213951e-05	8.911685e-13	0.1	1.213951e-05	4.713937e-12	0.1	1.213951e-05	0.5664166	0.1	1.213951e-05	1.151242e-08	0.1	1.213951e-05	1.931534e-11	0.1	1.213951e-05	5.432545e-10	0.1	1.213951e-05	9.555913e-10	0.1	1.213951e-05	2.329204e-11	0.1	1.213951e-05	8.40126e-20	0.1	1.213951e-05	3.22212e-12	0.1	1.213951e-05	1.409889e-21	0.1
1.276302e-05	0.4264906	0.1	1.276302e-05	0.005433478	0.1	1.276302e-05	9.363767e-13	0.1	1.276302e-05	4.90721e-12	0.1	1.276302e-05	0.5680759	0.1	1.276302e-05	1.207952e-08	0.1	1.276302e-05	2.031242e-11	0.1	1.276302e-05	5.710457e-10	0.1	1.276302e-05	1.00466e-09	0.1	1.276302e-05	2.449384e-11	0.1	1.276302e-05	8.832425e-20	0.1	1.276302e-05	3.388612e-12	0.1	1.276302e-05	1.482727e-21	0.1
1.349039e-05	0.424978	0.1	1.349039e-05	0.005413542	0.1	1.349039e-05	9.890898e-13	0.1	1.349039e-05	5.131851e-12	0.1	1.349039e-05	0.5696085	0.1	1.349039e-05	1.274071e-08	0.1	1.349039e-05	2.147562e-11	0.1	1.349039e-05	6.034648e-10	0.1	1.349039e-05	1.061898e-09	0.1	1.349039e-05	2.589582e-11	0.1	1.349039e-05	9.3354e-20	0.1	1.349039e-05	3.582842e-12	0.1	1.349039e-05	1.567702e-21	0.1
1.424373e-05	0.4237658	0.1	1.424373e-05	0.005397567	0.1	1.424373e-05	1.043657e-12	0.1	1.424373e-05	5.363774e-12	0.1	1.424373e-05	0.5708366	0.1	1.424373e-05	1.342515e-08	0.1	1.424373e-05	2.268037e-11	0.1	1.424373e-05	6.370398e-10	0.1	1.424373e-05	1.121174e-09	0.1	1.424373e-05	2.73478e-11	0.1	1.424373e-05	9.856316e-20	0.1	1.424373e-05	3.784006e-12	0.1	1.424373e-05	1.65571e-21	0.1
1.499708e-05	0.4228323	0.1	1.499708e-05	0.005385264	0.1	1.499708e-05	1.098197e-12	0.1	1.499708e-05	5.595122e-12	0.1	1.499708e-05	0.5717824	0.1	1.499708e-05	1.410933e-08	0.1	1.499708e-05	2.388514e-11	0.1	1.499708e-05	6.706141e-10	0.1	1.499708e-05	1.180445e-09	0.1	1.499708e-05	2.879972e-11	0.1	1.499708e-05	1.037722e-19	0.1	1.499708e-05	3.985167e-12	0.1	1.499708e-05	1.743719e-21	0.1
1.575042e-05	0.4221135	0.1	1.575042e-05	0.00537579	0.1	1.575042e-05	1.152712e-12	0.1	1.575042e-05	5.826033e-12	0.1	1.575042e-05	0.5725107	0.1	1.575042e-05	1.479329e-08	0.1	1.575042e-05	2.508991e-11	0.1	1.575042e-05	7.041881e-10	0.1	1.575042e-05	1.239711e-09	0.1	1.575042e-05	3.025158e-11	0.1	1.575042e-05	1.089813e-19	0.1	1.575042e-05	4.186325e-12	0.1	1.575042e-05	1.831728e-21	0.1
1.65655e-05	0.4215206	0.1	1.65655e-05	0.005367977	0.1	1.65655e-05	1.211667e-12	0.1	1.65655e-05	6.075495e-12	0.1	1.65655e-05	0.5731114	0.1	1.65655e-05	1.553313e-08	0.1	1.65655e-05	2.639343e-11	0.1	1.65655e-05	7.405138e-10	0.1	1.65655e-05	1.303829e-09	0.1	1.65655e-05	3.182233e-11	0.1	1.65655e-05	1.146172e-19	0.1	1.65655e-05	4.403963e-12	0.1	1.65655e-05	1.926949e-21	0.1
1.747318e-05	0.4210305	0.1	1.747318e-05	0.005361518	0.1	1.747318e-05	1.277289e-12	0.1	1.747318e-05	6.352965e-12	0.1	1.747318e-05	0.573608	0.1	1.747318e-05	1.635686e-08	0.1	1.747318e-05	2.784506e-11	0.1	1.747318e-05	7.809674e-10	0.1	1.747318e-05	1.375226e-09	0.1	1.747318e-05	3.357143e-11	0.1	1.747318e-05	1.208935e-19	0.1	1.747318e-05	4.646319e-12	0.1	1.747318e-05	2.032986e-21	0.1
1.838087e-05	0.4206727	0.1	1.838087e-05	0.005356802	0.1	1.838087e-05	1.342878e-12	0.1	1.838087e-05	6.630183e-12	0.1	1.838087e-05	0.5739705	0.1	1.838087e-05	1.718046e-08	0.1	1.838087e-05	2.92967e-11	0.1	1.838087e-05	8.214221e-10	0.1	1.838087e-05	1.446616e-09	0.1	1.838087e-05	3.53204e-11	0.1	1.838087e-05	1.271698e-19	0.1	1.838087e-05	4.888665e-12	0.1	1.838087e-05	2.139022e-21	0.1
1.928856e-05	0.4204116	0.1	1.928856e-05	0.005353361	0.1	1.928856e-05	1.408436e-12	0.1	1.928856e-05	6.907223e-12	0.1	1.928856e-05	0.5742351	0.1	1.928856e-05	1.800397e-08	0.1	1.928856e-05	3.074834e-11	0.1	1.928856e-05	8.618784e-10	0.1	1.928856e-05	1.517999e-09	0.1	1.928856e-05	3.706924e-11	0.1	1.928856e-05	1.334463e-19	0.1	1.928856e-05	5.131001e-12	0.1	1.928856e-05	2.245056e-21	0.1
2.034199e-05	0.4201955	0.1	2.034199e-05	0.005350514	0.1	2.034199e-05	1.48448e-12	0.1	2.034199e-05	7.228598e-12	0.1	2.034199e-05	0.5744539	0.1	2.034199e-05	1.895962e-08	0.1	2.034199e-05	3.243306e-11	0.1	2.034199e-05	9.088327e-10	0.1	2.034199e-05	1.600835e-09	0.1	2.034199e-05	3.909869e-11	0.1	2.034199e-05	1.407308e-19	0.1	2.034199e-05	5.412231e-12	0.1	2.034199e-05	2.368111e-21	0.1
2.143185e-05	0.4200413	0.1	2.143185e-05	0.005348482	0.1	2.143185e-05	1.563112e-12	0.1	2.143185e-05	7.560983e-12	0.1	2.143185e-05	0.5746102	0.1	2.143185e-05	1.994825e-08	0.1	2.143185e-05	3.417607e-11	0.1	2.143185e-05	9.574139e-10	0.1	2.143185e-05	1.686527e-09	0.1	2.143185e-05	4.119812e-11	0.1	2.143185e-05	1.482675e-19	0.1	2.143185e-05	5.70317e-12	0.1	2.143185e-05	2.495419e-21	0.1
2.252172e-05	0.4199357	0.1	2.252172e-05	0.005347089	0.1	2.252172e-05	1.641699e-12	0.1	2.252172e-05	7.893308e-12	0.1	2.252172e-05	0.5747172	0.1	2.252172e-05	2.093684e-08	0.1	2.252172e-05	3.591907e-11	0.1	2.252172e-05	1.005998e-09	0.1	2.252172e-05	1.772209e-09	0.1	2.252172e-05	4.329732e-11	0.1	2.252172e-05	1.558045e-19	0.1	2.252172e-05	5.994087e-12	0.1	2.252172e-05	2.622722e-21	0.1
2.378742e-05	0.4198539	0.1	2.378742e-05	0.005346012	0.1	2.378742e-05	1.732911e-12	0.1	2.378742e-05	8.279215e-12	0.1	2.378742e-05	0.5748	0.1	2.378742e-05	2.208489e-08	0.1	2.378742e-05	3.794329e-11	0.1	2.378742e-05	1.062425e-09	0.1	2.378742e-05	1.8717e-09	0.1	2.378742e-05	4.573488e-11	0.1	2.378742e-05	1.645579e-19	0.1	2.378742e-05	6.331914e-12	0.1	2.378742e-05	2.770559e-21	0.1
2.509709e-05	0.4197998	0.1	2.509709e-05	0.005345298	0.1	2.509709e-05	1.827231e-12	0.1	2.509709e-05	8.678522e-12	0.1	2.509709e-05	0.5748549	0.1	2.509709e-05	2.327279e-08	0.1	2.509709e-05	4.003782e-11	0.1	2.509709e-05	1.120816e-09	0.1	2.509709e-05	1.974631e-09	0.1	2.509709e-05	4.825673e-11	0.1	2.509709e-05	1.736158e-19	0.1	2.509709e-05	6.681441e-12	0.1	2.509709e-05	2.923522e-21	0.1
2.646032e-05	0.4197643	0.1	2.646032e-05	0.005344831	0.1	2.646032e-05	1.925342e-12	0.1	2.646032e-05	9.094183e-12	0.1	2.646032e-05	0.5748908	0.1	2.646032e-05	2.450925e-08	0.1	2.646032e-05	4.221802e-11	0.1	2.646032e-05	1.181601e-09	0.1	2.646032e-05	2.081754e-09	0.1	2.646032e-05	5.088131e-11	0.1	2.646032e-05	1.830448e-19	0.1	2.646032e-05	7.045226e-12	0.1	2.646032e-05	3.082734e-21	0.1
2.803785e-05	0.4197396	0.1	2.803785e-05	0.005344505	0.1	2.803785e-05	2.038792e-12	0.1	2.803785e-05	9.575231e-12	0.1	2.803785e-05	0.5749159	0.1	2.803785e-05	2.594007e-08	0.1	2.803785e-05	4.474093e-11	0.1	2.803785e-05	1.251948e-09	0.1	2.803785e-05	2.205691e-09	0.1	2.803785e-05	5.391787e-11	0.1	2.803785e-05	1.939567e-19	0.1	2.803785e-05	7.466143e-12	0.1	2.803785e-05	3.26696e-21	0.1
2.961537e-05	0.4197253	0.1	2.961537e-05	0.005344316	0.1	2.961537e-05	2.152153e-12	0.1	2.961537e-05	1.005635e-11	0.1	2.961537e-05	0.5749304	0.1	2.961537e-05	2.737088e-08	0.1	2.961537e-05	4.726384e-11	0.1	2.961537e-05	1.322302e-09	0.1	2.961537e-05	2.3296e-09	0.1	2.961537e-05	5.695377e-11	0.1	2.961537e-05	2.048694e-19	0.1	2.961537e-05	7.887001e-12	0.1	2.961537e-05	3.451173e-21	0.1
3.153612e-05	0.4197157	0.1	3.153612e-05	0.00534419	0.1	3.153612e-05	2.290058e-12	0.1	3.153612e-05	1.064224e-11	0.1	3.153612e-05	0.5749401	0.1	3.153612e-05	2.9113e-08	0.1	3.153612e-05	5.033566e-11	0.1	3.153612e-05	1.407974e-09	0.1	3.153612e-05	2.480429e-09	0.1	3.153612e-05	6.064927e-11	0.1	3.153612e-05	2.181578e-19	0.1	3.153612e-05	8.399342e-12	0.1	3.153612e-05	3.675448e-21	0.1
3.345688e-05	0.4197108	0.1	3.345688e-05	0.005344126	0.1	3.345688e-05	2.427831e-12	0.1	3.345688e-05	1.122826e-11	0.1	3.345688e-05	0.574945	0.1	3.345688e-05	3.085512e-08	0.1	3.345688e-05	5.340749e-11	0.1	3.345688e-05	1.493658e-09	0.1	3.345688e-05	2.631212e-09	0.1	3.345688e-05	6.434368e-11	0.1	3.345688e-05	2.314476e-19	0.1	3.345688e-05	8.911586e-12	0.1	3.345688e-05	3.8997e-21	0.1
3.583174e-05	0.4197079	0.1	3.583174e-05	0.005344087	0.1	3.583174e-05	2.597995e-12	0.1	3.583174e-05	1.195301e-11	0.1	3.583174e-05	0.574948	0.1	3.583174e-05	3.300912e-08	0.1	3.583174e-05	5.720556e-11	0.1	3.583174e-05	1.599616e-09	0.1	3.583174e-05	2.817576e-09	0.1	3.583174e-05	6.890992e-11	0.1	3.583174e-05	2.478815e-19	0.1	3.583174e-05	9.54479e-12	0.1	3.583174e-05	4.176938e-21	0.1
3.839766e-05	0.4197066	0.1	3.839766e-05	0.005344069	0.1	3.839766e-05	2.781622e-12	0.1	3.839766e-05	1.273628e-11	0.1	3.839766e-05	0.5749493	0.1	3.839766e-05	3.533643e-08	0.1	3.839766e-05	6.130916e-11	0.1	3.839766e-05	1.714119e-09	0.1	3.839766e-05	3.018842e-09	0.1	3.839766e-05	7.384137e-11	0.1	3.839766e-05	2.656404e-19	0.1	3.839766e-05	1.022874e-11	0.1	3.839766e-05	4.476435e-21	0.1
4.125015e-05	0.419706	0.1	4.125015e-05	0.005344062	0.1	4.125015e-05	2.985482e-12	0.1	4.125015e-05	1.360731e-11	0.1	4.125015e-05	0.5749499	0.1	4.125015e-05	3.792368e-08	0.1	4.125015e-05	6.587106e-11	0.1	4.125015e-05	1.841437e-09	0.1	4.125015e-05	3.242468e-09	0.1	4.125015e-05	7.93208e-11	0.1	4.125015e-05	2.853863e-19	0.1	4.125015e-05	1.098883e-11	0.1	4.125015e-05	4.809324e-21	0.1
4.481847e-05	0.4197057	0.1	4.481847e-05	0.005344058	0.1	4.481847e-05	3.240093e-12	0.1	4.481847e-05	1.469733e-11	0.1	4.481847e-05	0.5749502	0.1	4.481847e-05	4.116023e-08	0.1	4.481847e-05	7.157776e-11	0.1	4.481847e-05	2.000745e-09	0.1	4.481847e-05	3.522025e-09	0.1	4.481847e-05	8.617083e-11	0.1	4.481847e-05	3.100934e-19	0.1	4.481847e-05	1.193926e-11	0.1	4.481847e-05	5.225661e-21	0.1
4.900659e-05	0.4197056	0.1	4.900659e-05	0.005344057	0.1	4.900659e-05	3.538353e-12	0.1	4.900659e-05	1.597727e-11	0.1	4.900659e-05	0.5749502	0.1	4.900659e-05	4.495903e-08	0.1	4.900659e-05	7.827567e-11	0.1	4.900659e-05	2.187782e-09	0.1	4.900659e-05	3.849851e-09	0.1	4.900659e-05	9.420384e-11	0.1	4.900659e-05	3.391011e-19	0.1	4.900659e-05	1.305415e-11	0.1	4.900659e-05	5.714175e-21	0.1
5.396113e-05	0.4197056	0.1	5.396113e-05	0.005344057	0.1	5.396113e-05	3.89039e-12	0.1	5.396113e-05	1.749224e-11	0.1	5.396113e-05	0.5749503	0.1	5.396113e-05	4.945309e-08	0.1	5.396113e-05	8.619923e-11	0.1	5.396113e-05	2.409131e-09	0.1	5.396113e-05	4.237227e-09	0.1	5.396113e-05	1.036964e-10	0.1	5.396113e-05	3.734307e-19	0.1	5.396113e-05	1.437213e-11	0.1	5.396113e-05	6.291872e-21	0.1
6.032851e-05	0.4197056	0.1	6.032851e-05	0.005344057	0.1	6.032851e-05	4.341542e-12	0.1	6.032851e-05	1.94405e-11	0.1	6.032851e-05	0.5749503	0.1	6.032851e-05	5.522887e-08	0.1	6.032851e-05	9.638222e-11	0.1	6.032851e-05	2.69374e-09	0.1	6.032851e-05	4.734294e-09	0.1	6.032851e-05	1.158776e-10	0.1	6.032851e-05	4.17574e-19	0.1	6.032851e-05	1.606428e-11	0.1	6.032851e-05	7.033931e-21	0.1
6.935326e-05	0.4197056	0.1	6.935326e-05	0.005344057	0.1	6.935326e-05	4.978533e-12	0.1	6.935326e-05	2.220433e-11	0.1	6.935326e-05	0.5749503	0.1	6.935326e-05	6.341552e-08	0.1	6.935326e-05	1.108149e-10	0.1	6.935326e-05	3.09741e-09	0.1	6.935326e-05	5.437137e-09	0.1	6.935326e-05	1.331029e-10	0.1	6.935326e-05	4.801919e-19	0.1	6.935326e-05	1.845907e-11	0.1	6.935326e-05	8.084873e-21	0.1
8.2918e-05	0.4197056	0.1	8.2918e-05	0.005344057	0.1	8.2918e-05	5.930598e-12	0.1	8.2918e-05	2.636397e-11	0.1	8.2918e-05	0.5749502	0.1	8.2918e-05	7.572163e-08	0.1	8.2918e-05	1.325076e-10	0.1	8.2918e-05	3.704819e-09	0.1	8.2918e-05	6.489301e-09	0.1	8.2918e-05	1.588929e-10	0.1	8.2918e-05	5.744421e-19	0.1	8.2918e-05	2.204947e-11	0.1	8.2918e-05	9.662435e-21	0.1
0.0001061718	0.4197056	0.1	0.0001061718	0.005344057	0.1	0.0001061718	7.547823e-12	0.1	0.0001061718	3.35099e-11	0.1	0.0001061718	0.5749502	0.1	0.0001061718	9.68217e-08	0.1	0.0001061718	1.696939e-10	0.1	0.0001061718	4.748144e-09	0.1	0.0001061718	8.278696e-09	0.1	0.0001061718	2.027652e-10	0.1	0.0001061718	7.364563e-19	0.1	0.0001061718	2.817372e-11	0.1	0.0001061718	1.235985e-20	0.1
0.0001449282	0.4197056	0.1	0.0001449282	0.005344057	0.1	0.0001449282	1.020193e-11	0.1	0.0001449282	4.546188e-11	0.1	0.0001449282	0.5749502	0.1	0.0001449282	1.32003e-07	0.1	0.0001449282	2.316668e-10	0.1	0.0001449282	6.493621e-09	0.1	0.0001449282	1.121e-08	0.1	0.0001449282	2.746763e-10	0.1	0.0001449282	1.008053e-18	0.1	0.0001449282	3.827097e-11	0.1	0.0001449282	1.683047e-20	0.1
0.000222441	0.4197055	0.1	0.000222441	0.005344056	0.1	0.000222441	1.535893e-11	0.1	0.000222441	6.952131e-11	0.1	0.000222441	0.5749502	0.1	0.000222441	2.02443e-07	0.1	0.000222441	3.555888e-10	0.1	0.000222441	1.001456e-08	0.1	0.000222441	1.681335e-08	0.1	0.000222441	4.123484e-10	0.1	0.000222441	1.559222e-18	0.1	0.000222441	5.790247e-11	0.1	0.000222441	2.564177e-20	0.1
0.0003774665	0.4197055	0.1	0.0003774665	0.005344055	0.1	0.0003774665	2.509465e-11	0.1	0.0003774665	1.182419e-10	0.1	0.0003774665	0.5749501	0.1	0.0003774665	3.437647e-07	0.1	0.0003774665	6.032827e-10	0.1	0.0003774665	1.720667e-08	0.1	0.0003774665	2.659112e-08	0.1	0.0003774665	6.537179e-10	0.1	0.0003774665	2.705446e-18	0.1	0.0003774665	9.39842e-11	0.1	0.0003774665	4.250591e-20	0.1
0.0006875175	0.4197053	0.1	0.0006875175	0.005344053	0.1	0.0006875175	4.245042e-11	0.1	0.0006875175	2.179076e-10	0.1	0.0006875175	0.5749499	0.1	0.0006875175	6.284893e-07	0.1	0.0006875175	1.097603e-09	0.1	0.0006875175	3.226475e-08	0.1	0.0006875175	3.949513e-08	0.1	0.0006875175	9.772368e-10	0.1	0.0006875175	5.202274e-18	0.1	0.0006875175	1.501799e-10	0.1	0.0006875175	7.205743e-20	0.1
0.001052847	0.4197051	0.1	0.001052847	0.005344051	0.1	0.001052847	5.974258e-11	0.1	0.001052847	3.386414e-10	0.1	0.001052847	0.5749496	0.1	0.001052847	9.665917e-07	0.1	0.001052847	1.676969e-09	0.1	0.001052847	5.094699e-08	0.1	0.001052847	4.611966e-08	0.1	0.001052847	1.14998e-09	0.1	0.001052847	8.409004e-18	0.1	0.001052847	1.921272e-10	0.1	0.001052847	9.931779e-20	0.1
0.001508792	0.4197049	0.1	0.001508792	0.005344049	0.1	0.001508792	7.734673e-11	0.1	0.001508792	4.933925e-10	0.1	0.001508792	0.5749494	0.1	0.001508792	1.390064e-06	0.1	0.001508792	2.39279e-09	0.1	0.001508792	7.513028e-08	0.1	0.001508792	4.865056e-08	0.1	0.001508792	1.221741e-09	0.1	0.001508792	1.259061e-17	0.1	0.001508792	2.220085e-10	0.1	0.001508792	1.242023e-19	0.1
0.002045379	0.4197047	0.1	0.002045379	0.005344046	0.1	0.002045379	9.3542e-11	0.1	0.002045379	6.800756e-10	0.1	0.002045379	0.574949	0.1	0.002045379	1.888615e-06	0.1	0.002045379	3.220781e-09	0.1	0.002045379	1.043763e-07	0.1	0.002045379	4.930095e-08	0.1	0.002045379	1.243914e-09	0.1	0.002045379	1.758827e-17	0.1	0.002045379	2.412016e-10	0.1	0.002045379	1.446356e-19	0.1
0.002761169	0.4197044	0.1	0.002761169	0.005344042	0.1	0.002761169	1.093958e-10	0.1	0.002761169	9.348677e-10	0.1	0.002761169	0.5749486	0.1	0.002761169	2.552897e-06	0.1	0.002761169	4.292992e-09	0.1	0.002761169	1.444669e-07	0.1	0.002761169	4.942081e-08	0.1	0.002761169	1.250297e-09	0.1	0.002761169	2.428549e-17	0.1	0.002761169	2.542403e-10	0.1	0.002761169	1.624035e-19	0.1
0.003818047	0.4197039	0.1	0.003818047	0.005344036	0.1	0.003818047	1.245464e-10	0.1	0.003818047	1.319335e-09	0.1	0.003818047	0.574948	0.1	0.003818047	3.531652e-06	0.1	0.003818047	5.789249e-09	0.1	0.003818047	2.05802e-07	0.1	0.003818047	4.942741e-08	0.1	0.003818047	1.251864e-09	0.1	0.003818047	3.419377e-17	0.1	0.003818047	2.621854e-10	0.1	0.003818047	1.770772e-19	0.1
0.005645487	0.4197031	0.1	0.005645487	0.005344025	0.1	0.005645487	1.376149e-10	0.1	0.005645487	1.997248e-09	0.1	0.005645487	0.5749469	0.1	0.005645487	5.218044e-06	0.1	0.005645487	8.071608e-09	0.1	0.005645487	3.178253e-07	0.1	0.005645487	4.942488e-08	0.1	0.005645487	1.252117e-09	0.1	0.005645487	5.136637e-17	0.1	0.005645487	2.656735e-10	0.1	0.005645487	1.874784e-19	0.1
0.008843506	0.4197017	0.1	0.008843506	0.005344007	0.1	0.008843506	1.446035e-10	0.1	0.008843506	3.199494e-09	0.1	0.008843506	0.5749449	0.1	0.008843506	8.151113e-06	0.1	0.008843506	1.103148e-08	0.1	0.008843506	5.319728e-07	0.1	0.008843506	4.942449e-08	0.1	0.008843506	1.252149e-09	0.1	0.008843506	8.153865e-17	0.1	0.008843506	2.662705e-10	0.1	0.008843506	1.923091e-19	0.1
0.01432583	0.4196993	0.1	0.01432583	0.005343976	0.1	0.01432583	1.463368e-10	0.1	0.01432583	5.270783e-09	0.1	0.01432583	0.5749416	0.1	0.01432583	1.312605e-05	0.1	0.01432583	1.361057e-08	0.1	0.01432583	9.522403e-07	0.1	0.01432583	4.942497e-08	0.1	0.01432583	1.252201e-09	0.1	0.01432583	1.3356e-16	0.1	0.01432583	2.663843e-10	0.1	0.01432583	1.946877e-19	0.1
0.02346302	0.4196951	0.1	0.02346302	0.005343924	0.1	0.02346302	1.465384e-10	0.1	0.02346302	8.725745e-09	0.1	0.02346302	0.5749359	0.1	0.02346302	2.127047e-05	0.1	0.02346302	1.473402e-08	0.1	0.02346302	1.799745e-06	0.1	0.02346302	4.942496e-08	0.1	0.02346302	1.252218e-09	0.1	0.02346302	2.207695e-16	0.1	0.02346302	2.663926e-10	0.1	0.02346302	1.957967e-19	0.1
0.03361177	0.4196905	0.1	0.03361177	0.005343864	0.1	0.03361177	1.466121e-10	0.1	0.03361177	1.256351e-08	0.1	0.03361177	0.5749295	0.1	0.03361177	3.010526e-05	0.1	0.03361177	1.490842e-08	0.1	0.03361177	2.952234e-06	0.1	0.03361177	4.942466e-08	0.1	0.03361177	1.252213e-09	0.1	0.03361177	3.180754e-16	0.1	0.03361177	2.663918e-10	0.1	0.03361177	1.959825e-19	0.1
0.04900337	0.4196832	0.1	0.04900337	0.005343772	0.1	0.04900337	1.467176e-10	0.1	0.04900337	1.838417e-08	0.1	0.04900337	0.5749196	0.1	0.04900337	4.309158e-05	0.1	0.04900337	1.493199e-08	0.1	0.04900337	5.112365e-06	0.1	0.04900337	4.942418e-08	0.1	0.04900337	1.252201e-09	0.1	0.04900337	4.66376e-16	0.1	0.04900337	2.663893e-10	0.1	0.04900337	1.960051e-19	0.1
0.07321727	0.4196714	0.1	0.07321727	0.005343621	0.1	0.07321727	1.468832e-10	0.1	0.07321727	2.754181e-08	0.1	0.07321727	0.5749033	0.1	0.07321727	6.255509e-05	0.1	0.07321727	1.493377e-08	0.1	0.07321727	9.476437e-06	0.1	0.07321727	4.942338e-08	0.1	0.07321727	1.25218e-09	0.1	0.07321727	7.014063e-16	0.1	0.07321727	2.663849e-10	0.1	0.07321727	1.960025e-19	0.1
0.1135738	0.4196506	0.1	0.1135738	0.005343357	0.1	0.1135738	1.471588e-10	0.1	0.1135738	4.28058e-08	0.1	0.1135738	0.5748749	0.1	0.1135738	9.253328e-05	0.1	0.1135738	1.493586e-08	0.1	0.1135738	1.920887e-05	0.1	0.1135738	4.942192e-08	0.1	0.1135738	1.252143e-09	0.1	0.1135738	1.097802e-15	0.1	0.1135738	2.66377e-10	0.1	0.1135738	1.959986e-19	0.1
0.1626792	0.4196238	0.1	0.1626792	0.005343015	0.1	0.1626792	1.474937e-10	0.1	0.1626792	6.138006e-08	0.1	0.1626792	0.5748381	0.1	0.1626792	0.0001252274	0.1	0.1626792	1.493616e-08	0.1	0.1626792	3.483053e-05	0.1	0.1626792	4.941996e-08	0.1	0.1626792	1.252093e-09	0.1	0.1626792	1.588016e-15	0.1	0.1626792	2.663664e-10	0.1	0.1626792	1.959876e-19	0.1
0.2117847	0.4195954	0.1	0.2117847	0.005342653	0.1	0.2117847	1.47828e-10	0.1	0.2117847	7.995445e-08	0.1	0.2117847	0.5747992	0.1	0.2117847	0.0001542117	0.1	0.2117847	1.493209e-08	0.1	0.2117847	5.415734e-05	0.1	0.2117847	4.941781e-08	0.1	0.2117847	1.252039e-09	0.1	0.2117847	2.086879e-15	0.1	0.2117847	2.663548e-10	0.1	0.2117847	1.959771e-19	0.1
0.2707112	0.4195595	0.1	0.2707112	0.005342196	0.1	0.2707112	1.482286e-10	0.1	0.2707112	1.022424e-07	0.1	0.2707112	0.5747501	0.1	0.2707112	0.0001846843	0.1	0.2707112	1.493163e-08	0.1	0.2707112	8.165133e-05	0.1	0.2707112	4.941502e-08	0.1	0.2707112	1.251968e-09	0.1	0.2707112	2.696923e-15	0.1	0.2707112	2.663397e-10	0.1	0.2707112	1.95969e-19	0.1
0.3394588	0.4195155	0.1	0.3394588	0.005341636	0.1	0.3394588	1.48695e-10	0.1	0.3394588	1.282411e-07	0.1	0.3394588	0.5746898	0.1	0.3394588	0.0002150904	0.1	0.3394588	1.49306e-08	0.1	0.3394588	0.0001188629	0.1	0.3394588	4.941152e-08	0.1	0.3394588	1.251879e-09	0.1	0.3394588	3.424361e-15	0.1	0.3394588	2.663208e-10	0.1	0.3394588	1.959554e-19	0.1
0.3885642	0.4194828	0.1	0.3885642	0.00534122	0.1	0.3885642	1.490277e-10	0.1	0.3885642	1.468078e-07	0.1	0.3885642	0.5746451	0.1	0.3885642	0.0002338734	0.1	0.3885642	1.492991e-08	0.1	0.3885642	0.0001483713	0.1	0.3885642	4.940886e-08	0.1	0.3885642	1.251812e-09	0.1	0.3885642	3.954317e-15	0.1	0.3885642	2.663065e-10	0.1	0.3885642	1.959447e-19	0.1
0.462297	0.4194321	0.1	0.462297	0.005340575	0.1	0.462297	1.495266e-10	0.1	0.462297	1.746787e-07	0.1	0.462297	0.5745756	0.1	0.462297	0.0002581466	0.1	0.462297	1.492861e-08	0.1	0.462297	0.000196597	0.1	0.462297	4.940469e-08	0.1	0.462297	1.251706e-09	0.1	0.462297	4.766254e-15	0.1	0.462297	2.66284e-10	0.1	0.462297	1.95928e-19	0.1
0.5542072	0.4193667	0.1	0.5542072	0.005339741	0.1	0.5542072	1.501473e-10	0.1	0.5542072	2.094054e-07	0.1	0.5542072	0.5744859	0.1	0.5542072	0.0002828524	0.1	0.5542072	1.49269e-08	0.1	0.5542072	0.0002622431	0.1	0.5542072	4.939921e-08	0.1	0.5542072	1.251567e-09	0.1	0.5542072	5.80556e-15	0.1	0.5542072	2.662544e-10	0.1	0.5542072	1.959063e-19	0.1
0.6582356	0.41929	0.1	0.6582356	0.005338766	0.1	0.6582356	1.508486e-10	0.1	0.6582356	2.486867e-07	0.1	0.6582356	0.574381	0.1	0.6582356	0.0003048438	0.1	0.6582356	1.492494e-08	0.1	0.6582356	0.0003424883	0.1	0.6582356	4.939272e-08	0.1	0.6582356	1.251402e-09	0.1	0.6582356	7.018281e-15	0.1	0.6582356	2.662194e-10	0.1	0.6582356	1.958805e-19	0.1
0.7622641	0.4192114	0.1	0.7622641	0.005337764	0.1	0.7622641	1.515486e-10	0.1	0.7622641	2.879393e-07	0.1	0.7622641	0.5742732	0.1	0.7622641	0.000321869	0.1	0.7622641	1.492291e-08	0.1	0.7622641	0.0004276693	0.1	0.7622641	4.938599e-08	0.1	0.7622641	1.251231e-09	0.1	0.7622641	8.26959e-15	0.1	0.7622641	2.661831e-10	0.1	0.7622641	1.958538e-19	0.1
0.8791679	0.4191211	0.1	0.8791679	0.005336615	0.1	0.8791679	1.523339e-10	0.1	0.8791679	3.320127e-07	0.1	0.8791679	0.5741496	0.1	0.8791679	0.0003364534	0.1	0.8791679	1.492056e-08	0.1	0.8791679	0.0005279036	0.1	0.8791679	4.937819e-08	0.1	0.8791679	1.251034e-09	0.1	0.8791679	9.72176e-15	0.1	0.8791679	2.661411e-10	0.1	0.8791679	1.958229e-19	0.1
1.004655	0.4190225	0.1	1.004655	0.00533536	0.1	1.004655	1.531754e-10	0.1	1.004655	3.792747e-07	0.1	1.004655	0.5740145	0.1	1.004655	0.0003480678	0.1	1.004655	1.491797e-08	0.1	1.004655	0.0006394943	0.1	1.004655	4.936963e-08	0.1	1.004655	1.250817e-09	0.1	1.004655	1.133464e-14	0.1	1.004655	2.660949e-10	0.1	1.004655	1.957889e-19	0.1
1.130143	0.4189227	0.1	1.130143	0.005334089	0.1	1.130143	1.540156e-10	0.1	1.130143	4.264855e-07	0.1	1.130143	0.5738778	0.1	1.130143	0.0003565824	0.1	1.130143	1.491533e-08	0.1	1.130143	0.0007541386	0.1	1.130143	4.936092e-08	0.1	1.130143	1.250596e-09	0.1	1.130143	1.300344e-14	0.1	1.130143	2.66048e-10	0.1	1.130143	1.957544e-19	0.1
1.255631	0.418822	0.1	1.255631	0.005332806	0.1	1.255631	1.548544e-10	0.1	1.255631	4.73643e-07	0.1	1.255631	0.5737398	0.1	1.255631	0.0003628179	0.1	1.255631	1.491267e-08	0.1	1.255631	0.0008710158	0.1	1.255631	4.93521e-08	0.1	1.255631	1.250373e-09	0.1	1.255631	1.472807e-14	0.1	1.255631	2.660004e-10	0.1	1.255631	1.957194e-19	0.1
1.40243	0.4187033	0.1	1.40243	0.005331295	0.1	1.40243	1.558341e-10	0.1	1.40243	5.287404e-07	0.1	1.40243	0.5735772	0.1	1.40243	0.0003680196	0.1	1.40243	1.490952e-08	0.1	1.40243	0.001009777	0.1	1.40243	4.934168e-08	0.1	1.40243	1.250109e-09	0.1	1.40243	1.681634e-14	0.1	1.40243	2.659442e-10	0.1	1.40243	1.956781e-19	0.1
1.554558	0.4185796	0.1	1.554558	0.00532972	0.1	1.554558	1.568477e-10	0.1	1.554558	5.857575e-07	0.1	1.554558	0.5734078	0.1	1.554558	0.0003717235	0.1	1.554558	1.490623e-08	0.1	1.554558	0.001155195	0.1	1.554558	4.93308e-08	0.1	1.554558	1.249833e-09	0.1	1.554558	1.906073e-14	0.1	1.554558	2.658856e-10	0.1	1.554558	1.956349e-19	0.1
1.706687	0.4184556	0.1	1.706687	0.00532814	0.1	1.706687	1.578596e-10	0.1	1.706687	6.42692e-07	0.1	1.706687	0.5732378	0.1	1.706687	0.0003742393	0.1	1.706687	1.490293e-08	0.1	1.706687	0.001301733	0.1	1.706687	4.931987e-08	0.1	1.706687	1.249556e-09	0.1	1.706687	2.138672e-14	0.1	1.706687	2.658267e-10	0.1	1.706687	1.955916e-19	0.1
1.883358	0.4183111	0.1	1.883358	0.005326301	0.1	1.883358	1.590326e-10	0.1	1.883358	7.087075e-07	0.1	1.883358	0.5730399	0.1	1.883358	0.0003761527	0.1	1.883358	1.489908e-08	0.1	1.883358	0.001472836	0.1	1.883358	4.930714e-08	0.1	1.883358	1.249233e-09	0.1	1.883358	2.419015e-14	0.1	1.883358	2.65758e-10	0.1	1.883358	1.955411e-19	0.1
2.066164	0.4181614	0.1	2.066164	0.005324395	0.1	2.066164	1.602442e-10	0.1	2.066164	7.76897e-07	0.1	2.066164	0.5728349	0.1	2.066164	0.0003773795	0.1	2.066164	1.489509e-08	0.1	2.066164	0.001650539	0.1	2.066164	4.929393e-08	0.1	2.066164	1.248899e-09	0.1	2.066164	2.720626e-14	0.1	2.066164	2.656868e-10	0.1	2.066164	1.954887e-19	0.1
2.256466	0.4180054	0.1	2.256466	0.005322409	0.1	2.256466	1.615029e-10	0.1	2.256466	8.477534e-07	0.1	2.256466	0.5726212	0.1	2.256466	0.0003781367	0.1	2.256466	1.489093e-08	0.1	2.256466	0.001835944	0.1	2.256466	4.928015e-08	0.1	2.256466	1.24855e-09	0.1	2.256466	3.047027e-14	0.1	2.256466	2.656126e-10	0.1	2.256466	1.954341e-19	0.1
2.476745	0.4178248	0.1	2.476745	0.005320109	0.1	2.476745	1.629569e-10	0.1	2.476745	9.296077e-07	0.1	2.476745	0.5723738	0.1	2.476745	0.0003786041	0.1	2.476745	1.488611e-08	0.1	2.476745	0.002050834	0.1	2.476745	4.92642e-08	0.1	2.476745	1.248146e-09	0.1	2.476745	3.440629e-14	0.1	2.476745	2.655266e-10	0.1	2.476745	1.953708e-19	0.1
2.697024	0.4176442	0.1	2.697024	0.005317809	0.1	2.697024	1.644077e-10	0.1	2.697024	1.011286e-06	0.1	2.697024	0.5721264	0.1	2.697024	0.0003788085	0.1	2.697024	1.488129e-08	0.1	2.697024	0.002265847	0.1	2.697024	4.924825e-08	0.1	2.697024	1.247741e-09	0.1	2.697024	3.851109e-14	0.1	2.697024	2.654406e-10	0.1	2.697024	1.953075e-19	0.1
2.965245	0.4174244	0.1	2.965245	0.00531501	0.1	2.965245	1.661698e-10	0.1	2.965245	1.110504e-06	0.1	2.965245	0.5718252	0.1	2.965245	0.0003788573	0.1	2.965245	1.487542e-08	0.1	2.965245	0.002527667	0.1	2.965245	4.922882e-08	0.1	2.965245	1.247249e-09	0.1	2.965245	4.373631e-14	0.1	2.965245	2.653359e-10	0.1	2.965245	1.952305e-19	0.1
3.233466	0.4172046	0.1	3.233466	0.005312213	0.1	3.233466	1.679271e-10	0.1	3.233466	1.209461e-06	0.1	3.233466	0.5715242	0.1	3.233466	0.0003787873	0.1	3.233466	1.486955e-08	0.1	3.233466	0.002789399	0.1	3.233466	4.920941e-08	0.1	3.233466	1.246757e-09	0.1	3.233466	4.920981e-14	0.1	3.233466	2.652313e-10	0.1	3.233466	1.951535e-19	0.1
3.56505	0.4169332	0.1	3.56505	0.005308757	0.1	3.56505	1.70093e-10	0.1	3.56505	1.331437e-06	0.1	3.56505	0.5711524	0.1	3.56505	0.0003786193	0.1	3.56505	1.48623e-08	0.1	3.56505	0.003112758	0.1	3.56505	4.918542e-08	0.1	3.56505	1.24615e-09	0.1	3.56505	5.631783e-14	0.1	3.56505	2.65102e-10	0.1	3.56505	1.950584e-19	0.1
3.923329	0.4166402	0.1	3.923329	0.005305026	0.1	3.923329	1.724251e-10	0.1	3.923329	1.462787e-06	0.1	3.923329	0.5707511	0.1	3.923329	0.000378391	0.1	3.923329	1.485448e-08	0.1	3.923329	0.003461842	0.1	3.923329	4.915953e-08	0.1	3.923329	1.245494e-09	0.1	3.923329	6.442005e-14	0.1	3.923329	2.649625e-10	0.1	3.923329	1.949557e-19	0.1
4.321649	0.4163149	0.1	4.321649	0.005300883	0.1	4.321649	1.75008e-10	0.1	4.321649	1.608277e-06	0.1	4.321649	0.5703053	0.1	4.321649	0.000378114	0.1	4.321649	1.484579e-08	0.1	4.321649	0.003849534	0.1	4.321649	4.913077e-08	0.1	4.321649	1.244765e-09	0.1	4.321649	7.393877e-14	0.1	4.321649	2.648074e-10	0.1	4.321649	1.948416e-19	0.1
4.819541	0.4159087	0.1	4.819541	0.005295711	0.1	4.819541	1.782219e-10	0.1	4.819541	1.789338e-06	0.1	4.819541	0.5697489	0.1	4.819541	0.0003777554	0.1	4.819541	1.483494e-08	0.1	4.819541	0.004333515	0.1	4.819541	4.909487e-08	0.1	4.819541	1.243855e-09	0.1	4.819541	8.658724e-14	0.1	4.819541	2.646139e-10	0.1	4.819541	1.946993e-19	0.1
5.403693	0.4154329	0.1	5.403693	0.005289653	0.1	5.403693	1.81972e-10	0.1	5.403693	2.000643e-06	0.1	5.403693	0.5690971	0.1	5.403693	0.0003773302	0.1	5.403693	1.482223e-08	0.1	5.403693	0.00490045	0.1	5.403693	4.905281e-08	0.1	5.403693	1.24279e-09	0.1	5.403693	1.024787e-13	0.1	5.403693	2.643872e-10	0.1	5.403693	1.945324e-19	0.1
6.09433	0.4148714	0.1	6.09433	0.005282504	0.1	6.09433	1.863772e-10	0.1	6.09433	2.248908e-06	0.1	6.09433	0.5683279	0.1	6.09433	0.0003768272	0.1	6.09433	1.480723e-08	0.1	6.09433	0.005569484	0.1	6.09433	4.900316e-08	0.1	6.09433	1.241532e-09	0.1	6.09433	1.227119e-13	0.1	6.09433	2.641197e-10	0.1	6.09433	1.943356e-19	0.1
6.980887	0.4141523	0.1	6.980887	0.005273347	0.1	6.980887	1.919871e-10	0.1	6.980887	2.56514e-06	0.1	6.980887	0.5673428	0.1	6.980887	0.0003761836	0.1	6.980887	1.478802e-08	0.1	6.980887	0.006426327	0.1	6.980887	4.893958e-08	0.1	6.980887	1.239921e-09	0.1	6.980887	1.509376e-13	0.1	6.980887	2.637769e-10	0.1	6.980887	1.940834e-19	0.1
8.234821	0.4131384	0.1	8.234821	0.005260437	0.1	8.234821	1.99836e-10	0.1	8.234821	3.00773e-06	0.1	8.234821	0.5659539	0.1	8.234821	0.0003752781	0.1	8.234821	1.476092e-08	0.1	8.234821	0.007634445	0.1	8.234821	4.884991e-08	0.1	8.234821	1.237649e-09	0.1	8.234821	1.950676e-13	0.1	8.234821	2.632936e-10	0.1	8.234821	1.937278e-19	0.1
10.11891	0.4116219	0.1	10.11891	0.005241128	0.1	10.11891	2.114426e-10	0.1	10.11891	3.662545e-06	0.1	10.11891	0.5638765	0.1	10.11891	0.0003739287	0.1	10.11891	1.472039e-08	0.1	10.11891	0.009441397	0.1	10.11891	4.871576e-08	0.1	10.11891	1.23425e-09	0.1	10.11891	2.702268e-13	0.1	10.11891	2.625706e-10	0.1	10.11891	1.931958e-19	0.1
13.34878	0.4090415	0.1	13.34878	0.005208272	0.1	13.34878	2.308283e-10	0.1	13.34878	4.757122e-06	0.1	13.34878	0.5603416	0.1	13.34878	0.0003716461	0.1	13.34878	1.465138e-08	0.1	13.34878	0.01251605	0.1	13.34878	4.84874e-08	0.1	13.34878	1.228465e-09	0.1	13.34878	4.215904e-13	0.1	13.34878	2.613398e-10	0.1	13.34878	1.922902e-19	0.1
19.47348	0.4042142	0.1	19.47348	0.005146807	0.1	19.47348	2.65872e-10	0.1	19.47348	6.738868e-06	0.1	19.47348	0.5537288	0.1	19.47348	0.0003674221	0.1	19.47348	1.452219e-08	0.1	19.47348	0.01826793	0.1	19.47348	4.805985e-08	0.1	19.47348	1.217633e-09	0.1	19.47348	7.694809e-13	0.1	19.47348	2.590354e-10	0.1	19.47348	1.905946e-19	0.1
28.56449	0.3972041	0.1	28.56449	0.005057548	0.1	28.56449	3.13962e-10	0.1	28.56449	9.465648e-06	0.1	28.56449	0.5441256	0.1	28.56449	0.0003613972	0.1	28.56449	1.433434e-08	0.1	28.56449	0.02662088	0.1	28.56449	4.743818e-08	0.1	28.56449	1.201882e-09	0.1	28.56449	1.349493e-12	0.1	28.56449	2.556846e-10	0.1	28.56449	1.881292e-19	0.1
44.00665	0.3857036	0.1	44.00665	0.004911114	0.1	44.00665	3.858179e-10	0.1	44.00665	1.355929e-05	0.1	44.00665	0.5283713	0.1	44.00665	0.0003518012	0.1	44.00665	1.402552e-08	0.1	44.00665	0.04032428	0.1	44.00665	4.641616e-08	0.1	44.00665	1.175988e-09	0.1	44.00665	2.192125e-12	0.1	44.00665	2.501761e-10	0.1	44.00665	1.840761e-19	0.1
65.87682	0.37024	0.1	65.87682	0.004714217	0.1	65.87682	4.690894e-10	0.1	65.87682	1.83435e-05	0.1	65.87682	0.5071878	0.1	65.87682	0.0003394872	0.1	65.87682	1.360893e-08	0.1	65.87682	0.05875005	0.1	65.87682	4.50375e-08	0.1	65.87682	1.141059e-09	0.1	65.87682	2.858406e-12	0.1	65.87682	2.427453e-10	0.1	65.87682	1.786087e-19	0.1
90.9738	0.3535915	0.1	90.9738	0.004502235	0.1	90.9738	5.423886e-10	0.1	90.9738	2.261191e-05	0.1	90.9738	0.4843813	0.1	90.9738	0.0003270275	0.1	90.9738	1.315855e-08	0.1	90.9738	0.0785876	0.1	90.9738	4.354699e-08	0.1	90.9738	1.103296e-09	0.1	90.9738	3.235355e-12	0.1	90.9738	2.347117e-10	0.1	90.9738	1.726976e-19	0.1
128.5236	0.3306486	0.1	128.5236	0.004210105	0.1	128.5236	6.173529e-10	0.1	128.5236	2.708862e-05	0.1	128.5236	0.452952	0.1	128.5236	0.0003113126	0.1	128.5236	1.25343e-08	0.1	128.5236	0.1059254	0.1	128.5236	4.148111e-08	0.1	128.5236	1.050955e-09	0.1	128.5236	3.533975e-12	0.1	128.5236	2.235769e-10	0.1	128.5236	1.645048e-19	0.1
169.1867	0.3081467	0.1	169.1867	0.003923591	0.1	169.1867	6.639014e-10	0.1	169.1867	3.002377e-05	0.1	169.1867	0.4221268	0.1	169.1867	0.0002976788	0.1	169.1867	1.191747e-08	0.1	169.1867	0.1327375	0.1	169.1867	3.943975e-08	0.1	169.1867	9.992357e-10	0.1	169.1867	3.601837e-12	0.1	169.1867	2.125743e-10	0.1	169.1867	1.564092e-19	0.1
209.8497	0.2877635	0.1	209.8497	0.003664056	0.1	209.8497	6.852641e-10	0.1	209.8497	3.156007e-05	0.1	209.8497	0.3942042	0.1	209.8497	0.0002869916	0.1	209.8497	1.135417e-08	0.1	209.8497	0.1570248	0.1	209.8497	3.757556e-08	0.1	209.8497	9.520049e-10	0.1	209.8497	2.467255e-12	0.1	209.8497	2.025266e-10	0.1	209.8497	1.490163e-19	0.1
250.5128	0.2692276	0.1	250.5128	0.00342804	0.1	250.5128	6.893419e-10	0.1	250.5128	3.212894e-05	0.1	250.5128	0.368812	0.1	250.5128	0.000278768	0.1	250.5128	1.083757e-08	0.1	250.5128	0.1791107	0.1	250.5128	3.586595e-08	0.1	250.5128	9.086905e-10	0.1	250.5128	4.777872e-12	0.1	250.5128	1.93312e-10	0.1	250.5128	1.422363e-19	0.1
291.1758	0.2523116	0.1	291.1758	0.003212651	0.1	291.1758	6.817201e-10	0.1	291.1758	3.203603e-05	0.1	291.1758	0.345639	0.1	291.1758	0.0002726095	0.1	291.1758	1.036198e-08	0.1	291.1758	0.199266	0.1	291.1758	3.429202e-08	0.1	291.1758	8.688137e-10	0.1	291.1758	3.66145e-12	0.1	291.1758	1.848287e-10	0.1	291.1758	1.359945e-19	0.1
331.8389	0.2368241	0.1	331.8389	0.00301545	0.1	331.8389	6.663469e-10	0.1	331.8389	3.149798e-05	0.1	331.8389	0.3244228	0.1	331.8389	0.0002681852	0.1	331.8389	9.922574e-09	0.1	331.8389	0.217719	0.1	331.8389	3.283784e-08	0.1	331.8389	8.319709e-10	0.1	331.8389	1.240761e-12	0.1	331.8389	1.769909e-10	0.1	331.8389	1.302275e-19	0.1
372.5019	0.2226022	0.1	372.5019	0.002834365	0.1	372.5019	6.460088e-10	0.1	372.5019	3.066823e-05	0.1	372.5019	0.3049404	0.1	372.5019	0.0002652192	0.1	372.5019	9.515268e-09	0.1	372.5019	0.2346635	0.1	372.5019	3.14899e-08	0.1	372.5019	7.978197e-10	0.1	372.5019	4.531798e-12	0.1	372.5019	1.697257e-10	0.1	372.5019	1.248819e-19	0.1
413.165	0.2095071	0.1	413.165	0.002667626	0.1	413.165	6.226665e-10	0.1	413.165	2.965516e-05	0.1	413.165	0.2870015	0.1	413.165	0.0002634797	0.1	413.165	9.136572e-09	0.1	413.165	0.2502653	0.1	413.165	3.023664e-08	0.1	413.165	7.660674e-10	0.1	413.165	3.416488e-12	0.1	413.165	1.629708e-10	0.1	413.165	1.199117e-19	0.1
453.828	0.1974192	0.1	453.828	0.002513713	0.1	453.828	5.976919e-10	0.1	453.828	2.853506e-05	0.1	453.828	0.2704425	0.1	453.828	0.0002627719	0.1	453.828	8.783487e-09	0.1	453.828	0.2646666	0.1	453.828	2.906814e-08	0.1	453.828	7.364625e-10	0.1	453.828	1.142317e-12	0.1	453.828	1.566727e-10	0.1	453.828	1.152777e-19	0.1
494.4911	0.1862353	0.1	494.4911	0.00237131	0.1	494.4911	5.720369e-10	0.1	494.4911	2.736124e-05	0.1	494.4911	0.2551218	0.1	494.4911	0.0002629306	0.1	494.4911	8.453422e-09	0.1	494.4911	0.2779906	0.1	494.4911	2.797582e-08	0.1	494.4911	7.087877e-10	0.1	494.4911	4.213788e-12	0.1	494.4911	1.507853e-10	0.1	494.4911	1.109458e-19	0.1
535.1541	0.1758656	0.1	535.1541	0.002239274	0.1	535.1541	5.463543e-10	0.1	535.1541	2.61706e-05	0.1	535.1541	0.2409164	0.1	535.1541	0.000263816	0.1	535.1541	8.144126e-09	0.1	535.1541	0.2903443	0.1	535.1541	2.695223e-08	0.1	535.1541	6.828542e-10	0.1	535.1541	3.13634e-12	0.1	535.1541	1.452683e-10	0.1	535.1541	1.068864e-19	0.1
575.8172	0.1662318	0.1	575.8172	0.002116607	0.1	575.8172	5.210833e-10	0.1	575.8172	2.498833e-05	0.1	575.8172	0.2277191	0.1	575.8172	0.0002653089	0.1	575.8172	7.853632e-09	0.1	575.8172	0.3018211	0.1	575.8172	2.599087e-08	0.1	575.8172	6.584973e-10	0.1	575.8172	1.034377e-12	0.1	575.8172	1.400867e-10	0.1	575.8172	1.030739e-19	0.1
616.4802	0.1572651	0.1	616.4802	0.002002436	0.1	616.4802	4.965116e-10	0.1	616.4802	2.383123e-05	0.1	616.4802	0.2154357	0.1	616.4802	0.0002673077	0.1	616.4802	7.580221e-09	0.1	616.4802	0.3125028	0.1	616.4802	2.508604e-08	0.1	616.4802	6.355727e-10	0.1	616.4802	3.916978e-12	0.1	616.4802	1.352098e-10	0.1	616.4802	9.948552e-20	0.1
657.1433	0.148905	0.1	657.1433	0.001895988	0.1	657.1433	4.728195e-10	0.1	657.1433	2.271018e-05	0.1	657.1433	0.2039834	0.1	657.1433	0.0002697254	0.1	657.1433	7.322374e-09	0.1	657.1433	0.3224615	0.1	657.1433	2.423273e-08	0.1	657.1433	6.139531e-10	0.1	657.1433	1.662272e-12	0.1	657.1433	1.306105e-10	0.1	657.1433	9.610144e-20	0.1
697.8063	0.1410981	0.1	697.8063	0.001796584	0.1	697.8063	4.501118e-10	0.1	697.8063	2.163184e-05	0.1	697.8063	0.1932888	0.1	697.8063	0.0002724877	0.1	697.8063	7.078752e-09	0.1	697.8063	0.3317612	0.1	697.8063	2.342648e-08	0.1	697.8063	5.935262e-10	0.1	697.8063	2.630309e-12	0.1	697.8063	1.262649e-10	0.1	697.8063	9.290405e-20	0.1
738.4694	0.1337968	0.1	738.4694	0.001703618	0.1	738.4694	4.284403e-10	0.1	738.4694	2.059989e-05	0.1	738.4694	0.1832869	0.1	738.4694	0.0002755307	0.1	738.4694	6.848167e-09	0.1	738.4694	0.3404583	0.1	738.4694	2.266339e-08	0.1	738.4694	5.741925e-10	0.1	738.4694	1.639612e-12	0.1	738.4694	1.221519e-10	0.1	738.4694	8.987775e-20	0.1
779.1324	0.1269589	0.1	779.1324	0.001616551	0.1	779.1324	4.078205e-10	0.1	779.1324	1.961597e-05	0.1	779.1324	0.1739197	0.1	779.1324	0.0002787995	0.1	779.1324	6.629561e-09	0.1	779.1324	0.3486032	0.1	779.1324	2.193993e-08	0.1	779.1324	5.558631e-10	0.1	779.1324	2.432443e-12	0.1	779.1324	1.182526e-10	0.1	779.1324	8.700868e-20	0.1
819.7955	0.1205466	0.1	819.7955	0.001534904	0.1	819.7955	3.882431e-10	0.1	819.7955	1.868028e-05	0.1	819.7955	0.1651355	0.1	819.7955	0.000282247	0.1	819.7955	6.421989e-09	0.1	819.7955	0.356241	0.1	819.7955	2.125299e-08	0.1	819.7955	5.384588e-10	0.1	819.7955	0.0	0.1	819.7955	1.145501e-10	0.1	819.7955	8.428441e-20	0.1
860.4585	0.114526	0.1	860.4585	0.001458245	0.1	860.4585	3.696824e-10	0.1	860.4585	1.779208e-05	0.1	860.4585	0.156888	0.1	860.4585	0.0002858327	0.1	860.4585	6.224604e-09	0.1	860.4585	0.363412	0.1	860.4585	2.059977e-08	0.1	860.4585	5.219088e-10	0.1	860.4585	2.22674e-12	0.1	860.4585	1.110293e-10	0.1	860.4585	8.169385e-20	0.1
901.1216	0.1088668	0.1	901.1216	0.001386186	0.1	901.1216	3.521022e-10	0.1	901.1216	1.695e-05	0.1	901.1216	0.1491354	0.1	901.1216	0.0002895218	0.1	901.1216	6.036647e-09	0.1	901.1216	0.3701526	0.1	901.1216	1.997774e-08	0.1	901.1216	5.061491e-10	0.1	901.1216	0.0	0.1	901.1216	1.076766e-10	0.1	901.1216	7.922702e-20	0.1
941.7846	0.1035413	0.1	941.7846	0.001318378	0.1	941.7846	3.354603e-10	0.1	941.7846	1.615225e-05	0.1	941.7846	0.1418402	0.1	941.7846	0.0002932843	0.1	941.7846	5.857431e-09	0.1	941.7846	0.3764953	0.1	941.7846	1.938465e-08	0.1	941.7846	4.911225e-10	0.1	941.7846	2.435748e-12	0.1	941.7846	1.044799e-10	0.1	941.7846	7.687492e-20	0.1
982.4477	0.09852497	0.1	982.4477	0.001254506	0.1	982.4477	3.197111e-10	0.1	982.4477	1.539686e-05	0.1	982.4477	0.1349683	0.1	982.4477	0.0002970944	0.1	982.4477	5.686339e-09	0.1	982.4477	0.3824698	0.1	982.4477	1.881843e-08	0.1	982.4477	4.76777e-10	0.1	982.4477	0.0	0.1	982.4477	1.014281e-10	0.1	982.4477	7.462943e-20	0.1
1023.111	0.09379521	0.1	1023.111	0.001194282	0.1	1023.111	3.048076e-10	0.1	1023.111	1.46817e-05	0.1	1023.111	0.1284891	0.1	1023.111	0.0003009302	0.1	1023.111	5.52281e-09	0.1	1023.111	0.3881029	0.1	1023.111	1.827725e-08	0.1	1023.111	4.630656e-10	0.1	1023.111	1.904451e-12	0.1	1023.111	9.851114e-11	0.1	1023.111	7.24832e-20	0.1
1063.774	0.08933165	0.1	1063.774	0.001137448	0.1	1063.774	2.907032e-10	0.1	1063.774	1.400465e-05	0.1	1063.774	0.1223745	0.1	1063.774	0.0003047728	0.1	1063.774	5.366334e-09	0.1	1063.774	0.3934188	0.1	1063.774	1.775941e-08	0.1	1063.774	4.499456e-10	0.1	1063.774	1.204966e-12	0.1	1063.774	9.572004e-11	0.1	1063.774	7.042955e-20	0.1
1104.437	0.08511571	0.1	1104.437	0.001083767	0.1	1104.437	2.773522e-10	0.1	1104.437	1.33636e-05	0.1	1104.437	0.1165991	0.1	1104.437	0.000308606	0.1	1104.437	5.21645e-09	0.1	1104.437	0.3984397	0.1	1104.437	1.726339e-08	0.1	1104.437	4.373783e-10	0.1	1104.437	1.788697e-12	0.1	1104.437	9.304651e-11	0.1	1104.437	6.84624e-20	0.1
1145.1	0.08113046	0.1	1145.1	0.001033024	0.1	1145.1	2.647105e-10	0.1	1145.1	1.275648e-05	0.1	1145.1	0.1111398	0.1	1145.1	0.000312416	0.1	1145.1	5.072735e-09	0.1	1145.1	0.4031858	0.1	1145.1	1.678778e-08	0.1	1145.1	4.253282e-10	0.1	1145.1	0.0	0.1	1145.1	9.048301e-11	0.1	1145.1	6.657622e-20	0.1
1187.534	0.07720086	0.1	1187.534	0.0009829885	0.1	1187.534	2.522292e-10	0.1	1187.534	1.215696e-05	0.1	1187.534	0.1057566	0.1	1187.534	0.0003163548	0.1	1187.534	4.928922e-09	0.1	1187.534	0.4078655	0.1	1187.534	1.631184e-08	0.1	1187.534	4.132699e-10	0.1	1187.534	1.472897e-12	0.1	1187.534	8.791777e-11	0.1	1187.534	6.468876e-20	0.1
1237.051	0.07289018	0.1	1237.051	0.0009281012	0.1	1237.051	2.385231e-10	0.1	1237.051	1.149853e-05	0.1	1237.051	0.09985149	0.1	1237.051	0.0003208884	0.1	1237.051	4.768532e-09	0.1	1237.051	0.4129989	0.1	1237.051	1.578105e-08	0.1	1237.051	3.998217e-10	0.1	1237.051	0.0	0.1	1237.051	8.505684e-11	0.1	1237.051	6.258373e-20	0.1
1286.569	0.06885355	0.1	1286.569	0.0008767033	0.1	1286.569	2.256781e-10	0.1	1286.569	1.08814e-05	0.1	1286.569	0.09432175	0.1	1286.569	0.0003253408	0.1	1286.569	4.615597e-09	0.1	1286.569	0.4178059	0.1	1286.569	1.527493e-08	0.1	1286.569	3.869985e-10	0.1	1286.569	1.633916e-12	0.1	1286.569	8.232888e-11	0.1	1286.569	6.057653e-20	0.1
1336.087	0.06506999	0.1	1336.087	0.0008285277	0.1	1336.087	2.136319e-10	0.1	1336.087	1.030262e-05	0.1	1336.087	0.08913869	0.1	1336.087	0.0003297003	0.1	1336.087	4.469594e-09	0.1	1336.087	0.4223114	0.1	1336.087	1.479175e-08	0.1	1336.087	3.747567e-10	0.1	1336.087	2.984208e-12	0.1	1336.087	7.972458e-11	0.1	1336.087	5.866033e-20	0.1
1385.604	0.06152052	0.1	1385.604	0.0007833327	0.1	1385.604	2.023273e-10	0.1	1385.604	9.759442e-06	0.1	1385.604	0.0842763	0.1	1385.604	0.0003339579	0.1	1385.604	4.330052e-09	0.1	1385.604	0.426538	0.1	1385.604	1.432995e-08	0.1	1385.604	3.630565e-10	0.1	1385.604	0.0	0.1	1385.604	7.723553e-11	0.1	1385.604	5.682892e-20	0.1
1435.122	0.0581879	0.1	1435.122	0.0007408989	0.1	1435.122	1.917113e-10	0.1	1435.122	9.249339e-06	0.1	1435.122	0.07971098	0.1	1435.122	0.0003381065	0.1	1435.122	4.196543e-09	0.1	1435.122	0.4305064	0.1	1435.122	1.388812e-08	0.1	1435.122	3.518621e-10	0.1	1435.122	1.197571e-12	0.1	1435.122	7.485407e-11	0.1	1435.122	5.507668e-20	0.1
1484.639	0.05505646	0.1	1484.639	0.0007010267	0.1	1484.639	1.817355e-10	0.1	1484.639	8.769992e-06	0.1	1484.639	0.07542126	0.1	1484.639	0.0003421408	0.1	1484.639	4.068676e-09	0.1	1484.639	0.4342352	0.1	1484.639	1.346496e-08	0.1	1484.639	3.411408e-10	0.1	1484.639	0.0	0.1	1484.639	7.257325e-11	0.1	1484.639	5.339849e-20	0.1
1534.157	0.05211191	0.1	1534.157	0.0006635342	0.1	1534.157	1.72355e-10	0.1	1534.157	8.319251e-06	0.1	1534.157	0.07138755	0.1	1534.157	0.0003460571	0.1	1534.157	3.946096e-09	0.1	1534.157	0.4377413	0.1	1534.157	1.305929e-08	0.1	1534.157	3.308628e-10	0.1	1534.157	0.0	0.1	1534.157	7.038674e-11	0.1	1534.157	5.178969e-20	0.1
1583.675	0.04934121	0.1	1583.675	0.0006282552	0.1	1583.675	1.635288e-10	0.1	1583.675	7.895147e-06	0.1	1583.675	0.067592	0.1	1583.675	0.0003498529	0.1	1583.675	3.828478e-09	0.1	1583.675	0.4410404	0.1	1583.675	1.267005e-08	0.1	1583.675	3.210009e-10	0.1	1583.675	2.63183e-12	0.1	1583.675	6.828875e-11	0.1	1583.675	5.024602e-20	0.1
1633.192	0.04673241	0.1	1633.192	0.0005950377	0.1	1633.192	1.552192e-10	0.1	1633.192	7.495874e-06	0.1	1633.192	0.06401823	0.1	1633.192	0.0003535266	0.1	1633.192	3.715526e-09	0.1	1633.192	0.4441466	0.1	1633.192	1.229625e-08	0.1	1633.192	3.115302e-10	0.1	1633.192	1.460488e-12	0.1	1633.192	6.627398e-11	0.1	1633.192	4.876358e-20	0.1
1682.71	0.04427456	0.1	1682.71	0.0005637422	0.1	1682.71	1.473914e-10	0.1	1682.71	7.119758e-06	0.1	1682.71	0.06065125	0.1	1682.71	0.0003570779	0.1	1682.71	3.606967e-09	0.1	1682.71	0.4470731	0.1	1682.71	1.193699e-08	0.1	1682.71	3.024278e-10	0.1	1682.71	1.836215e-13	0.1	1682.71	6.433756e-11	0.1	1682.71	4.73388e-20	0.1
1738.245	0.04168519	0.1	1738.245	0.0005307721	0.1	1738.245	1.39146e-10	0.1	1738.245	6.723582e-06	0.1	1738.245	0.0571041	0.1	1738.245	0.0003609153	0.1	1738.245	3.490132e-09	0.1	1738.245	0.4501561	0.1	1738.245	1.155034e-08	0.1	1738.245	2.926315e-10	0.1	1738.245	1.14241e-12	0.1	1738.245	6.225353e-11	0.1	1738.245	4.580539e-20	0.1
1802.806	0.03888061	0.1	1802.806	0.0004950618	0.1	1802.806	1.302171e-10	0.1	1802.806	6.294574e-06	0.1	1802.806	0.05326214	0.1	1802.806	0.0003651848	0.1	1802.806	3.36043e-09	0.1	1802.806	0.4534953	0.1	1802.806	1.11211e-08	0.1	1802.806	2.817563e-10	0.1	1802.806	1.389795e-12	0.1	1802.806	5.993997e-11	0.1	1802.806	4.410312e-20	0.1
1867.367	0.03627956	0.1	1867.367	0.0004619429	0.1	1867.367	1.21938e-10	0.1	1867.367	5.896796e-06	0.1	1867.367	0.04969898	0.1	1867.367	0.0003692514	0.1	1867.367	3.236871e-09	0.1	1867.367	0.4565922	0.1	1867.367	1.07122e-08	0.1	1867.367	2.713962e-10	0.1	1867.367	1.019069e-12	0.1	1867.367	5.773599e-11	0.1	1867.367	4.248147e-20	0.1
1931.928	0.03386536	0.1	1931.928	0.0004312032	0.1	1931.928	1.142553e-10	0.1	1931.928	5.527686e-06	0.1	1931.928	0.0463918	0.1	1931.928	0.0003731196	0.1	1931.928	3.119038e-09	0.1	1931.928	0.4594665	0.1	1931.928	1.032225e-08	0.1	1931.928	2.615162e-10	0.1	1931.928	1.015866e-12	0.1	1931.928	5.563415e-11	0.1	1931.928	4.093496e-20	0.1
1972.978	0.03242056	0.1	1972.978	0.0004128068	0.1	1972.978	1.096583e-10	0.1	1972.978	5.306834e-06	0.1	1972.978	0.04441259	0.1	1972.978	0.0003754783	0.1	1972.978	3.04692e-09	0.1	1972.978	0.4611866	0.1	1972.978	1.008359e-08	0.1	1972.978	2.554692e-10	0.1	1972.978	1.235167e-12	0.1	1972.978	5.434775e-11	0.1	1972.978	3.998845e-20	0.1
2017.486	0.03092837	0.1	2017.486	0.0003938069	0.1	2017.486	1.049113e-10	0.1	2017.486	5.078774e-06	0.1	2017.486	0.04236845	0.1	2017.486	0.0003779493	0.1	2017.486	2.971065e-09	0.1	2017.486	0.4629632	0.1	2017.486	9.832555e-09	0.1	2017.486	2.49109e-10	0.1	2017.486	1.199716e-12	0.1	2017.486	5.299469e-11	0.1	2017.486	3.899289e-20	0.1
2075.825	0.02908264	0.1	2075.825	0.0003703055	0.1	2075.825	9.904052e-11	0.1	2075.825	4.796733e-06	0.1	2075.825	0.03984	0.1	2075.825	0.000381055	0.1	2075.825	2.875149e-09	0.1	2075.825	0.4651606	0.1	2075.825	9.515134e-09	0.1	2075.825	2.410666e-10	0.1	2075.825	1.163631e-12	0.1	2075.825	5.128378e-11	0.1	2075.825	3.773403e-20	0.1
2136.533	0.02728587	0.1	2136.533	0.0003474274	0.1	2136.533	9.332654e-11	0.1	2136.533	4.522231e-06	0.1	2136.533	0.03737862	0.1	2136.533	0.0003841316	0.1	2136.533	2.779343e-09	0.1	2136.533	0.4672997	0.1	2136.533	9.198078e-09	0.1	2136.533	2.330335e-10	0.1	2136.533	1.134314e-12	0.1	2136.533	4.957484e-11	0.1	2136.533	3.647662e-20	0.1
2189.792	0.0258065	0.1	2189.792	0.0003285908	0.1	2189.792	8.862278e-11	0.1	2189.792	4.296266e-06	0.1	2189.792	0.03535205	0.1	2189.792	0.0003867044	0.1	2189.792	2.698477e-09	0.1	2189.792	0.4690609	0.1	2189.792	8.930466e-09	0.1	2189.792	2.262531e-10	0.1	2189.792	1.099648e-12	0.1	2189.792	4.813239e-11	0.1	2189.792	3.541529e-20	0.1
2259.921	0.02398667	0.1	2259.921	0.0003054191	0.1	2259.921	8.283753e-11	0.1	2259.921	4.018353e-06	0.1	2259.921	0.03285908	0.1	2259.921	0.0003899193	0.1	2259.921	2.596279e-09	0.1	2259.921	0.4712274	0.1	2259.921	8.592257e-09	0.1	2259.921	2.17684e-10	0.1	2259.921	1.061564e-12	0.1	2259.921	4.630943e-11	0.1	2259.921	3.407398e-20	0.1
2308.053	0.02281634	0.1	2308.053	0.0002905175	0.1	2308.053	7.911767e-11	0.1	2308.053	3.839661e-06	0.1	2308.053	0.03125587	0.1	2308.053	0.0003920161	0.1	2308.053	2.528812e-09	0.1	2308.053	0.4726207	0.1	2308.053	8.368986e-09	0.1	2308.053	2.12027e-10	0.1	2308.053	1.03631e-12	0.1	2308.053	4.510598e-11	0.1	2308.053	3.318851e-20	0.1
2361.442	0.02158808	0.1	2361.442	0.0002748782	0.1	2361.442	7.521418e-11	0.1	2361.442	3.652151e-06	0.1	2361.442	0.02957328	0.1	2361.442	0.0003942417	0.1	2361.442	2.456392e-09	0.1	2361.442	0.4740829	0.1	2361.442	8.129324e-09	0.1	2361.442	2.059547e-10	0.1	2361.442	1.009362e-12	0.1	2361.442	4.381418e-11	0.1	2361.442	3.223802e-20	0.1
2428.352	0.02014594	0.1	2428.352	0.0002565156	0.1	2428.352	7.063169e-11	0.1	2428.352	3.432028e-06	0.1	2428.352	0.02759771	0.1	2428.352	0.0003968877	0.1	2428.352	2.369052e-09	0.1	2428.352	0.4757997	0.1	2428.352	7.840286e-09	0.1	2428.352	1.986314e-10	0.1	2428.352	9.769632e-13	0.1	2428.352	4.225623e-11	0.1	2428.352	3.109172e-20	0.1
2517.789	0.01837378	0.1	2517.789	0.0002339509	0.1	2517.789	6.500158e-11	0.1	2517.789	3.161589e-06	0.1	2517.789	0.02517004	0.1	2517.789	0.0004001884	0.1	2517.789	2.257899e-09	0.1	2517.789	0.4779094	0.1	2517.789	7.472445e-09	0.1	2517.789	1.893113e-10	0.1	2517.789	9.35909e-13	0.1	2517.789	4.027352e-11	0.1	2517.789	2.963287e-20	0.1
2601.039	0.01686998	0.1	2601.039	0.0002148033	0.1	2601.039	6.022498e-11	0.1	2601.039	2.932152e-06	0.1	2601.039	0.02311001	0.1	2601.039	0.0004030322	0.1	2601.039	2.159817e-09	0.1	2601.039	0.4796996	0.1	2601.039	7.14786e-09	0.1	2601.039	1.810873e-10	0.1	2601.039	8.998614e-13	0.1	2601.039	3.852396e-11	0.1	2601.039	2.834557e-20	0.1
2659.54	0.01589019	0.1	2659.54	0.0002023277	0.1	2659.54	5.711326e-11	0.1	2659.54	2.782688e-06	0.1	2659.54	0.0217678	0.1	2659.54	0.0004049065	0.1	2659.54	2.093808e-09	0.1	2659.54	0.480866	0.1	2659.54	6.929417e-09	0.1	2659.54	1.755525e-10	0.1	2659.54	8.757066e-13	0.1	2659.54	3.734651e-11	0.1	2659.54	2.747925e-20	0.1
2726.385	0.01484247	0.1	2726.385	0.0001889873	0.1	2726.385	5.378623e-11	0.1	2726.385	2.622886e-06	0.1	2726.385	0.02033255	0.1	2726.385	0.0004069296	0.1	2726.385	2.021172e-09	0.1	2726.385	0.4821132	0.1	2726.385	6.689043e-09	0.1	2726.385	1.694621e-10	0.1	2726.385	8.492343e-13	0.1	2726.385	3.605085e-11	0.1	2726.385	2.65259e-20	0.1
2805.746	0.01369072	0.1	2805.746	0.0001743222	0.1	2805.746	5.012931e-11	0.1	2805.746	2.44724e-06	0.1	2805.746	0.01875477	0.1	2805.746	0.0004091762	0.1	2805.746	1.938598e-09	0.1	2805.746	0.4834843	0.1	2805.746	6.415781e-09	0.1	2805.746	1.625383e-10	0.1	2805.746	8.192895e-13	0.1	2805.746	3.457791e-11	0.1	2805.746	2.544215e-20	0.1
2885.107	0.01263094	0.1	2885.107	0.0001608282	0.1	2885.107	4.676488e-11	0.1	2885.107	2.285646e-06	0.1	2885.107	0.01730299	0.1	2885.107	0.0004112645	0.1	2885.107	1.85978e-09	0.1	2885.107	0.4847458	0.1	2885.107	6.154951e-09	0.1	2885.107	1.559295e-10	0.1	2885.107	7.908708e-13	0.1	2885.107	3.317197e-11	0.1	2885.107	2.440768e-20	0.1
2951.393	0.01181064	0.1	2951.393	0.0001503834	0.1	2951.393	4.416101e-11	0.1	2951.393	2.160583e-06	0.1	2951.393	0.01617927	0.1	2951.393	0.000412895	0.1	2951.393	1.796672e-09	0.1	2951.393	0.4857223	0.1	2951.393	5.946107e-09	0.1	2951.393	1.506378e-10	0.1	2951.393	7.682436e-13	0.1	2951.393	3.204624e-11	0.1	2951.393	2.357939e-20	0.1
3022.534	0.01099093	0.1	3022.534	0.0001399461	0.1	3022.534	4.155928e-11	0.1	3022.534	2.035625e-06	0.1	3022.534	0.01505636	0.1	3022.534	0.0004145365	0.1	3022.534	1.731558e-09	0.1	3022.534	0.4866981	0.1	3022.534	5.730628e-09	0.1	3022.534	1.45178e-10	0.1	3022.534	7.450275e-13	0.1	3022.534	3.088474e-11	0.1	3022.534	2.272479e-20	0.1
3076.873	0.0104043	0.1	3076.873	0.0001324766	0.1	3076.873	3.969748e-11	0.1	3076.873	1.946206e-06	0.1	3076.873	0.01425274	0.1	3076.873	0.0004157189	0.1	3076.873	1.683568e-09	0.1	3076.873	0.4873964	0.1	3076.873	5.571817e-09	0.1	3076.873	1.411541e-10	0.1	3076.873	7.280087e-13	0.1	3076.873	3.00287e-11	0.1	3076.873	2.209493e-20	0.1
