Batch	m_SP	7	W1_L	R	W3	P1	P2_L	P3	P4											
1.681371e-08	0.9892853	0.1	1.681371e-08	0.0005072206	0.1	1.681371e-08	7.068026e-06	0.1	1.681371e-08	0.001628155	0.1	1.681371e-08	0.0026633233	0.1	1.681371e-08	0.0005446385	0.1	1.681371e-08	3.350982e-07	0.1
3.227889e-08	0.979727	0.1	3.227889e-08	0.000959509	0.1	3.227889e-08	1.337088e-05	0.1	3.227889e-08	0.003083828	0.1	3.227889e-08	0.0050382089000000005	0.1	3.227889e-08	0.001030292	0.1	3.227889e-08	6.339054e-07	0.1
5.04275e-08	0.9688601	0.1	5.04275e-08	0.001473553	0.1	5.04275e-08	2.053462e-05	0.1	5.04275e-08	0.004741935	0.1	5.04275e-08	0.0077373639	0.1	5.04275e-08	0.001582258	0.1	5.04275e-08	9.735121e-07	0.1
7.036505e-08	0.9573400999999999	0.1	7.036505e-08	0.002018322	0.1	7.036505e-08	2.812681e-05	0.1	7.036505e-08	0.00650267	0.1	7.036505e-08	0.010597851299999999	0.1	7.036505e-08	0.002167215	0.1	7.036505e-08	1.333417e-06	0.1
9.46495e-08	0.9438726	0.1	9.46495e-08	0.002655007	0.1	9.46495e-08	3.700028e-05	0.1	9.46495e-08	0.008564157	0.1	9.46495e-08	0.013940965699999999	0.1	9.46495e-08	0.002850868	0.1	9.46495e-08	1.754048e-06	0.1
1.254543e-07	0.9276323	0.1	1.254543e-07	0.003422599	0.1	1.254543e-07	4.769851e-05	0.1	1.254543e-07	0.01105353	0.1	1.254543e-07	0.017971451200000002	0.1	1.254543e-07	0.003675086	0.1	1.254543e-07	2.261163e-06	0.1
1.562591e-07	0.9122760999999999	0.1	1.562591e-07	0.004148255	0.1	1.562591e-07	5.781248e-05	0.1	1.562591e-07	0.01340987	0.1	1.562591e-07	0.021781742	0.1	1.562591e-07	0.004454274	0.1	1.562591e-07	2.740573e-06	0.1
1.870638e-07	0.8977461	0.1	1.870638e-07	0.004834789	0.1	1.870638e-07	6.738133e-05	0.1	1.870638e-07	0.01564107	0.1	1.870638e-07	0.025386611	0.1	1.870638e-07	0.005191453	0.1	1.870638e-07	3.194136e-06	0.1
2.178686e-07	0.8839881	0.1	2.178686e-07	0.005484778	0.1	2.178686e-07	7.644093e-05	0.1	2.178686e-07	0.01775472	0.1	2.178686e-07	0.028799583	0.1	2.178686e-07	0.005889393	0.1	2.178686e-07	3.623557e-06	0.1
2.486734e-07	0.8709528	0.1	2.486734e-07	0.006100591	0.1	2.486734e-07	8.502423e-05	0.1	2.486734e-07	0.01975801	0.1	2.486734e-07	0.032033113	0.1	2.486734e-07	0.006550635	0.1	2.486734e-07	4.030398e-06	0.1
2.820035e-07	0.8576101	0.1	2.820035e-07	0.006730907	0.1	2.820035e-07	9.380972e-05	0.1	2.820035e-07	0.02180903	0.1	2.820035e-07	0.035342782999999996	0.1	2.820035e-07	0.00722745	0.1	2.820035e-07	4.446821e-06	0.1
3.191217e-07	0.8436185	0.1	3.191217e-07	0.007391849	0.1	3.191217e-07	0.0001030221	0.1	3.191217e-07	0.02396011	0.1	3.191217e-07	0.038813271999999996	0.1	3.191217e-07	0.007937149	0.1	3.191217e-07	4.883477e-06	0.1
3.578025e-07	0.829941	0.1	3.578025e-07	0.008037943	0.1	3.578025e-07	0.0001120276	0.1	3.578025e-07	0.02606315	0.1	3.578025e-07	0.042205798999999995	0.1	3.578025e-07	0.008630906	0.1	3.578025e-07	5.310324e-06	0.1
4.027337e-07	0.8151205	0.1	4.027337e-07	0.00873802	0.1	4.027337e-07	0.0001217855	0.1	4.027337e-07	0.0283421	0.1	4.027337e-07	0.045881774	0.1	4.027337e-07	0.009382628	0.1	4.027337e-07	5.772835e-06	0.1
4.497253e-07	0.8007466	0.1	4.497253e-07	0.009416996	0.1	4.497253e-07	0.0001312493	0.1	4.497253e-07	0.03055248	0.1	4.497253e-07	0.04944696	0.1	4.497253e-07	0.01011169	0.1	4.497253e-07	6.221406e-06	0.1
5.049586e-07	0.7851909	0.1	5.049586e-07	0.01015179	0.1	5.049586e-07	0.0001414911	0.1	5.049586e-07	0.03294466	0.1	5.049586e-07	0.053305238	0.1	5.049586e-07	0.01090069	0.1	5.049586e-07	6.706854e-06	0.1
5.654409e-07	0.7696558	0.1	5.654409e-07	0.01088561	0.1	5.654409e-07	0.0001517194	0.1	5.654409e-07	0.0353337	0.1	5.654409e-07	0.0571584	0.1	5.654409e-07	0.01168865	0.1	5.654409e-07	7.191658e-06	0.1
6.337969e-07	0.75378337	0.1	6.337969e-07	0.01163537	0.1	6.337969e-07	0.0001621698	0.1	6.337969e-07	0.03777465	0.1	6.337969e-07	0.061095238	0.1	6.337969e-07	0.01249372	0.1	6.337969e-07	7.686991e-06	0.1
7.175724e-07	0.73647865	0.1	7.175724e-07	0.01245278	0.1	7.175724e-07	0.0001735631	0.1	7.175724e-07	0.04043587	0.1	7.175724e-07	0.06538731	0.1	7.175724e-07	0.01337143	0.1	7.175724e-07	8.227018e-06	0.1
8.048511e-07	0.72064047	0.1	8.048511e-07	0.01320092	0.1	8.048511e-07	0.0001839909	0.1	8.048511e-07	0.04287157	0.1	8.048511e-07	0.069315645	0.1	8.048511e-07	0.01417475	0.1	8.048511e-07	8.721281e-06	0.1
9.061428e-07	0.7046622600000001	0.1	9.061428e-07	0.01395566	0.1	9.061428e-07	0.0001945108	0.1	9.061428e-07	0.04532877	0.1	9.061428e-07	0.073278673	0.1	9.061428e-07	0.01498518	0.1	9.061428e-07	9.219908e-06	0.1
1.007434e-06	0.69088643	0.1	1.007434e-06	0.01460638	0.1	1.007434e-06	0.0002035809	0.1	1.007434e-06	0.04744732	0.1	1.007434e-06	0.076695514	0.1	1.007434e-06	0.0156839	0.1	1.007434e-06	9.649814e-06	0.1
1.108726e-06	0.67898213	0.1	1.108726e-06	0.0151687	0.1	1.108726e-06	0.0002114186	0.1	1.108726e-06	0.04927803	0.1	1.108726e-06	0.07964811399999999	0.1	1.108726e-06	0.0162877	0.1	1.108726e-06	1.002131e-05	0.1
1.210018e-06	0.6686751900000001	0.1	1.210018e-06	0.01565556	0.1	1.210018e-06	0.0002182047	0.1	1.210018e-06	0.0508631	0.1	1.210018e-06	0.08220454799999999	0.1	1.210018e-06	0.01681048	0.1	1.210018e-06	1.034296e-05	0.1
1.311309e-06	0.65973594	0.1	1.311309e-06	0.01607781	0.1	1.311309e-06	0.0002240902	0.1	1.311309e-06	0.05223782	0.1	1.311309e-06	0.084421716	0.1	1.311309e-06	0.01726388	0.1	1.311309e-06	1.062192e-05	0.1
1.412601e-06	0.6519716600000001	0.1	1.412601e-06	0.01644457	0.1	1.412601e-06	0.0002292021	0.1	1.412601e-06	0.05343186	0.1	1.412601e-06	0.086347469	0.1	1.412601e-06	0.01765769	0.1	1.412601e-06	1.086422e-05	0.1
1.513892e-06	0.64521932	0.1	1.513892e-06	0.01676352	0.1	1.513892e-06	0.0002336478	0.1	1.513892e-06	0.05447028	0.1	1.513892e-06	0.088022255	0.1	1.513892e-06	0.01800018	0.1	1.513892e-06	1.107494e-05	0.1
1.615184e-06	0.63934042	0.1	1.615184e-06	0.01704122	0.1	1.615184e-06	0.0002375185	0.1	1.615184e-06	0.05537436	0.1	1.615184e-06	0.08948038	0.1	1.615184e-06	0.01829836	0.1	1.615184e-06	1.12584e-05	0.1
1.716476e-06	0.63421715	0.1	1.716476e-06	0.01728322	0.1	1.716476e-06	0.0002408916	0.1	1.716476e-06	0.05616225	0.1	1.716476e-06	0.090751106	0.1	1.716476e-06	0.01855821	0.1	1.716476e-06	1.141829e-05	0.1
1.817767e-06	0.62974859	0.1	1.817767e-06	0.0174943	0.1	1.817767e-06	0.0002438337	0.1	1.817767e-06	0.05684946	0.1	1.817767e-06	0.091859449	0.1	1.817767e-06	0.01878487	0.1	1.817767e-06	1.155774e-05	0.1
1.919059e-06	0.62584819	0.1	1.919059e-06	0.01767854	0.1	1.919059e-06	0.0002464018	0.1	1.919059e-06	0.0574493	0.1	1.919059e-06	0.09282687099999999	0.1	1.919059e-06	0.0189827	0.1	1.919059e-06	1.167946e-05	0.1
2.020351e-06	0.6224414800000001	0.1	2.020351e-06	0.01783946	0.1	2.020351e-06	0.0002486447	0.1	2.020351e-06	0.0579732	0.1	2.020351e-06	0.093671823	0.1	2.020351e-06	0.01915549	0.1	2.020351e-06	1.178577e-05	0.1
2.121642e-06	0.61946441	0.1	2.121642e-06	0.01798009	0.1	2.121642e-06	0.0002506048	0.1	2.121642e-06	0.05843103	0.1	2.121642e-06	0.094410232	0.1	2.121642e-06	0.01930649	0.1	2.121642e-06	1.187868e-05	0.1
2.222934e-06	0.61686148	0.1	2.222934e-06	0.01810304	0.1	2.222934e-06	0.0002523186	0.1	2.222934e-06	0.05883133	0.1	2.222934e-06	0.095055844	0.1	2.222934e-06	0.01943851	0.1	2.222934e-06	1.195991e-05	0.1
2.324225e-06	0.61458455	0.1	2.324225e-06	0.01821059	0.1	2.324225e-06	0.0002538176	0.1	2.324225e-06	0.05918147	0.1	2.324225e-06	0.095620557	0.1	2.324225e-06	0.019554	0.1	2.324225e-06	1.203096e-05	0.1
2.425517e-06	0.61259238	0.1	2.425517e-06	0.0183047	0.1	2.425517e-06	0.0002551293	0.1	2.425517e-06	0.05948786	0.1	2.425517e-06	0.0961147	0.1	2.425517e-06	0.01965505	0.1	2.425517e-06	1.209313e-05	0.1
2.526809e-06	0.610848469	0.1	2.526809e-06	0.01838707	0.1	2.526809e-06	0.0002562775	0.1	2.526809e-06	0.05975604	0.1	2.526809e-06	0.096547226	0.1	2.526809e-06	0.0197435	0.1	2.526809e-06	1.214755e-05	0.1
2.6281e-06	0.609321556	0.1	2.6281e-06	0.01845919	0.1	2.6281e-06	0.0002572828	0.1	2.6281e-06	0.05999085	0.1	2.6281e-06	0.096925924	0.1	2.6281e-06	0.01982094	0.1	2.6281e-06	1.21952e-05	0.1
2.7375e-06	0.607884814	0.1	2.7375e-06	0.01852706	0.1	2.7375e-06	0.0002582287	0.1	2.7375e-06	0.0602118	0.1	2.7375e-06	0.09728229099999999	0.1	2.7375e-06	0.01989381	0.1	2.7375e-06	1.224004e-05	0.1
2.859064e-06	0.606511712	0.1	2.859064e-06	0.01859192	0.1	2.859064e-06	0.0002591328	0.1	2.859064e-06	0.06042297	0.1	2.859064e-06	0.09762286799999999	0.1	2.859064e-06	0.01996346	0.1	2.859064e-06	1.228289e-05	0.1
2.980627e-06	0.6053400580000001	0.1	2.980627e-06	0.01864727	0.1	2.980627e-06	0.0002599042	0.1	2.980627e-06	0.06060316	0.1	2.980627e-06	0.09791348600000001	0.1	2.980627e-06	0.02002289	0.1	2.980627e-06	1.231946e-05	0.1
3.10219e-06	0.6043399190000001	0.1	3.10219e-06	0.01869451	0.1	3.10219e-06	0.0002605627	0.1	3.10219e-06	0.06075696	0.1	3.10219e-06	0.098161527	0.1	3.10219e-06	0.02007361	0.1	3.10219e-06	1.235066e-05	0.1
3.223753e-06	0.603486254	0.1	3.223753e-06	0.01873484	0.1	3.223753e-06	0.0002611248	0.1	3.223753e-06	0.06088825	0.1	3.223753e-06	0.09837327200000001	0.1	3.223753e-06	0.02011692	0.1	3.223753e-06	1.237731e-05	0.1
3.345316e-06	0.602757387	0.1	3.345316e-06	0.01876927	0.1	3.345316e-06	0.0002616047	0.1	3.345316e-06	0.06100035	0.1	3.345316e-06	0.09855407499999999	0.1	3.345316e-06	0.02015389	0.1	3.345316e-06	1.240005e-05	0.1
3.46688e-06	0.602134846	0.1	3.46688e-06	0.01879867	0.1	3.46688e-06	0.0002620145	0.1	3.46688e-06	0.06109608	0.1	3.46688e-06	0.098708459	0.1	3.46688e-06	0.02018546	0.1	3.46688e-06	1.241948e-05	0.1
3.588443e-06	0.601603258	0.1	3.588443e-06	0.01882378	0.1	3.588443e-06	0.0002623645	0.1	3.588443e-06	0.06117783	0.1	3.588443e-06	0.098840322	0.1	3.588443e-06	0.02021242	0.1	3.588443e-06	1.243607e-05	0.1
3.710006e-06	0.6011491959999999	0.1	3.710006e-06	0.01884523	0.1	3.710006e-06	0.0002626635	0.1	3.710006e-06	0.06124766	0.1	3.710006e-06	0.098952946	0.1	3.710006e-06	0.02023545	0.1	3.710006e-06	1.245024e-05	0.1
3.831569e-06	0.6007612609999999	0.1	3.831569e-06	0.01886355	0.1	3.831569e-06	0.0002629189	0.1	3.831569e-06	0.06130731	0.1	3.831569e-06	0.099049151	0.1	3.831569e-06	0.02025513	0.1	3.831569e-06	1.246234e-05	0.1
3.967797e-06	0.600393318	0.1	3.967797e-06	0.01888093	0.1	3.967797e-06	0.0002631611	0.1	3.967797e-06	0.06136389	0.1	3.967797e-06	0.099140398	0.1	3.967797e-06	0.02027379	0.1	3.967797e-06	1.247383e-05	0.1
4.113801e-06	0.6000648258000001	0.1	4.113801e-06	0.01889645	0.1	4.113801e-06	0.0002633774	0.1	4.113801e-06	0.06141442	0.1	4.113801e-06	0.09922188300000001	0.1	4.113801e-06	0.02029045	0.1	4.113801e-06	1.248408e-05	0.1
4.259805e-06	0.5997928388	0.1	4.259805e-06	0.0189093	0.1	4.259805e-06	0.0002635564	0.1	4.259805e-06	0.06145624	0.1	4.259805e-06	0.09928934	0.1	4.259805e-06	0.02030425	0.1	4.259805e-06	1.249257e-05	0.1
4.405809e-06	0.5995677507	0.1	4.405809e-06	0.01891993	0.1	4.405809e-06	0.0002637047	0.1	4.405809e-06	0.06149086	0.1	4.405809e-06	0.09934518	0.1	4.405809e-06	0.02031566	0.1	4.405809e-06	1.249959e-05	0.1
4.551814e-06	0.5993813113	0.1	4.551814e-06	0.01892874	0.1	4.551814e-06	0.0002638274	0.1	4.551814e-06	0.06151952	0.1	4.551814e-06	0.099391406	0.1	4.551814e-06	0.02032512	0.1	4.551814e-06	1.250541e-05	0.1
4.697818e-06	0.5992270426999999	0.1	4.697818e-06	0.01893603	0.1	4.697818e-06	0.000263929	0.1	4.697818e-06	0.06154325	0.1	4.697818e-06	0.099429674	0.1	4.697818e-06	0.02033295	0.1	4.697818e-06	1.251022e-05	0.1
4.843822e-06	0.5990992883	0.1	4.843822e-06	0.01894206	0.1	4.843822e-06	0.0002640131	0.1	4.843822e-06	0.0615629	0.1	4.843822e-06	0.099461369	0.1	4.843822e-06	0.02033943	0.1	4.843822e-06	1.251421e-05	0.1
5.019675e-06	0.598974225	0.1	5.019675e-06	0.01894797	0.1	5.019675e-06	0.0002640954	0.1	5.019675e-06	0.06158214	0.1	5.019675e-06	0.099492392	0.1	5.019675e-06	0.02034577	0.1	5.019675e-06	1.251811e-05	0.1
5.195528e-06	0.5988745756	0.1	5.195528e-06	0.01895267	0.1	5.195528e-06	0.000264161	0.1	5.195528e-06	0.06159746	0.1	5.195528e-06	0.099517094	0.1	5.195528e-06	0.02035082	0.1	5.195528e-06	1.252122e-05	0.1
5.371382e-06	0.5987952026	0.1	5.371382e-06	0.01895642	0.1	5.371382e-06	0.0002642133	0.1	5.371382e-06	0.06160966	0.1	5.371382e-06	0.099536783	0.1	5.371382e-06	0.02035485	0.1	5.371382e-06	1.25237e-05	0.1
5.547235e-06	0.598731928	0.1	5.547235e-06	0.01895941	0.1	5.547235e-06	0.0002642549	0.1	5.547235e-06	0.06161939	0.1	5.547235e-06	0.099552468	0.1	5.547235e-06	0.02035806	0.1	5.547235e-06	1.252567e-05	0.1
5.723088e-06	0.5986815982	0.1	5.723088e-06	0.01896179	0.1	5.723088e-06	0.0002642881	0.1	5.723088e-06	0.06162714	0.1	5.723088e-06	0.099564966	0.1	5.723088e-06	0.02036061	0.1	5.723088e-06	1.252725e-05	0.1
5.927952e-06	0.5986357546900001	0.1	5.927952e-06	0.01896396	0.1	5.927952e-06	0.0002643183	0.1	5.927952e-06	0.0616342	0.1	5.927952e-06	0.099576362	0.1	5.927952e-06	0.02036294	0.1	5.927952e-06	1.252868e-05	0.1
6.140068e-06	0.59859931721	0.1	6.140068e-06	0.01896568	0.1	6.140068e-06	0.0002643423	0.1	6.140068e-06	0.06163979	0.1	6.140068e-06	0.09958536800000001	0.1	6.140068e-06	0.02036478	0.1	6.140068e-06	1.252981e-05	0.1
6.352184e-06	0.59857173039	0.1	6.352184e-06	0.01896698	0.1	6.352184e-06	0.0002643605	0.1	6.352184e-06	0.06164404	0.1	6.352184e-06	0.099592225	0.1	6.352184e-06	0.02036618	0.1	6.352184e-06	1.253067e-05	0.1
6.564301e-06	0.5985506874800001	0.1	6.564301e-06	0.01896797	0.1	6.564301e-06	0.0002643743	0.1	6.564301e-06	0.06164727	0.1	6.564301e-06	0.099597436	0.1	6.564301e-06	0.02036725	0.1	6.564301e-06	1.253133e-05	0.1
6.80235e-06	0.5985330507	0.1	6.80235e-06	0.01896881	0.1	6.80235e-06	0.0002643859	0.1	6.80235e-06	0.06164998	0.1	6.80235e-06	0.09960180799999999	0.1	6.80235e-06	0.02036814	0.1	6.80235e-06	1.253188e-05	0.1
7.05769e-06	0.59851933819	0.1	7.05769e-06	0.01896946	0.1	7.05769e-06	0.000264395	0.1	7.05769e-06	0.06165209	0.1	7.05769e-06	0.099605215	0.1	7.05769e-06	0.02036884	0.1	7.05769e-06	1.253231e-05	0.1
7.313029e-06	0.59850944574	0.1	7.313029e-06	0.01896992	0.1	7.313029e-06	0.0002644015	0.1	7.313029e-06	0.06165362	0.1	7.313029e-06	0.099607669	0.1	7.313029e-06	0.02036934	0.1	7.313029e-06	1.253262e-05	0.1
7.568368e-06	0.59850229331	0.1	7.568368e-06	0.01897026	0.1	7.568368e-06	0.0002644062	0.1	7.568368e-06	0.06165471	0.1	7.568368e-06	0.09960944000000001	0.1	7.568368e-06	0.02036971	0.1	7.568368e-06	1.253284e-05	0.1
7.877511e-06	0.598496241878	0.1	7.877511e-06	0.01897054	0.1	7.877511e-06	0.0002644101	0.1	7.877511e-06	0.06165563	0.1	7.877511e-06	0.09961092899999999	0.1	7.877511e-06	0.02037001	0.1	7.877511e-06	1.253303e-05	0.1
8.186655e-06	0.598492325672	0.1	8.186655e-06	0.01897073	0.1	8.186655e-06	0.0002644128	0.1	8.186655e-06	0.06165625	0.1	8.186655e-06	0.09961192499999999	0.1	8.186655e-06	0.02037021	0.1	8.186655e-06	1.253315e-05	0.1
8.495798e-06	0.598489637969	0.1	8.495798e-06	0.01897086	0.1	8.495798e-06	0.0002644145	0.1	8.495798e-06	0.06165667	0.1	8.495798e-06	0.099612596	0.1	8.495798e-06	0.02037035	0.1	8.495798e-06	1.253324e-05	0.1
8.871046e-06	0.598487417214	0.1	8.871046e-06	0.01897096	0.1	8.871046e-06	0.0002644159	0.1	8.871046e-06	0.06165699	0.1	8.871046e-06	0.09961310999999999	0.1	8.871046e-06	0.02037046	0.1	8.871046e-06	1.25333e-05	0.1
9.246293e-06	0.5984862038509999	0.1	9.246293e-06	0.01897102	0.1	9.246293e-06	0.0002644168	0.1	9.246293e-06	0.06165719	0.1	9.246293e-06	0.099613435	0.1	9.246293e-06	0.02037052	0.1	9.246293e-06	1.253334e-05	0.1
9.666886e-06	0.5984852572671999	0.1	9.666886e-06	0.01897106	0.1	9.666886e-06	0.0002644173	0.1	9.666886e-06	0.06165732	0.1	9.666886e-06	0.099613655	0.1	9.666886e-06	0.02037057	0.1	9.666886e-06	1.253337e-05	0.1
1.011771e-05	0.5984847229717	0.1	1.011771e-05	0.01897109	0.1	1.011771e-05	0.0002644177	0.1	1.011771e-05	0.06165741	0.1	1.011771e-05	0.09961378100000001	0.1	1.011771e-05	0.02037059	0.1	1.011771e-05	1.253339e-05	0.1
1.062497e-05	0.5984844196375	0.1	1.062497e-05	0.0189711	0.1	1.062497e-05	0.0002644179	0.1	1.062497e-05	0.06165746	0.1	1.062497e-05	0.09961386500000001	0.1	1.062497e-05	0.02037061	0.1	1.062497e-05	1.25334e-05	0.1
1.116985e-05	0.5984843086421	0.1	1.116985e-05	0.01897111	0.1	1.116985e-05	0.000264418	0.1	1.116985e-05	0.06165748	0.1	1.116985e-05	0.099613907	0.1	1.116985e-05	0.02037062	0.1	1.116985e-05	1.25334e-05	0.1
1.180639e-05	0.59848414773707	0.1	1.180639e-05	0.01897112	0.1	1.180639e-05	0.0002644181	0.1	1.180639e-05	0.0616575	0.1	1.180639e-05	0.099613938	0.1	1.180639e-05	0.02037062	0.1	1.180639e-05	1.253341e-05	0.1
1.251915e-05	0.5984841190082401	0.1	1.251915e-05	0.01897112	0.1	1.251915e-05	0.0002644181	0.1	1.251915e-05	0.06165751	0.1	1.251915e-05	0.09961394900000001	0.1	1.251915e-05	0.02037063	0.1	1.251915e-05	1.253341e-05	0.1
1.331185e-05	0.5984841068269291	0.1	1.331185e-05	0.01897112	0.1	1.331185e-05	0.0002644181	0.1	1.331185e-05	0.06165751	0.1	1.331185e-05	0.09961394900000001	0.1	1.331185e-05	0.02037063	0.1	1.331185e-05	1.253341e-05	0.1
1.429444e-05	0.5984841019183881	0.1	1.429444e-05	0.01897112	0.1	1.429444e-05	0.0002644181	0.1	1.429444e-05	0.06165751	0.1	1.429444e-05	0.09961394900000001	0.1	1.429444e-05	0.02037063	0.1	1.429444e-05	1.253341e-05	0.1
1.545784e-05	0.5984841004257491	0.1	1.545784e-05	0.01897112	0.1	1.545784e-05	0.0002644181	0.1	1.545784e-05	0.06165751	0.1	1.545784e-05	0.09961394900000001	0.1	1.545784e-05	0.02037063	0.1	1.545784e-05	1.253341e-05	0.1
1.684368e-05	0.5984841000706477	0.1	1.684368e-05	0.01897112	0.1	1.684368e-05	0.0002644181	0.1	1.684368e-05	0.06165751	0.1	1.684368e-05	0.09961394900000001	0.1	1.684368e-05	0.02037063	0.1	1.684368e-05	1.253341e-05	0.1
1.863708e-05	0.5984841000069959	0.1	1.863708e-05	0.01897112	0.1	1.863708e-05	0.0002644181	0.1	1.863708e-05	0.06165751	0.1	1.863708e-05	0.09961394900000001	0.1	1.863708e-05	0.02037063	0.1	1.863708e-05	1.253341e-05	0.1
2.120786e-05	0.5984841000012647	0.1	2.120786e-05	0.01897112	0.1	2.120786e-05	0.0002644181	0.1	2.120786e-05	0.06165751	0.1	2.120786e-05	0.09961394900000001	0.1	2.120786e-05	0.02037063	0.1	2.120786e-05	1.253341e-05	0.1
2.507903e-05	0.5984841000001024	0.1	2.507903e-05	0.01897112	0.1	2.507903e-05	0.0002644181	0.1	2.507903e-05	0.06165751	0.1	2.507903e-05	0.09961394900000001	0.1	2.507903e-05	0.02037063	0.1	2.507903e-05	1.253341e-05	0.1
3.171531e-05	0.5984841000000003	0.1	3.171531e-05	0.01897112	0.1	3.171531e-05	0.0002644181	0.1	3.171531e-05	0.06165751	0.1	3.171531e-05	0.09961394900000001	0.1	3.171531e-05	0.02037063	0.1	3.171531e-05	1.253341e-05	0.1
4.498788e-05	0.5984841000000001	0.1	4.498788e-05	0.01897112	0.1	4.498788e-05	0.0002644181	0.1	4.498788e-05	0.06165751	0.1	4.498788e-05	0.09961394900000001	0.1	4.498788e-05	0.02037063	0.1	4.498788e-05	1.253341e-05	0.1
7.595721e-05	0.5984841000000001	0.1	7.595721e-05	0.01897112	0.1	7.595721e-05	0.0002644181	0.1	7.595721e-05	0.06165751	0.1	7.595721e-05	0.09961394900000001	0.1	7.595721e-05	0.02037063	0.1	7.595721e-05	1.253341e-05	0.1
0.0001732894	0.5984841000000001	0.1	0.0001732894	0.01897112	0.1	0.0001732894	0.0002644181	0.1	0.0001732894	0.06165751	0.1	0.0001732894	0.09961394900000001	0.1	0.0001732894	0.02037063	0.1	0.0001732894	1.253341e-05	0.1
0.0004564375	0.5984841000000001	0.1	0.0004564375	0.01897112	0.1	0.0004564375	0.0002644181	0.1	0.0004564375	0.06165751	0.1	0.0004564375	0.09961394900000001	0.1	0.0004564375	0.02037063	0.1	0.0004564375	1.253341e-05	0.1
0.001447456	0.5984841000000001	0.1	0.001447456	0.01897112	0.1	0.001447456	0.0002644181	0.1	0.001447456	0.06165751	0.1	0.001447456	0.09961394900000001	0.1	0.001447456	0.02037063	0.1	0.001447456	1.253341e-05	0.1
0.004562086	0.5984841000000001	0.1	0.004562086	0.01897112	0.1	0.004562086	0.0002644181	0.1	0.004562086	0.06165751	0.1	0.004562086	0.09961394900000001	0.1	0.004562086	0.02037063	0.1	0.004562086	1.253341e-05	0.1
0.01362283	0.5984841000000001	0.1	0.01362283	0.01897112	0.1	0.01362283	0.0002644181	0.1	0.01362283	0.06165751	0.1	0.01362283	0.09961394900000001	0.1	0.01362283	0.02037063	0.1	0.01362283	1.253341e-05	0.1
0.04533542	0.5984841000000001	0.1	0.04533542	0.01897112	0.1	0.04533542	0.0002644181	0.1	0.04533542	0.06165751	0.1	0.04533542	0.09961394900000001	0.1	0.04533542	0.02037063	0.1	0.04533542	1.253341e-05	0.1
0.1450036	0.5984841000000001	0.1	0.1450036	0.01897112	0.1	0.1450036	0.0002644181	0.1	0.1450036	0.06165751	0.1	0.1450036	0.09961394900000001	0.1	0.1450036	0.02037063	0.1	0.1450036	1.253341e-05	0.1
0.4349473	0.5984841000000001	0.1	0.4349473	0.01897112	0.1	0.4349473	0.0002644181	0.1	0.4349473	0.06165751	0.1	0.4349473	0.09961394900000001	0.1	0.4349473	0.02037063	0.1	0.4349473	1.253341e-05	0.1
1.44975	0.5984841000000001	0.1	1.44975	0.01897112	0.1	1.44975	0.0002644181	0.1	1.44975	0.06165751	0.1	1.44975	0.09961394900000001	0.1	1.44975	0.02037063	0.1	1.44975	1.253341e-05	0.1
4.639131	0.5984841000000001	0.1	4.639131	0.01897112	0.1	4.639131	0.0002644181	0.1	4.639131	0.06165751	0.1	4.639131	0.09961394900000001	0.1	4.639131	0.02037063	0.1	4.639131	1.253341e-05	0.1
13.91733	0.5984841000000001	0.1	13.91733	0.01897112	0.1	13.91733	0.0002644181	0.1	13.91733	0.06165751	0.1	13.91733	0.09961394900000001	0.1	13.91733	0.02037063	0.1	13.91733	1.253341e-05	0.1
46.39102	0.5984841000000001	0.1	46.39102	0.01897112	0.1	46.39102	0.0002644181	0.1	46.39102	0.06165751	0.1	46.39102	0.09961394900000001	0.1	46.39102	0.02037063	0.1	46.39102	1.253341e-05	0.1
148.4512	0.5984841000000001	0.1	148.4512	0.01897112	0.1	148.4512	0.0002644181	0.1	148.4512	0.06165751	0.1	148.4512	0.09961394900000001	0.1	148.4512	0.02037063	0.1	148.4512	1.253341e-05	0.1
445.3536	0.5984841000000001	0.1	445.3536	0.01897112	0.1	445.3536	0.0002644181	0.1	445.3536	0.06165751	0.1	445.3536	0.09961394900000001	0.1	445.3536	0.02037063	0.1	445.3536	1.253341e-05	0.1
1484.512	0.5984841000000001	0.1	1484.512	0.01897112	0.1	1484.512	0.0002644181	0.1	1484.512	0.06165751	0.1	1484.512	0.09961394900000001	0.1	1484.512	0.02037063	0.1	1484.512	1.253341e-05	0.1
4750.438	0.5984841000000001	0.1	4750.438	0.01897112	0.1	4750.438	0.0002644181	0.1	4750.438	0.06165751	0.1	4750.438	0.09961394900000001	0.1	4750.438	0.02037063	0.1	4750.438	1.253341e-05	0.1
14251.31	0.5984841000000001	0.1	14251.31	0.01897112	0.1	14251.31	0.0002644181	0.1	14251.31	0.06165751	0.1	14251.31	0.09961394900000001	0.1	14251.31	0.02037063	0.1	14251.31	1.253341e-05	0.1
47504.38	0.5984841000000001	0.1	47504.38	0.01897112	0.1	47504.38	0.0002644181	0.1	47504.38	0.06165751	0.1	47504.38	0.09961394900000001	0.1	47504.38	0.02037063	0.1	47504.38	1.253341e-05	0.1
152014.0	0.5984841000000001	0.1	152014.0	0.01897112	0.1	152014.0	0.0002644181	0.1	152014.0	0.06165751	0.1	152014.0	0.09961394900000001	0.1	152014.0	0.02037063	0.1	152014.0	1.253341e-05	0.1
456042.0	0.5984841000000001	0.1	456042.0	0.01897112	0.1	456042.0	0.0002644181	0.1	456042.0	0.06165751	0.1	456042.0	0.09961394900000001	0.1	456042.0	0.02037063	0.1	456042.0	1.253341e-05	0.1
1520140.0	0.5984841000000001	0.1	1520140.0	0.01897112	0.1	1520140.0	0.0002644181	0.1	1520140.0	0.06165751	0.1	1520140.0	0.09961394900000001	0.1	1520140.0	0.02037063	0.1	1520140.0	1.253341e-05	0.1
4864448.0	0.5984841000000001	0.1	4864448.0	0.01897112	0.1	4864448.0	0.0002644181	0.1	4864448.0	0.06165751	0.1	4864448.0	0.09961394900000001	0.1	4864448.0	0.02037063	0.1	4864448.0	1.253341e-05	0.1
14593340.0	0.5984841000000001	0.1	14593340.0	0.01897112	0.1	14593340.0	0.0002644181	0.1	14593340.0	0.06165751	0.1	14593340.0	0.09961394900000001	0.1	14593340.0	0.02037063	0.1	14593340.0	1.253341e-05	0.1
48644480.0	0.5984841000000001	0.1	48644480.0	0.01897112	0.1	48644480.0	0.0002644181	0.1	48644480.0	0.06165751	0.1	48644480.0	0.09961394900000001	0.1	48644480.0	0.02037063	0.1	48644480.0	1.253341e-05	0.1
155662300.0	0.5984841000000001	0.1	155662300.0	0.01897112	0.1	155662300.0	0.0002644181	0.1	155662300.0	0.06165751	0.1	155662300.0	0.09961394900000001	0.1	155662300.0	0.02037063	0.1	155662300.0	1.253341e-05	0.1
466987000.0	0.5984841000000001	0.1	466987000.0	0.01897112	0.1	466987000.0	0.0002644181	0.1	466987000.0	0.06165751	0.1	466987000.0	0.09961394900000001	0.1	466987000.0	0.02037063	0.1	466987000.0	1.253341e-05	0.1
1556623000.0	0.5984841000000001	0.1	1556623000.0	0.01897112	0.1	1556623000.0	0.0002644181	0.1	1556623000.0	0.06165751	0.1	1556623000.0	0.09961394900000001	0.1	1556623000.0	0.02037063	0.1	1556623000.0	1.253341e-05	0.1
4981195000.0	0.5984841000000001	0.1	4981195000.0	0.01897112	0.1	4981195000.0	0.0002644181	0.1	4981195000.0	0.06165751	0.1	4981195000.0	0.09961394900000001	0.1	4981195000.0	0.02037063	0.1	4981195000.0	1.253341e-05	0.1
14943580000.0	0.5984841000000001	0.1	14943580000.0	0.01897112	0.1	14943580000.0	0.0002644181	0.1	14943580000.0	0.06165751	0.1	14943580000.0	0.09961394900000001	0.1	14943580000.0	0.02037063	0.1	14943580000.0	1.253341e-05	0.1
49811950000.0	0.5984841000000001	0.1	49811950000.0	0.01897112	0.1	49811950000.0	0.0002644181	0.1	49811950000.0	0.06165751	0.1	49811950000.0	0.09961394900000001	0.1	49811950000.0	0.02037063	0.1	49811950000.0	1.253341e-05	0.1
159398200000.0	0.5984841000000001	0.1	159398200000.0	0.01897112	0.1	159398200000.0	0.0002644181	0.1	159398200000.0	0.06165751	0.1	159398200000.0	0.09961394900000001	0.1	159398200000.0	0.02037063	0.1	159398200000.0	1.253341e-05	0.1
478194700000.0	0.5984841000000001	0.1	478194700000.0	0.01897112	0.1	478194700000.0	0.0002644181	0.1	478194700000.0	0.06165751	0.1	478194700000.0	0.09961394900000001	0.1	478194700000.0	0.02037063	0.1	478194700000.0	1.253341e-05	0.1
1593982000000.0	0.5984841000000001	0.1	1593982000000.0	0.01897112	0.1	1593982000000.0	0.0002644181	0.1	1593982000000.0	0.06165751	0.1	1593982000000.0	0.09961394900000001	0.1	1593982000000.0	0.02037063	0.1	1593982000000.0	1.253341e-05	0.1
5100743000000.0	0.5984841000000001	0.1	5100743000000.0	0.01897112	0.1	5100743000000.0	0.0002644181	0.1	5100743000000.0	0.06165751	0.1	5100743000000.0	0.09961394900000001	0.1	5100743000000.0	0.02037063	0.1	5100743000000.0	1.253341e-05	0.1
15302230000000.0	0.5984841000000001	0.1	15302230000000.0	0.01897112	0.1	15302230000000.0	0.0002644181	0.1	15302230000000.0	0.06165751	0.1	15302230000000.0	0.09961394900000001	0.1	15302230000000.0	0.02037063	0.1	15302230000000.0	1.253341e-05	0.1
51007430000000.0	0.5984841000000001	0.1	51007430000000.0	0.01897112	0.1	51007430000000.0	0.0002644181	0.1	51007430000000.0	0.06165751	0.1	51007430000000.0	0.09961394900000001	0.1	51007430000000.0	0.02037063	0.1	51007430000000.0	1.253341e-05	0.1
163223800000000.0	0.5984841000000001	0.1	163223800000000.0	0.01897112	0.1	163223800000000.0	0.0002644181	0.1	163223800000000.0	0.06165751	0.1	163223800000000.0	0.09961394900000001	0.1	163223800000000.0	0.02037063	0.1	163223800000000.0	1.253341e-05	0.1
489671400000000.0	0.5984841000000001	0.1	489671400000000.0	0.01897112	0.1	489671400000000.0	0.0002644181	0.1	489671400000000.0	0.06165751	0.1	489671400000000.0	0.09961394900000001	0.1	489671400000000.0	0.02037063	0.1	489671400000000.0	1.253341e-05	0.1
1632238000000000.0	0.5984841000000001	0.1	1632238000000000.0	0.01897112	0.1	1632238000000000.0	0.0002644181	0.1	1632238000000000.0	0.06165751	0.1	1632238000000000.0	0.09961394900000001	0.1	1632238000000000.0	0.02037063	0.1	1632238000000000.0	1.253341e-05	0.1
5223161000000000.0	0.5984841000000001	0.1	5223161000000000.0	0.01897112	0.1	5223161000000000.0	0.0002644181	0.1	5223161000000000.0	0.06165751	0.1	5223161000000000.0	0.09961394900000001	0.1	5223161000000000.0	0.02037063	0.1	5223161000000000.0	1.253341e-05	0.1
1.566948e+16	0.5984841000000001	0.1	1.566948e+16	0.01897112	0.1	1.566948e+16	0.0002644181	0.1	1.566948e+16	0.06165751	0.1	1.566948e+16	0.09961394900000001	0.1	1.566948e+16	0.02037063	0.1	1.566948e+16	1.253341e-05	0.1
5.223161e+16	0.5984841000000001	0.1	5.223161e+16	0.01897112	0.1	5.223161e+16	0.0002644181	0.1	5.223161e+16	0.06165751	0.1	5.223161e+16	0.09961394900000001	0.1	5.223161e+16	0.02037063	0.1	5.223161e+16	1.253341e-05	0.1
1.671412e+17	0.5984841000000001	0.1	1.671412e+17	0.01897112	0.1	1.671412e+17	0.0002644181	0.1	1.671412e+17	0.06165751	0.1	1.671412e+17	0.09961394900000001	0.1	1.671412e+17	0.02037063	0.1	1.671412e+17	1.253341e-05	0.1
5.014235e+17	0.5984841000000001	0.1	5.014235e+17	0.01897112	0.1	5.014235e+17	0.0002644181	0.1	5.014235e+17	0.06165751	0.1	5.014235e+17	0.09961394900000001	0.1	5.014235e+17	0.02037063	0.1	5.014235e+17	1.253341e-05	0.1
1.671412e+18	0.5984841000000001	0.1	1.671412e+18	0.01897112	0.1	1.671412e+18	0.0002644181	0.1	1.671412e+18	0.06165751	0.1	1.671412e+18	0.09961394900000001	0.1	1.671412e+18	0.02037063	0.1	1.671412e+18	1.253341e-05	0.1
5.348517e+18	0.5984841000000001	0.1	5.348517e+18	0.01897112	0.1	5.348517e+18	0.0002644181	0.1	5.348517e+18	0.06165751	0.1	5.348517e+18	0.09961394900000001	0.1	5.348517e+18	0.02037063	0.1	5.348517e+18	1.253341e-05	0.1
1.604555e+19	0.5984841000000001	0.1	1.604555e+19	0.01897112	0.1	1.604555e+19	0.0002644181	0.1	1.604555e+19	0.06165751	0.1	1.604555e+19	0.09961394900000001	0.1	1.604555e+19	0.02037063	0.1	1.604555e+19	1.253341e-05	0.1
5.348517e+19	0.5984841000000001	0.1	5.348517e+19	0.01897112	0.1	5.348517e+19	0.0002644181	0.1	5.348517e+19	0.06165751	0.1	5.348517e+19	0.09961394900000001	0.1	5.348517e+19	0.02037063	0.1	5.348517e+19	1.253341e-05	0.1
1.711525e+20	0.5984841000000001	0.1	1.711525e+20	0.01897112	0.1	1.711525e+20	0.0002644181	0.1	1.711525e+20	0.06165751	0.1	1.711525e+20	0.09961394900000001	0.1	1.711525e+20	0.02037063	0.1	1.711525e+20	1.253341e-05	0.1
5.134576e+20	0.5984841000000001	0.1	5.134576e+20	0.01897112	0.1	5.134576e+20	0.0002644181	0.1	5.134576e+20	0.06165751	0.1	5.134576e+20	0.09961394900000001	0.1	5.134576e+20	0.02037063	0.1	5.134576e+20	1.253341e-05	0.1
1.711525e+21	0.5984841000000001	0.1	1.711525e+21	0.01897112	0.1	1.711525e+21	0.0002644181	0.1	1.711525e+21	0.06165751	0.1	1.711525e+21	0.09961394900000001	0.1	1.711525e+21	0.02037063	0.1	1.711525e+21	1.253341e-05	0.1
5.476882e+21	0.5984841000000001	0.1	5.476882e+21	0.01897112	0.1	5.476882e+21	0.0002644181	0.1	5.476882e+21	0.06165751	0.1	5.476882e+21	0.09961394900000001	0.1	5.476882e+21	0.02037063	0.1	5.476882e+21	1.253341e-05	0.1
1.643064e+22	0.5984841000000001	0.1	1.643064e+22	0.01897112	0.1	1.643064e+22	0.0002644181	0.1	1.643064e+22	0.06165751	0.1	1.643064e+22	0.09961394900000001	0.1	1.643064e+22	0.02037063	0.1	1.643064e+22	1.253341e-05	0.1
5.476882e+22	0.5984841000000001	0.1	5.476882e+22	0.01897112	0.1	5.476882e+22	0.0002644181	0.1	5.476882e+22	0.06165751	0.1	5.476882e+22	0.09961394900000001	0.1	5.476882e+22	0.02037063	0.1	5.476882e+22	1.253341e-05	0.1
1.752602e+23	0.5984841000000001	0.1	1.752602e+23	0.01897112	0.1	1.752602e+23	0.0002644181	0.1	1.752602e+23	0.06165751	0.1	1.752602e+23	0.09961394900000001	0.1	1.752602e+23	0.02037063	0.1	1.752602e+23	1.253341e-05	0.1
5.257806e+23	0.5984841000000001	0.1	5.257806e+23	0.01897112	0.1	5.257806e+23	0.0002644181	0.1	5.257806e+23	0.06165751	0.1	5.257806e+23	0.09961394900000001	0.1	5.257806e+23	0.02037063	0.1	5.257806e+23	1.253341e-05	0.1
1.752602e+24	0.5984841000000001	0.1	1.752602e+24	0.01897112	0.1	1.752602e+24	0.0002644181	0.1	1.752602e+24	0.06165751	0.1	1.752602e+24	0.09961394900000001	0.1	1.752602e+24	0.02037063	0.1	1.752602e+24	1.253341e-05	0.1
5.608327e+24	0.5984841000000001	0.1	5.608327e+24	0.01897112	0.1	5.608327e+24	0.0002644181	0.1	5.608327e+24	0.06165751	0.1	5.608327e+24	0.09961394900000001	0.1	5.608327e+24	0.02037063	0.1	5.608327e+24	1.253341e-05	0.1
1.682498e+25	0.5984841000000001	0.1	1.682498e+25	0.01897112	0.1	1.682498e+25	0.0002644181	0.1	1.682498e+25	0.06165751	0.1	1.682498e+25	0.09961394900000001	0.1	1.682498e+25	0.02037063	0.1	1.682498e+25	1.253341e-05	0.1
5.608327e+25	0.5984841000000001	0.1	5.608327e+25	0.01897112	0.1	5.608327e+25	0.0002644181	0.1	5.608327e+25	0.06165751	0.1	5.608327e+25	0.09961394900000001	0.1	5.608327e+25	0.02037063	0.1	5.608327e+25	1.253341e-05	0.1
1.794665e+26	0.5984841000000001	0.1	1.794665e+26	0.01897112	0.1	1.794665e+26	0.0002644181	0.1	1.794665e+26	0.06165751	0.1	1.794665e+26	0.09961394900000001	0.1	1.794665e+26	0.02037063	0.1	1.794665e+26	1.253341e-05	0.1
5.383994e+26	0.5984841000000001	0.1	5.383994e+26	0.01897112	0.1	5.383994e+26	0.0002644181	0.1	5.383994e+26	0.06165751	0.1	5.383994e+26	0.09961394900000001	0.1	5.383994e+26	0.02037063	0.1	5.383994e+26	1.253341e-05	0.1
1.794665e+27	0.5984841000000001	0.1	1.794665e+27	0.01897112	0.1	1.794665e+27	0.0002644181	0.1	1.794665e+27	0.06165751	0.1	1.794665e+27	0.09961394900000001	0.1	1.794665e+27	0.02037063	0.1	1.794665e+27	1.253341e-05	0.1
5.742927e+27	0.5984841000000001	0.1	5.742927e+27	0.01897112	0.1	5.742927e+27	0.0002644181	0.1	5.742927e+27	0.06165751	0.1	5.742927e+27	0.09961394900000001	0.1	5.742927e+27	0.02037063	0.1	5.742927e+27	1.253341e-05	0.1
1.722878e+28	0.5984841000000001	0.1	1.722878e+28	0.01897112	0.1	1.722878e+28	0.0002644181	0.1	1.722878e+28	0.06165751	0.1	1.722878e+28	0.09961394900000001	0.1	1.722878e+28	0.02037063	0.1	1.722878e+28	1.253341e-05	0.1
5.742927e+28	0.5984841000000001	0.1	5.742927e+28	0.01897112	0.1	5.742927e+28	0.0002644181	0.1	5.742927e+28	0.06165751	0.1	5.742927e+28	0.09961394900000001	0.1	5.742927e+28	0.02037063	0.1	5.742927e+28	1.253341e-05	0.1
1.837737e+29	0.5984841000000001	0.1	1.837737e+29	0.01897112	0.1	1.837737e+29	0.0002644181	0.1	1.837737e+29	0.06165751	0.1	1.837737e+29	0.09961394900000001	0.1	1.837737e+29	0.02037063	0.1	1.837737e+29	1.253341e-05	0.1
5.51321e+29	0.5984841000000001	0.1	5.51321e+29	0.01897112	0.1	5.51321e+29	0.0002644181	0.1	5.51321e+29	0.06165751	0.1	5.51321e+29	0.09961394900000001	0.1	5.51321e+29	0.02037063	0.1	5.51321e+29	1.253341e-05	0.1
1.837737e+30	0.5984841000000001	0.1	1.837737e+30	0.01897112	0.1	1.837737e+30	0.0002644181	0.1	1.837737e+30	0.06165751	0.1	1.837737e+30	0.09961394900000001	0.1	1.837737e+30	0.02037063	0.1	1.837737e+30	1.253341e-05	0.1
5.880757e+30	0.5984841000000001	0.1	5.880757e+30	0.01897112	0.1	5.880757e+30	0.0002644181	0.1	5.880757e+30	0.06165751	0.1	5.880757e+30	0.09961394900000001	0.1	5.880757e+30	0.02037063	0.1	5.880757e+30	1.253341e-05	0.1
1.764227e+31	0.5984841000000001	0.1	1.764227e+31	0.01897112	0.1	1.764227e+31	0.0002644181	0.1	1.764227e+31	0.06165751	0.1	1.764227e+31	0.09961394900000001	0.1	1.764227e+31	0.02037063	0.1	1.764227e+31	1.253341e-05	0.1
5.880757e+31	0.5984841000000001	0.1	5.880757e+31	0.01897112	0.1	5.880757e+31	0.0002644181	0.1	5.880757e+31	0.06165751	0.1	5.880757e+31	0.09961394900000001	0.1	5.880757e+31	0.02037063	0.1	5.880757e+31	1.253341e-05	0.1
1.881842e+32	0.5984841000000001	0.1	1.881842e+32	0.01897112	0.1	1.881842e+32	0.0002644181	0.1	1.881842e+32	0.06165751	0.1	1.881842e+32	0.09961394900000001	0.1	1.881842e+32	0.02037063	0.1	1.881842e+32	1.253341e-05	0.1
5.645527e+32	0.5984841000000001	0.1	5.645527e+32	0.01897112	0.1	5.645527e+32	0.0002644181	0.1	5.645527e+32	0.06165751	0.1	5.645527e+32	0.09961394900000001	0.1	5.645527e+32	0.02037063	0.1	5.645527e+32	1.253341e-05	0.1
1.881842e+33	0.5984841000000001	0.1	1.881842e+33	0.01897112	0.1	1.881842e+33	0.0002644181	0.1	1.881842e+33	0.06165751	0.1	1.881842e+33	0.09961394900000001	0.1	1.881842e+33	0.02037063	0.1	1.881842e+33	1.253341e-05	0.1
6.021895e+33	0.5984841000000001	0.1	6.021895e+33	0.01897112	0.1	6.021895e+33	0.0002644181	0.1	6.021895e+33	0.06165751	0.1	6.021895e+33	0.09961394900000001	0.1	6.021895e+33	0.02037063	0.1	6.021895e+33	1.253341e-05	0.1
1.806569e+34	0.5984841000000001	0.1	1.806569e+34	0.01897112	0.1	1.806569e+34	0.0002644181	0.1	1.806569e+34	0.06165751	0.1	1.806569e+34	0.09961394900000001	0.1	1.806569e+34	0.02037063	0.1	1.806569e+34	1.253341e-05	0.1
6.021895e+34	0.5984841000000001	0.1	6.021895e+34	0.01897112	0.1	6.021895e+34	0.0002644181	0.1	6.021895e+34	0.06165751	0.1	6.021895e+34	0.09961394900000001	0.1	6.021895e+34	0.02037063	0.1	6.021895e+34	1.253341e-05	0.1
1.927006e+35	0.5984841000000001	0.1	1.927006e+35	0.01897112	0.1	1.927006e+35	0.0002644181	0.1	1.927006e+35	0.06165751	0.1	1.927006e+35	0.09961394900000001	0.1	1.927006e+35	0.02037063	0.1	1.927006e+35	1.253341e-05	0.1
5.781019e+35	0.5984841000000001	0.1	5.781019e+35	0.01897112	0.1	5.781019e+35	0.0002644181	0.1	5.781019e+35	0.06165751	0.1	5.781019e+35	0.09961394900000001	0.1	5.781019e+35	0.02037063	0.1	5.781019e+35	1.253341e-05	0.1
1.927006e+36	0.5984841000000001	0.1	1.927006e+36	0.01897112	0.1	1.927006e+36	0.0002644181	0.1	1.927006e+36	0.06165751	0.1	1.927006e+36	0.09961394900000001	0.1	1.927006e+36	0.02037063	0.1	1.927006e+36	1.253341e-05	0.1
6.16642e+36	0.5984841000000001	0.1	6.16642e+36	0.01897112	0.1	6.16642e+36	0.0002644181	0.1	6.16642e+36	0.06165751	0.1	6.16642e+36	0.09961394900000001	0.1	6.16642e+36	0.02037063	0.1	6.16642e+36	1.253341e-05	0.1
1.849926e+37	0.5984841000000001	0.1	1.849926e+37	0.01897112	0.1	1.849926e+37	0.0002644181	0.1	1.849926e+37	0.06165751	0.1	1.849926e+37	0.09961394900000001	0.1	1.849926e+37	0.02037063	0.1	1.849926e+37	1.253341e-05	0.1
6.16642e+37	0.5984841000000001	0.1	6.16642e+37	0.01897112	0.1	6.16642e+37	0.0002644181	0.1	6.16642e+37	0.06165751	0.1	6.16642e+37	0.09961394900000001	0.1	6.16642e+37	0.02037063	0.1	6.16642e+37	1.253341e-05	0.1
1.973255e+38	0.5984841000000001	0.1	1.973255e+38	0.01897112	0.1	1.973255e+38	0.0002644181	0.1	1.973255e+38	0.06165751	0.1	1.973255e+38	0.09961394900000001	0.1	1.973255e+38	0.02037063	0.1	1.973255e+38	1.253341e-05	0.1
5.919764e+38	0.5984841000000001	0.1	5.919764e+38	0.01897112	0.1	5.919764e+38	0.0002644181	0.1	5.919764e+38	0.06165751	0.1	5.919764e+38	0.09961394900000001	0.1	5.919764e+38	0.02037063	0.1	5.919764e+38	1.253341e-05	0.1
1.973255e+39	0.5984841000000001	0.1	1.973255e+39	0.01897112	0.1	1.973255e+39	0.0002644181	0.1	1.973255e+39	0.06165751	0.1	1.973255e+39	0.09961394900000001	0.1	1.973255e+39	0.02037063	0.1	1.973255e+39	1.253341e-05	0.1
6.314415e+39	0.5984841000000001	0.1	6.314415e+39	0.01897112	0.1	6.314415e+39	0.0002644181	0.1	6.314415e+39	0.06165751	0.1	6.314415e+39	0.09961394900000001	0.1	6.314415e+39	0.02037063	0.1	6.314415e+39	1.253341e-05	0.1
1.894324e+40	0.5984841000000001	0.1	1.894324e+40	0.01897112	0.1	1.894324e+40	0.0002644181	0.1	1.894324e+40	0.06165751	0.1	1.894324e+40	0.09961394900000001	0.1	1.894324e+40	0.02037063	0.1	1.894324e+40	1.253341e-05	0.1
6.314415e+40	0.5984841000000001	0.1	6.314415e+40	0.01897112	0.1	6.314415e+40	0.0002644181	0.1	6.314415e+40	0.06165751	0.1	6.314415e+40	0.09961394900000001	0.1	6.314415e+40	0.02037063	0.1	6.314415e+40	1.253341e-05	0.1
2.020613e+41	0.5984841000000001	0.1	2.020613e+41	0.01897112	0.1	2.020613e+41	0.0002644181	0.1	2.020613e+41	0.06165751	0.1	2.020613e+41	0.09961394900000001	0.1	2.020613e+41	0.02037063	0.1	2.020613e+41	1.253341e-05	0.1
6.061838e+41	0.5984841000000001	0.1	6.061838e+41	0.01897112	0.1	6.061838e+41	0.0002644181	0.1	6.061838e+41	0.06165751	0.1	6.061838e+41	0.09961394900000001	0.1	6.061838e+41	0.02037063	0.1	6.061838e+41	1.253341e-05	0.1
2.020613e+42	0.5984841000000001	0.1	2.020613e+42	0.01897112	0.1	2.020613e+42	0.0002644181	0.1	2.020613e+42	0.06165751	0.1	2.020613e+42	0.09961394900000001	0.1	2.020613e+42	0.02037063	0.1	2.020613e+42	1.253341e-05	0.1
6.465961e+42	0.5984841000000001	0.1	6.465961e+42	0.01897112	0.1	6.465961e+42	0.0002644181	0.1	6.465961e+42	0.06165751	0.1	6.465961e+42	0.09961394900000001	0.1	6.465961e+42	0.02037063	0.1	6.465961e+42	1.253341e-05	0.1
1.939788e+43	0.5984841000000001	0.1	1.939788e+43	0.01897112	0.1	1.939788e+43	0.0002644181	0.1	1.939788e+43	0.06165751	0.1	1.939788e+43	0.09961394900000001	0.1	1.939788e+43	0.02037063	0.1	1.939788e+43	1.253341e-05	0.1
6.465961e+43	0.5984841000000001	0.1	6.465961e+43	0.01897112	0.1	6.465961e+43	0.0002644181	0.1	6.465961e+43	0.06165751	0.1	6.465961e+43	0.09961394900000001	0.1	6.465961e+43	0.02037063	0.1	6.465961e+43	1.253341e-05	0.1
2.069107e+44	0.5984841000000001	0.1	2.069107e+44	0.01897112	0.1	2.069107e+44	0.0002644181	0.1	2.069107e+44	0.06165751	0.1	2.069107e+44	0.09961394900000001	0.1	2.069107e+44	0.02037063	0.1	2.069107e+44	1.253341e-05	0.1
6.207322e+44	0.5984841000000001	0.1	6.207322e+44	0.01897112	0.1	6.207322e+44	0.0002644181	0.1	6.207322e+44	0.06165751	0.1	6.207322e+44	0.09961394900000001	0.1	6.207322e+44	0.02037063	0.1	6.207322e+44	1.253341e-05	0.1
2.069107e+45	0.5984841000000001	0.1	2.069107e+45	0.01897112	0.1	2.069107e+45	0.0002644181	0.1	2.069107e+45	0.06165751	0.1	2.069107e+45	0.09961394900000001	0.1	2.069107e+45	0.02037063	0.1	2.069107e+45	1.253341e-05	0.1
6.621144e+45	0.5984841000000001	0.1	6.621144e+45	0.01897112	0.1	6.621144e+45	0.0002644181	0.1	6.621144e+45	0.06165751	0.1	6.621144e+45	0.09961394900000001	0.1	6.621144e+45	0.02037063	0.1	6.621144e+45	1.253341e-05	0.1
1.986343e+46	0.5984841000000001	0.1	1.986343e+46	0.01897112	0.1	1.986343e+46	0.0002644181	0.1	1.986343e+46	0.06165751	0.1	1.986343e+46	0.09961394900000001	0.1	1.986343e+46	0.02037063	0.1	1.986343e+46	1.253341e-05	0.1
6.621144e+46	0.5984841000000001	0.1	6.621144e+46	0.01897112	0.1	6.621144e+46	0.0002644181	0.1	6.621144e+46	0.06165751	0.1	6.621144e+46	0.09961394900000001	0.1	6.621144e+46	0.02037063	0.1	6.621144e+46	1.253341e-05	0.1
2.118766e+47	0.5984841000000001	0.1	2.118766e+47	0.01897112	0.1	2.118766e+47	0.0002644181	0.1	2.118766e+47	0.06165751	0.1	2.118766e+47	0.09961394900000001	0.1	2.118766e+47	0.02037063	0.1	2.118766e+47	1.253341e-05	0.1
6.356298e+47	0.5984841000000001	0.1	6.356298e+47	0.01897112	0.1	6.356298e+47	0.0002644181	0.1	6.356298e+47	0.06165751	0.1	6.356298e+47	0.09961394900000001	0.1	6.356298e+47	0.02037063	0.1	6.356298e+47	1.253341e-05	0.1
2.118766e+48	0.5984841000000001	0.1	2.118766e+48	0.01897112	0.1	2.118766e+48	0.0002644181	0.1	2.118766e+48	0.06165751	0.1	2.118766e+48	0.09961394900000001	0.1	2.118766e+48	0.02037063	0.1	2.118766e+48	1.253341e-05	0.1
6.780051e+48	0.5984841000000001	0.1	6.780051e+48	0.01897112	0.1	6.780051e+48	0.0002644181	0.1	6.780051e+48	0.06165751	0.1	6.780051e+48	0.09961394900000001	0.1	6.780051e+48	0.02037063	0.1	6.780051e+48	1.253341e-05	0.1
2.034015e+49	0.5984841000000001	0.1	2.034015e+49	0.01897112	0.1	2.034015e+49	0.0002644181	0.1	2.034015e+49	0.06165751	0.1	2.034015e+49	0.09961394900000001	0.1	2.034015e+49	0.02037063	0.1	2.034015e+49	1.253341e-05	0.1
6.780051e+49	0.5984841000000001	0.1	6.780051e+49	0.01897112	0.1	6.780051e+49	0.0002644181	0.1	6.780051e+49	0.06165751	0.1	6.780051e+49	0.09961394900000001	0.1	6.780051e+49	0.02037063	0.1	6.780051e+49	1.253341e-05	0.1
2.169616e+50	0.5984841000000001	0.1	2.169616e+50	0.01897112	0.1	2.169616e+50	0.0002644181	0.1	2.169616e+50	0.06165751	0.1	2.169616e+50	0.09961394900000001	0.1	2.169616e+50	0.02037063	0.1	2.169616e+50	1.253341e-05	0.1
6.508849e+50	0.5984841000000001	0.1	6.508849e+50	0.01897112	0.1	6.508849e+50	0.0002644181	0.1	6.508849e+50	0.06165751	0.1	6.508849e+50	0.09961394900000001	0.1	6.508849e+50	0.02037063	0.1	6.508849e+50	1.253341e-05	0.1
2.169616e+51	0.5984841000000001	0.1	2.169616e+51	0.01897112	0.1	2.169616e+51	0.0002644181	0.1	2.169616e+51	0.06165751	0.1	2.169616e+51	0.09961394900000001	0.1	2.169616e+51	0.02037063	0.1	2.169616e+51	1.253341e-05	0.1
6.942772e+51	0.5984841000000001	0.1	6.942772e+51	0.01897112	0.1	6.942772e+51	0.0002644181	0.1	6.942772e+51	0.06165751	0.1	6.942772e+51	0.09961394900000001	0.1	6.942772e+51	0.02037063	0.1	6.942772e+51	1.253341e-05	0.1
2.082832e+52	0.5984841000000001	0.1	2.082832e+52	0.01897112	0.1	2.082832e+52	0.0002644181	0.1	2.082832e+52	0.06165751	0.1	2.082832e+52	0.09961394900000001	0.1	2.082832e+52	0.02037063	0.1	2.082832e+52	1.253341e-05	0.1
6.942772e+52	0.5984841000000001	0.1	6.942772e+52	0.01897112	0.1	6.942772e+52	0.0002644181	0.1	6.942772e+52	0.06165751	0.1	6.942772e+52	0.09961394900000001	0.1	6.942772e+52	0.02037063	0.1	6.942772e+52	1.253341e-05	0.1
2.221687e+53	0.5984841000000001	0.1	2.221687e+53	0.01897112	0.1	2.221687e+53	0.0002644181	0.1	2.221687e+53	0.06165751	0.1	2.221687e+53	0.09961394900000001	0.1	2.221687e+53	0.02037063	0.1	2.221687e+53	1.253341e-05	0.1
6.665061e+53	0.5984841000000001	0.1	6.665061e+53	0.01897112	0.1	6.665061e+53	0.0002644181	0.1	6.665061e+53	0.06165751	0.1	6.665061e+53	0.09961394900000001	0.1	6.665061e+53	0.02037063	0.1	6.665061e+53	1.253341e-05	0.1
2.221687e+54	0.5984841000000001	0.1	2.221687e+54	0.01897112	0.1	2.221687e+54	0.0002644181	0.1	2.221687e+54	0.06165751	0.1	2.221687e+54	0.09961394900000001	0.1	2.221687e+54	0.02037063	0.1	2.221687e+54	1.253341e-05	0.1
7.109399e+54	0.5984841000000001	0.1	7.109399e+54	0.01897112	0.1	7.109399e+54	0.0002644181	0.1	7.109399e+54	0.06165751	0.1	7.109399e+54	0.09961394900000001	0.1	7.109399e+54	0.02037063	0.1	7.109399e+54	1.253341e-05	0.1
2.13282e+55	0.5984841000000001	0.1	2.13282e+55	0.01897112	0.1	2.13282e+55	0.0002644181	0.1	2.13282e+55	0.06165751	0.1	2.13282e+55	0.09961394900000001	0.1	2.13282e+55	0.02037063	0.1	2.13282e+55	1.253341e-05	0.1
7.109399e+55	0.5984841000000001	0.1	7.109399e+55	0.01897112	0.1	7.109399e+55	0.0002644181	0.1	7.109399e+55	0.06165751	0.1	7.109399e+55	0.09961394900000001	0.1	7.109399e+55	0.02037063	0.1	7.109399e+55	1.253341e-05	0.1
2.275008e+56	0.5984841000000001	0.1	2.275008e+56	0.01897112	0.1	2.275008e+56	0.0002644181	0.1	2.275008e+56	0.06165751	0.1	2.275008e+56	0.09961394900000001	0.1	2.275008e+56	0.02037063	0.1	2.275008e+56	1.253341e-05	0.1
6.825023e+56	0.5984841000000001	0.1	6.825023e+56	0.01897112	0.1	6.825023e+56	0.0002644181	0.1	6.825023e+56	0.06165751	0.1	6.825023e+56	0.09961394900000001	0.1	6.825023e+56	0.02037063	0.1	6.825023e+56	1.253341e-05	0.1
2.275008e+57	0.5984841000000001	0.1	2.275008e+57	0.01897112	0.1	2.275008e+57	0.0002644181	0.1	2.275008e+57	0.06165751	0.1	2.275008e+57	0.09961394900000001	0.1	2.275008e+57	0.02037063	0.1	2.275008e+57	1.253341e-05	0.1
7.280024e+57	0.5984841000000001	0.1	7.280024e+57	0.01897112	0.1	7.280024e+57	0.0002644181	0.1	7.280024e+57	0.06165751	0.1	7.280024e+57	0.09961394900000001	0.1	7.280024e+57	0.02037063	0.1	7.280024e+57	1.253341e-05	0.1
2.184007e+58	0.5984841000000001	0.1	2.184007e+58	0.01897112	0.1	2.184007e+58	0.0002644181	0.1	2.184007e+58	0.06165751	0.1	2.184007e+58	0.09961394900000001	0.1	2.184007e+58	0.02037063	0.1	2.184007e+58	1.253341e-05	0.1
7.280024e+58	0.5984841000000001	0.1	7.280024e+58	0.01897112	0.1	7.280024e+58	0.0002644181	0.1	7.280024e+58	0.06165751	0.1	7.280024e+58	0.09961394900000001	0.1	7.280024e+58	0.02037063	0.1	7.280024e+58	1.253341e-05	0.1
2.329608e+59	0.5984841000000001	0.1	2.329608e+59	0.01897112	0.1	2.329608e+59	0.0002644181	0.1	2.329608e+59	0.06165751	0.1	2.329608e+59	0.09961394900000001	0.1	2.329608e+59	0.02037063	0.1	2.329608e+59	1.253341e-05	0.1
6.988823e+59	0.5984841000000001	0.1	6.988823e+59	0.01897112	0.1	6.988823e+59	0.0002644181	0.1	6.988823e+59	0.06165751	0.1	6.988823e+59	0.09961394900000001	0.1	6.988823e+59	0.02037063	0.1	6.988823e+59	1.253341e-05	0.1
2.329608e+60	0.5984841000000001	0.1	2.329608e+60	0.01897112	0.1	2.329608e+60	0.0002644181	0.1	2.329608e+60	0.06165751	0.1	2.329608e+60	0.09961394900000001	0.1	2.329608e+60	0.02037063	0.1	2.329608e+60	1.253341e-05	0.1
7.454745e+60	0.5984841000000001	0.1	7.454745e+60	0.01897112	0.1	7.454745e+60	0.0002644181	0.1	7.454745e+60	0.06165751	0.1	7.454745e+60	0.09961394900000001	0.1	7.454745e+60	0.02037063	0.1	7.454745e+60	1.253341e-05	0.1
2.236423e+61	0.5984841000000001	0.1	2.236423e+61	0.01897112	0.1	2.236423e+61	0.0002644181	0.1	2.236423e+61	0.06165751	0.1	2.236423e+61	0.09961394900000001	0.1	2.236423e+61	0.02037063	0.1	2.236423e+61	1.253341e-05	0.1
7.454745e+61	0.5984841000000001	0.1	7.454745e+61	0.01897112	0.1	7.454745e+61	0.0002644181	0.1	7.454745e+61	0.06165751	0.1	7.454745e+61	0.09961394900000001	0.1	7.454745e+61	0.02037063	0.1	7.454745e+61	1.253341e-05	0.1
2.385518e+62	0.5984841000000001	0.1	2.385518e+62	0.01897112	0.1	2.385518e+62	0.0002644181	0.1	2.385518e+62	0.06165751	0.1	2.385518e+62	0.09961394900000001	0.1	2.385518e+62	0.02037063	0.1	2.385518e+62	1.253341e-05	0.1
7.156555e+62	0.5984841000000001	0.1	7.156555e+62	0.01897112	0.1	7.156555e+62	0.0002644181	0.1	7.156555e+62	0.06165751	0.1	7.156555e+62	0.09961394900000001	0.1	7.156555e+62	0.02037063	0.1	7.156555e+62	1.253341e-05	0.1
2.385518e+63	0.5984841000000001	0.1	2.385518e+63	0.01897112	0.1	2.385518e+63	0.0002644181	0.1	2.385518e+63	0.06165751	0.1	2.385518e+63	0.09961394900000001	0.1	2.385518e+63	0.02037063	0.1	2.385518e+63	1.253341e-05	0.1
7.633659e+63	0.5984841000000001	0.1	7.633659e+63	0.01897112	0.1	7.633659e+63	0.0002644181	0.1	7.633659e+63	0.06165751	0.1	7.633659e+63	0.09961394900000001	0.1	7.633659e+63	0.02037063	0.1	7.633659e+63	1.253341e-05	0.1
2.290098e+64	0.5984841000000001	0.1	2.290098e+64	0.01897112	0.1	2.290098e+64	0.0002644181	0.1	2.290098e+64	0.06165751	0.1	2.290098e+64	0.09961394900000001	0.1	2.290098e+64	0.02037063	0.1	2.290098e+64	1.253341e-05	0.1
7.633659e+64	0.5984841000000001	0.1	7.633659e+64	0.01897112	0.1	7.633659e+64	0.0002644181	0.1	7.633659e+64	0.06165751	0.1	7.633659e+64	0.09961394900000001	0.1	7.633659e+64	0.02037063	0.1	7.633659e+64	1.253341e-05	0.1
2.442771e+65	0.5984841000000001	0.1	2.442771e+65	0.01897112	0.1	2.442771e+65	0.0002644181	0.1	2.442771e+65	0.06165751	0.1	2.442771e+65	0.09961394900000001	0.1	2.442771e+65	0.02037063	0.1	2.442771e+65	1.253341e-05	0.1
7.328312e+65	0.5984841000000001	0.1	7.328312e+65	0.01897112	0.1	7.328312e+65	0.0002644181	0.1	7.328312e+65	0.06165751	0.1	7.328312e+65	0.09961394900000001	0.1	7.328312e+65	0.02037063	0.1	7.328312e+65	1.253341e-05	0.1
2.442771e+66	0.5984841000000001	0.1	2.442771e+66	0.01897112	0.1	2.442771e+66	0.0002644181	0.1	2.442771e+66	0.06165751	0.1	2.442771e+66	0.09961394900000001	0.1	2.442771e+66	0.02037063	0.1	2.442771e+66	1.253341e-05	0.1
7.816867e+66	0.5984841000000001	0.1	7.816867e+66	0.01897112	0.1	7.816867e+66	0.0002644181	0.1	7.816867e+66	0.06165751	0.1	7.816867e+66	0.09961394900000001	0.1	7.816867e+66	0.02037063	0.1	7.816867e+66	1.253341e-05	0.1
2.34506e+67	0.5984841000000001	0.1	2.34506e+67	0.01897112	0.1	2.34506e+67	0.0002644181	0.1	2.34506e+67	0.06165751	0.1	2.34506e+67	0.09961394900000001	0.1	2.34506e+67	0.02037063	0.1	2.34506e+67	1.253341e-05	0.1
7.816867e+67	0.5984841000000001	0.1	7.816867e+67	0.01897112	0.1	7.816867e+67	0.0002644181	0.1	7.816867e+67	0.06165751	0.1	7.816867e+67	0.09961394900000001	0.1	7.816867e+67	0.02037063	0.1	7.816867e+67	1.253341e-05	0.1
2.501397e+68	0.5984841000000001	0.1	2.501397e+68	0.01897112	0.1	2.501397e+68	0.0002644181	0.1	2.501397e+68	0.06165751	0.1	2.501397e+68	0.09961394900000001	0.1	2.501397e+68	0.02037063	0.1	2.501397e+68	1.253341e-05	0.1
7.504192e+68	0.5984841000000001	0.1	7.504192e+68	0.01897112	0.1	7.504192e+68	0.0002644181	0.1	7.504192e+68	0.06165751	0.1	7.504192e+68	0.09961394900000001	0.1	7.504192e+68	0.02037063	0.1	7.504192e+68	1.253341e-05	0.1
2.501397e+69	0.5984841000000001	0.1	2.501397e+69	0.01897112	0.1	2.501397e+69	0.0002644181	0.1	2.501397e+69	0.06165751	0.1	2.501397e+69	0.09961394900000001	0.1	2.501397e+69	0.02037063	0.1	2.501397e+69	1.253341e-05	0.1
8.004471e+69	0.5984841000000001	0.1	8.004471e+69	0.01897112	0.1	8.004471e+69	0.0002644181	0.1	8.004471e+69	0.06165751	0.1	8.004471e+69	0.09961394900000001	0.1	8.004471e+69	0.02037063	0.1	8.004471e+69	1.253341e-05	0.1
2.401341e+70	0.5984841000000001	0.1	2.401341e+70	0.01897112	0.1	2.401341e+70	0.0002644181	0.1	2.401341e+70	0.06165751	0.1	2.401341e+70	0.09961394900000001	0.1	2.401341e+70	0.02037063	0.1	2.401341e+70	1.253341e-05	0.1
8.004471e+70	0.5984841000000001	0.1	8.004471e+70	0.01897112	0.1	8.004471e+70	0.0002644181	0.1	8.004471e+70	0.06165751	0.1	8.004471e+70	0.09961394900000001	0.1	8.004471e+70	0.02037063	0.1	8.004471e+70	1.253341e-05	0.1
2.561431e+71	0.5984841000000001	0.1	2.561431e+71	0.01897112	0.1	2.561431e+71	0.0002644181	0.1	2.561431e+71	0.06165751	0.1	2.561431e+71	0.09961394900000001	0.1	2.561431e+71	0.02037063	0.1	2.561431e+71	1.253341e-05	0.1
7.684293e+71	0.5984841000000001	0.1	7.684293e+71	0.01897112	0.1	7.684293e+71	0.0002644181	0.1	7.684293e+71	0.06165751	0.1	7.684293e+71	0.09961394900000001	0.1	7.684293e+71	0.02037063	0.1	7.684293e+71	1.253341e-05	0.1
2.561431e+72	0.5984841000000001	0.1	2.561431e+72	0.01897112	0.1	2.561431e+72	0.0002644181	0.1	2.561431e+72	0.06165751	0.1	2.561431e+72	0.09961394900000001	0.1	2.561431e+72	0.02037063	0.1	2.561431e+72	1.253341e-05	0.1
8.196579e+72	0.5984841000000001	0.1	8.196579e+72	0.01897112	0.1	8.196579e+72	0.0002644181	0.1	8.196579e+72	0.06165751	0.1	8.196579e+72	0.09961394900000001	0.1	8.196579e+72	0.02037063	0.1	8.196579e+72	1.253341e-05	0.1
2.458974e+73	0.5984841000000001	0.1	2.458974e+73	0.01897112	0.1	2.458974e+73	0.0002644181	0.1	2.458974e+73	0.06165751	0.1	2.458974e+73	0.09961394900000001	0.1	2.458974e+73	0.02037063	0.1	2.458974e+73	1.253341e-05	0.1
8.196579e+73	0.5984841000000001	0.1	8.196579e+73	0.01897112	0.1	8.196579e+73	0.0002644181	0.1	8.196579e+73	0.06165751	0.1	8.196579e+73	0.09961394900000001	0.1	8.196579e+73	0.02037063	0.1	8.196579e+73	1.253341e-05	0.1
2.622905e+74	0.5984841000000001	0.1	2.622905e+74	0.01897112	0.1	2.622905e+74	0.0002644181	0.1	2.622905e+74	0.06165751	0.1	2.622905e+74	0.09961394900000001	0.1	2.622905e+74	0.02037063	0.1	2.622905e+74	1.253341e-05	0.1
7.868716e+74	0.5984841000000001	0.1	7.868716e+74	0.01897112	0.1	7.868716e+74	0.0002644181	0.1	7.868716e+74	0.06165751	0.1	7.868716e+74	0.09961394900000001	0.1	7.868716e+74	0.02037063	0.1	7.868716e+74	1.253341e-05	0.1
2.622905e+75	0.5984841000000001	0.1	2.622905e+75	0.01897112	0.1	2.622905e+75	0.0002644181	0.1	2.622905e+75	0.06165751	0.1	2.622905e+75	0.09961394900000001	0.1	2.622905e+75	0.02037063	0.1	2.622905e+75	1.253341e-05	0.1
8.393297e+75	0.5984841000000001	0.1	8.393297e+75	0.01897112	0.1	8.393297e+75	0.0002644181	0.1	8.393297e+75	0.06165751	0.1	8.393297e+75	0.09961394900000001	0.1	8.393297e+75	0.02037063	0.1	8.393297e+75	1.253341e-05	0.1
2.517989e+76	0.5984841000000001	0.1	2.517989e+76	0.01897112	0.1	2.517989e+76	0.0002644181	0.1	2.517989e+76	0.06165751	0.1	2.517989e+76	0.09961394900000001	0.1	2.517989e+76	0.02037063	0.1	2.517989e+76	1.253341e-05	0.1
8.393297e+76	0.5984841000000001	0.1	8.393297e+76	0.01897112	0.1	8.393297e+76	0.0002644181	0.1	8.393297e+76	0.06165751	0.1	8.393297e+76	0.09961394900000001	0.1	8.393297e+76	0.02037063	0.1	8.393297e+76	1.253341e-05	0.1
2.685855e+77	0.5984841000000001	0.1	2.685855e+77	0.01897112	0.1	2.685855e+77	0.0002644181	0.1	2.685855e+77	0.06165751	0.1	2.685855e+77	0.09961394900000001	0.1	2.685855e+77	0.02037063	0.1	2.685855e+77	1.253341e-05	0.1
8.057565e+77	0.5984841000000001	0.1	8.057565e+77	0.01897112	0.1	8.057565e+77	0.0002644181	0.1	8.057565e+77	0.06165751	0.1	8.057565e+77	0.09961394900000001	0.1	8.057565e+77	0.02037063	0.1	8.057565e+77	1.253341e-05	0.1
2.685855e+78	0.5984841000000001	0.1	2.685855e+78	0.01897112	0.1	2.685855e+78	0.0002644181	0.1	2.685855e+78	0.06165751	0.1	2.685855e+78	0.09961394900000001	0.1	2.685855e+78	0.02037063	0.1	2.685855e+78	1.253341e-05	0.1
8.594736e+78	0.5984841000000001	0.1	8.594736e+78	0.01897112	0.1	8.594736e+78	0.0002644181	0.1	8.594736e+78	0.06165751	0.1	8.594736e+78	0.09961394900000001	0.1	8.594736e+78	0.02037063	0.1	8.594736e+78	1.253341e-05	0.1
2.578421e+79	0.5984841000000001	0.1	2.578421e+79	0.01897112	0.1	2.578421e+79	0.0002644181	0.1	2.578421e+79	0.06165751	0.1	2.578421e+79	0.09961394900000001	0.1	2.578421e+79	0.02037063	0.1	2.578421e+79	1.253341e-05	0.1
8.594736e+79	0.5984841000000001	0.1	8.594736e+79	0.01897112	0.1	8.594736e+79	0.0002644181	0.1	8.594736e+79	0.06165751	0.1	8.594736e+79	0.09961394900000001	0.1	8.594736e+79	0.02037063	0.1	8.594736e+79	1.253341e-05	0.1
2.750315e+80	0.5984841000000001	0.1	2.750315e+80	0.01897112	0.1	2.750315e+80	0.0002644181	0.1	2.750315e+80	0.06165751	0.1	2.750315e+80	0.09961394900000001	0.1	2.750315e+80	0.02037063	0.1	2.750315e+80	1.253341e-05	0.1
8.250946e+80	0.5984841000000001	0.1	8.250946e+80	0.01897112	0.1	8.250946e+80	0.0002644181	0.1	8.250946e+80	0.06165751	0.1	8.250946e+80	0.09961394900000001	0.1	8.250946e+80	0.02037063	0.1	8.250946e+80	1.253341e-05	0.1
2.750315e+81	0.5984841000000001	0.1	2.750315e+81	0.01897112	0.1	2.750315e+81	0.0002644181	0.1	2.750315e+81	0.06165751	0.1	2.750315e+81	0.09961394900000001	0.1	2.750315e+81	0.02037063	0.1	2.750315e+81	1.253341e-05	0.1
8.801009e+81	0.5984841000000001	0.1	8.801009e+81	0.01897112	0.1	8.801009e+81	0.0002644181	0.1	8.801009e+81	0.06165751	0.1	8.801009e+81	0.09961394900000001	0.1	8.801009e+81	0.02037063	0.1	8.801009e+81	1.253341e-05	0.1
2.640303e+82	0.5984841000000001	0.1	2.640303e+82	0.01897112	0.1	2.640303e+82	0.0002644181	0.1	2.640303e+82	0.06165751	0.1	2.640303e+82	0.09961394900000001	0.1	2.640303e+82	0.02037063	0.1	2.640303e+82	1.253341e-05	0.1
8.801009e+82	0.5984841000000001	0.1	8.801009e+82	0.01897112	0.1	8.801009e+82	0.0002644181	0.1	8.801009e+82	0.06165751	0.1	8.801009e+82	0.09961394900000001	0.1	8.801009e+82	0.02037063	0.1	8.801009e+82	1.253341e-05	0.1
2.816323e+83	0.5984841000000001	0.1	2.816323e+83	0.01897112	0.1	2.816323e+83	0.0002644181	0.1	2.816323e+83	0.06165751	0.1	2.816323e+83	0.09961394900000001	0.1	2.816323e+83	0.02037063	0.1	2.816323e+83	1.253341e-05	0.1
8.448969e+83	0.5984841000000001	0.1	8.448969e+83	0.01897112	0.1	8.448969e+83	0.0002644181	0.1	8.448969e+83	0.06165751	0.1	8.448969e+83	0.09961394900000001	0.1	8.448969e+83	0.02037063	0.1	8.448969e+83	1.253341e-05	0.1
2.816323e+84	0.5984841000000001	0.1	2.816323e+84	0.01897112	0.1	2.816323e+84	0.0002644181	0.1	2.816323e+84	0.06165751	0.1	2.816323e+84	0.09961394900000001	0.1	2.816323e+84	0.02037063	0.1	2.816323e+84	1.253341e-05	0.1
9.012234e+84	0.5984841000000001	0.1	9.012234e+84	0.01897112	0.1	9.012234e+84	0.0002644181	0.1	9.012234e+84	0.06165751	0.1	9.012234e+84	0.09961394900000001	0.1	9.012234e+84	0.02037063	0.1	9.012234e+84	1.253341e-05	0.1
2.70367e+85	0.5984841000000001	0.1	2.70367e+85	0.01897112	0.1	2.70367e+85	0.0002644181	0.1	2.70367e+85	0.06165751	0.1	2.70367e+85	0.09961394900000001	0.1	2.70367e+85	0.02037063	0.1	2.70367e+85	1.253341e-05	0.1
9.012234e+85	0.5984841000000001	0.1	9.012234e+85	0.01897112	0.1	9.012234e+85	0.0002644181	0.1	9.012234e+85	0.06165751	0.1	9.012234e+85	0.09961394900000001	0.1	9.012234e+85	0.02037063	0.1	9.012234e+85	1.253341e-05	0.1
2.883915e+86	0.5984841000000001	0.1	2.883915e+86	0.01897112	0.1	2.883915e+86	0.0002644181	0.1	2.883915e+86	0.06165751	0.1	2.883915e+86	0.09961394900000001	0.1	2.883915e+86	0.02037063	0.1	2.883915e+86	1.253341e-05	0.1
8.651744e+86	0.5984841000000001	0.1	8.651744e+86	0.01897112	0.1	8.651744e+86	0.0002644181	0.1	8.651744e+86	0.06165751	0.1	8.651744e+86	0.09961394900000001	0.1	8.651744e+86	0.02037063	0.1	8.651744e+86	1.253341e-05	0.1
2.883915e+87	0.5984841000000001	0.1	2.883915e+87	0.01897112	0.1	2.883915e+87	0.0002644181	0.1	2.883915e+87	0.06165751	0.1	2.883915e+87	0.09961394900000001	0.1	2.883915e+87	0.02037063	0.1	2.883915e+87	1.253341e-05	0.1
9.228527e+87	0.5984841000000001	0.1	9.228527e+87	0.01897112	0.1	9.228527e+87	0.0002644181	0.1	9.228527e+87	0.06165751	0.1	9.228527e+87	0.09961394900000001	0.1	9.228527e+87	0.02037063	0.1	9.228527e+87	1.253341e-05	0.1
2.768558e+88	0.5984841000000001	0.1	2.768558e+88	0.01897112	0.1	2.768558e+88	0.0002644181	0.1	2.768558e+88	0.06165751	0.1	2.768558e+88	0.09961394900000001	0.1	2.768558e+88	0.02037063	0.1	2.768558e+88	1.253341e-05	0.1
9.228527e+88	0.5984841000000001	0.1	9.228527e+88	0.01897112	0.1	9.228527e+88	0.0002644181	0.1	9.228527e+88	0.06165751	0.1	9.228527e+88	0.09961394900000001	0.1	9.228527e+88	0.02037063	0.1	9.228527e+88	1.253341e-05	0.1
2.953129e+89	0.5984841000000001	0.1	2.953129e+89	0.01897112	0.1	2.953129e+89	0.0002644182	0.1	2.953129e+89	0.06165751	0.1	2.953129e+89	0.09961394900000001	0.1	2.953129e+89	0.02037063	0.1	2.953129e+89	1.253343e-05	0.1
8.859386e+89	0.5984841000000001	0.1	8.859386e+89	0.01897112	0.1	8.859386e+89	0.0002644182	0.1	8.859386e+89	0.06165751	0.1	8.859386e+89	0.09961394900000001	0.1	8.859386e+89	0.02037063	0.1	8.859386e+89	1.253346e-05	0.1
2.953129e+90	0.5984841000000001	0.1	2.953129e+90	0.01897112	0.1	2.953129e+90	0.0002644183	0.1	2.953129e+90	0.06165751	0.1	2.953129e+90	0.09961394900000001	0.1	2.953129e+90	0.02037063	0.1	2.953129e+90	1.253359e-05	0.1
9.450012e+90	0.5984841000000001	0.1	9.450012e+90	0.01897112	0.1	9.450012e+90	0.0002644187	0.1	9.450012e+90	0.06165751	0.1	9.450012e+90	0.09961396	0.1	9.450012e+90	0.02037063	0.1	9.450012e+90	1.253398e-05	0.1
2.835004e+91	0.5984841000000001	0.1	2.835004e+91	0.01897112	0.1	2.835004e+91	0.0002644198	0.1	2.835004e+91	0.06165751	0.1	2.835004e+91	0.099613961	0.1	2.835004e+91	0.02037063	0.1	2.835004e+91	1.253511e-05	0.1
9.450012e+91	0.598484	0.1	9.450012e+91	0.01897113	0.1	9.450012e+91	0.0002644238	0.1	9.450012e+91	0.06165752	0.1	9.450012e+91	0.099613965	0.1	9.450012e+91	0.02037064	0.1	9.450012e+91	1.253908e-05	0.1
3.024004e+92	0.5984838	0.1	3.024004e+92	0.01897114	0.1	3.024004e+92	0.0002644362	0.1	3.024004e+92	0.06165754	0.1	3.024004e+92	0.09961398799999999	0.1	3.024004e+92	0.02037065	0.1	3.024004e+92	1.255155e-05	0.1
9.072011e+92	0.5984832	0.1	9.072011e+92	0.01897118	0.1	9.072011e+92	0.0002644724	0.1	9.072011e+92	0.06165761	0.1	9.072011e+92	0.099614067	0.1	9.072011e+92	0.02037069	0.1	9.072011e+92	1.258784e-05	0.1
2.268003e+93	0.5984819	0.1	2.268003e+93	0.01897127	0.1	2.268003e+93	0.0002645538	0.1	2.268003e+93	0.06165776	0.1	2.268003e+93	0.099614233	0.1	2.268003e+93	0.02037079	0.1	2.268003e+93	1.266949e-05	0.1
5.896807e+93	0.5984783	0.1	5.896807e+93	0.01897151	0.1	5.896807e+93	0.0002647708	0.1	5.896807e+93	0.06165816	0.1	5.896807e+93	0.099614673	0.1	5.896807e+93	0.02037106	0.1	5.896807e+93	1.288722e-05	0.1
1.436402e+94	0.5984701	0.1	1.436402e+94	0.01897206	0.1	1.436402e+94	0.0002652771	0.1	1.436402e+94	0.06165908	0.1	1.436402e+94	0.09961571899999999	0.1	1.436402e+94	0.02037167	0.1	1.436402e+94	1.339524e-05	0.1
3.371764e+94	0.598451	0.1	3.371764e+94	0.01897333	0.1	3.371764e+94	0.0002664343	0.1	3.371764e+94	0.0616612	0.1	3.371764e+94	0.099618095	0.1	3.371764e+94	0.02037308	0.1	3.371764e+94	1.455641e-05	0.1
7.72633e+94	0.5984083	0.1	7.72633e+94	0.01897617	0.1	7.72633e+94	0.0002690379	0.1	7.72633e+94	0.06166597	0.1	7.72633e+94	0.099623433	0.1	7.72633e+94	0.02037625	0.1	7.72633e+94	1.716886e-05	0.1
1.93385e+95	0.5982945	0.1	1.93385e+95	0.01898377	0.1	1.93385e+95	0.0002759797	0.1	1.93385e+95	0.06167869	0.1	1.93385e+95	0.099637677	0.1	1.93385e+95	0.02038471	0.1	1.93385e+95	2.413425e-05	0.1
4.643358e+95	0.5980289000000001	0.1	4.643358e+95	0.01900149	0.1	4.643358e+95	0.0002921707	0.1	4.643358e+95	0.06170836	0.1	4.643358e+95	0.0996709	0.1	4.643358e+95	0.02040442	0.1	4.643358e+95	4.038028e-05	0.1
1.006237e+96	0.5974984	0.1	1.006237e+96	0.01903689	0.1	1.006237e+96	0.0003245255	0.1	1.006237e+96	0.06176764	0.1	1.006237e+96	0.099737276	0.1	1.006237e+96	0.02044382	0.1	1.006237e+96	7.284495e-05	0.1
2.09004e+96	0.5964391	0.1	2.09004e+96	0.01910758	0.1	2.09004e+96	0.000389126	0.1	2.09004e+96	0.061886	0.1	2.09004e+96	0.09986982200000001	0.1	2.09004e+96	0.02052249	0.1	2.09004e+96	0.0001376649	0.1
4.257646e+96	0.5943279	0.1	4.257646e+96	0.01924847	0.1	4.257646e+96	0.0005178923	0.1	4.257646e+96	0.06212192	0.1	4.257646e+96	0.10013402499999999	0.1	4.257646e+96	0.0206793	0.1	4.257646e+96	0.0002668686	0.1
7.973542e+96	0.5907316	0.1	7.973542e+96	0.01948855	0.1	7.973542e+96	0.0007372953	0.1	7.973542e+96	0.06252391	0.1	7.973542e+96	0.100584187	0.1	7.973542e+96	0.02094647	0.1	7.973542e+96	0.000487017	0.1
1.41667e+97	0.5848009	0.1	1.41667e+97	0.0198846	0.1	1.41667e+97	0.001099251	0.1	1.41667e+97	0.06318708	0.1	1.41667e+97	0.101326837	0.1	1.41667e+97	0.02138725	0.1	1.41667e+97	0.0008502019	0.1
2.655302e+97	0.5731718	0.1	2.655302e+97	0.02066178	0.1	2.655302e+97	0.001809515	0.1	2.655302e+97	0.06448842	0.1	2.655302e+97	0.10278413	0.1	2.655302e+97	0.02225217	0.1	2.655302e+97	0.00156288	0.1
4.88484e+97	0.5529899	0.1	4.88484e+97	0.02201241	0.1	4.88484e+97	0.003043859	0.1	4.88484e+97	0.06674997	0.1	4.88484e+97	0.10531671199999999	0.1	4.88484e+97	0.02375529	0.1	4.88484e+97	0.002801416	0.1
8.848462e+97	0.5193348	0.1	8.848462e+97	0.0242703	0.1	8.848462e+97	0.005107349	0.1	8.848462e+97	0.07053068	0.1	8.848462e+97	0.1095505	0.1	8.848462e+97	0.02626811	0.1	8.848462e+97	0.004871916	0.1
1.380299e+98	0.480885	0.1	1.380299e+98	0.02685923	0.1	1.380299e+98	0.007473373	0.1	1.380299e+98	0.07486568	0.1	1.380299e+98	0.11440497999999999	0.1	1.380299e+98	0.02914933	0.1	1.380299e+98	0.007245978	0.1
2.166748e+98	0.42698860000000005	0.1	2.166748e+98	0.03050726	0.1	2.166748e+98	0.01080732	0.1	2.166748e+98	0.0809741	0.1	2.166748e+98	0.1212455	0.1	2.166748e+98	0.03320925	0.1	2.166748e+98	0.01059125	0.1
2.953197e+98	0.3804652	0.1	2.953197e+98	0.03367702	0.1	2.953197e+98	0.01370417	0.1	2.953197e+98	0.08628167	0.1	2.953197e+98	0.12718918	0.1	2.953197e+98	0.03673688	0.1	2.953197e+98	0.01349794	0.1
3.739646e+98	0.34005420000000003	0.1	3.739646e+98	0.03644873	0.1	3.739646e+98	0.01623723	0.1	3.739646e+98	0.09092273	0.1	3.739646e+98	0.13238637	0.1	3.739646e+98	0.03982152	0.1	3.739646e+98	0.01603961	0.1
4.526094e+98	0.30475954	0.1	4.526094e+98	0.03888584	0.1	4.526094e+98	0.01846451	0.1	4.526094e+98	0.09500352	0.1	4.526094e+98	0.13695621	0.1	4.526094e+98	0.04253379	0.1	4.526094e+98	0.01827445	0.1
5.312543e+98	0.27378448	0.1	5.312543e+98	0.0410392	0.1	5.312543e+98	0.02043247	0.1	5.312543e+98	0.0986092	0.1	5.312543e+98	0.14099403	0.1	5.312543e+98	0.04493028	0.1	5.312543e+98	0.0202491	0.1
6.098992e+98	0.24648382	0.1	6.098992e+98	0.04295007	0.1	6.098992e+98	0.02217881	0.1	6.098992e+98	0.1018088	0.1	6.098992e+98	0.14457708	0.1	6.098992e+98	0.04705688	0.1	6.098992e+98	0.02200137	0.1
6.885441e+98	0.22233026	0.1	6.885441e+98	0.04465222	0.1	6.885441e+98	0.02373442	0.1	6.885441e+98	0.104659	0.1	6.885441e+98	0.14776886	0.1	6.885441e+98	0.04895122	0.1	6.885441e+98	0.02356226	0.1
7.67189e+98	0.20088826999999998	0.1	7.67189e+98	0.04617363	0.1	7.67189e+98	0.02512483	0.1	7.67189e+98	0.1072065	0.1	7.67189e+98	0.15062164	0.1	7.67189e+98	0.0506444	0.1	7.67189e+98	0.0249574	0.1
8.489932e+98	0.18107299999999998	0.1	8.489932e+98	0.04758941	0.1	8.489932e+98	0.02641872	0.1	8.489932e+98	0.1095771	0.1	8.489932e+98	0.15327636	0.1	8.489932e+98	0.05222003	0.1	8.489932e+98	0.02625568	0.1
9.434347e+98	0.16091505	0.1	9.434347e+98	0.04904066	0.1	9.434347e+98	0.02774502	0.1	9.434347e+98	0.1120072	0.1	9.434347e+98	0.15599762	0.1	9.434347e+98	0.05383513	0.1	9.434347e+98	0.02758649	0.1
1.037876e+99	0.14325757	0.1	1.037876e+99	0.05032227	0.1	1.037876e+99	0.02891629	0.1	1.037876e+99	0.1141532	0.1	1.037876e+99	0.15840085	0.1	1.037876e+99	0.05526144	0.1	1.037876e+99	0.02876173	0.1
1.132318e+99	0.12774196000000002	0.1	1.132318e+99	0.05145756	0.1	1.132318e+99	0.02995383	0.1	1.132318e+99	0.1160541	0.1	1.132318e+99	0.1605296	0.1	1.132318e+99	0.05652491	0.1	1.132318e+99	0.0298028	0.1
1.226759e+99	0.11407042	0.1	1.226759e+99	0.05246597	0.1	1.226759e+99	0.03087542	0.1	1.226759e+99	0.1177427	0.1	1.226759e+99	0.16242052	0.1	1.226759e+99	0.05764717	0.1	1.226759e+99	0.03072752	0.1
1.321201e+99	0.10199374	0.1	1.321201e+99	0.05336386	0.1	1.321201e+99	0.031696	0.1	1.321201e+99	0.1192461	0.1	1.321201e+99	0.16410412	0.1	1.321201e+99	0.05864643	0.1	1.321201e+99	0.03155089	0.1
1.415642e+99	0.09130201	0.1	1.415642e+99	0.05416505	0.1	1.415642e+99	0.03242821	0.1	1.415642e+99	0.1205877	0.1	1.415642e+99	0.16560642	0.1	1.415642e+99	0.05953808	0.1	1.415642e+99	0.03228559	0.1
1.510083e+99	0.08181736	0.1	1.510083e+99	0.05488134	0.1	1.510083e+99	0.03308283	0.1	1.510083e+99	0.121787	0.1	1.510083e+99	0.16694961000000003	0.1	1.510083e+99	0.06033525	0.1	1.510083e+99	0.03294243	0.1
1.604525e+99	0.07338827	0.1	1.604525e+99	0.05552283	0.1	1.604525e+99	0.03366908	0.1	1.604525e+99	0.1228612	0.1	1.604525e+99	0.16815248	0.1	1.604525e+99	0.06104916	0.1	1.604525e+99	0.03353068	0.1
1.698966e+99	0.06588498	0.1	1.698966e+99	0.05609821	0.1	1.698966e+99	0.03419492	0.1	1.698966e+99	0.1238246	0.1	1.698966e+99	0.16923134	0.1	1.698966e+99	0.0616895	0.1	1.698966e+99	0.0340583	0.1
1.793408e+99	0.05919586	0.1	1.793408e+99	0.056615	0.1	1.793408e+99	0.03466722	0.1	1.793408e+99	0.12469	0.1	1.793408e+99	0.17020039	0.1	1.793408e+99	0.06226464	0.1	1.793408e+99	0.0345322	0.1
1.887849e+99	0.05322454	0.1	1.887849e+99	0.05707975	0.1	1.887849e+99	0.03509195	0.1	1.887849e+99	0.1254681	0.1	1.887849e+99	0.17107185	0.1	1.887849e+99	0.06278186	0.1	1.887849e+99	0.03495838	0.1
1.982291e+99	0.04788744	0.1	1.982291e+99	0.05749816	0.1	1.982291e+99	0.03547434	0.1	1.982291e+99	0.1261688	0.1	1.982291e+99	0.17185644	0.1	1.982291e+99	0.06324751	0.1	1.982291e+99	0.03534207	0.1
2.095622e+99	0.04221834	0.1	2.095622e+99	0.05794609	0.1	2.095622e+99	0.03588371	0.1	2.095622e+99	0.1269188	0.1	2.095622e+99	0.17269631000000002	0.1	2.095622e+99	0.06374602	0.1	2.095622e+99	0.03575282	0.1
2.208953e+99	0.03725004	0.1	2.208953e+99	0.05834196	0.1	2.208953e+99	0.03624549	0.1	2.208953e+99	0.1275816	0.1	2.208953e+99	0.17343858	0.1	2.208953e+99	0.06418658	0.1	2.208953e+99	0.03611584	0.1
2.322284e+99	0.032890169999999996	0.1	2.322284e+99	0.05869222	0.1	2.322284e+99	0.03656559	0.1	2.322284e+99	0.1281681	0.1	2.322284e+99	0.17409539000000002	0.1	2.322284e+99	0.06457638	0.1	2.322284e+99	0.03643703	0.1
2.435616e+99	0.029059719999999997	0.1	2.435616e+99	0.05900243	0.1	2.435616e+99	0.0368491	0.1	2.435616e+99	0.1286876	0.1	2.435616e+99	0.17467704	0.1	2.435616e+99	0.06492162	0.1	2.435616e+99	0.03672149	0.1
2.548947e+99	0.025690777	0.1	2.548947e+99	0.05927743	0.1	2.548947e+99	0.03710042	0.1	2.548947e+99	0.129148	0.1	2.548947e+99	0.17519268	0.1	2.548947e+99	0.06522766	0.1	2.548947e+99	0.03697367	0.1
2.662278e+99	0.022724885	0.1	2.662278e+99	0.05952139	0.1	2.662278e+99	0.03732338	0.1	2.662278e+99	0.1295565	0.1	2.662278e+99	0.17565018000000002	0.1	2.662278e+99	0.06549917	0.1	2.662278e+99	0.03719738	0.1
2.775609e+99	0.0201115	0.1	2.775609e+99	0.05973798	0.1	2.775609e+99	0.03752132	0.1	2.775609e+99	0.1299192	0.1	2.775609e+99	0.17605627	0.1	2.775609e+99	0.06574022	0.1	2.775609e+99	0.037396	0.1
2.888941e+99	0.017806909	0.1	2.888941e+99	0.05993039	0.1	2.888941e+99	0.03769716	0.1	2.888941e+99	0.1302414	0.1	2.888941e+99	0.17641706	0.1	2.888941e+99	0.06595435	0.1	2.888941e+99	0.03757244	0.1
3.002272e+99	0.015773116	0.1	3.002272e+99	0.06010141	0.1	3.002272e+99	0.03785345	0.1	3.002272e+99	0.1305277	0.1	3.002272e+99	0.17673773	0.1	3.002272e+99	0.06614468	0.1	3.002272e+99	0.03772926	0.1
3.115603e+99	0.013977117	0.1	3.115603e+99	0.06025349	0.1	3.115603e+99	0.03799244	0.1	3.115603e+99	0.1307824	0.1	3.115603e+99	0.17702297	0.1	3.115603e+99	0.06631393	0.1	3.115603e+99	0.03786872	0.1
3.228934e+99	0.012390134	0.1	3.228934e+99	0.06038879	0.1	3.228934e+99	0.03811609	0.1	3.228934e+99	0.1310089	0.1	3.228934e+99	0.17727667000000003	0.1	3.228934e+99	0.0664645	0.1	3.228934e+99	0.03799279	0.1
3.342265e+99	0.010987054999999999	0.1	3.342265e+99	0.06050921	0.1	3.342265e+99	0.03822615	0.1	3.342265e+99	0.1312106	0.1	3.342265e+99	0.17750245	0.1	3.342265e+99	0.06659852	0.1	3.342265e+99	0.03810322	0.1
