# T[K]         W1         Pr2         Pr3         Pr1
300	2.9257e-16(1.00)	6.7663e-26(1.00)	7.8344e-35(1.00)	2.9236e-16(1.00)
400	2.1036e-10(1.00)	8.3711e-18(1.00)	3.1835e-23(1.00)	2.1031e-10(1.00)
500	1.1157e-06(1.00)	1.5723e-12(1.00)	4.5368e-16(1.00)	1.1156e-06(1.00)
600	4.4462e-04(1.00)	6.2314e-09(1.00)	2.9397e-11(1.00)	4.4460e-04(1.00)
700	3.9413e-02(1.00)	3.0759e-06(1.00)	8.9893e-08(1.00)	3.9415e-02(1.00)
800	1.2906e+00(1.00)	4.0406e-04(1.00)	4.0202e-05(1.00)	1.2910e+00(1.00)
900	2.1193e+01(1.00)	2.1143e-02(1.00)	4.8961e-03(1.00)	2.1219e+01(1.00)
1000	2.1088e+02(1.00)	5.5786e-01(1.00)	2.3377e-01(1.00)	2.1167e+02(1.00)
1100	1.4389e+03(1.00)	8.6137e+00(1.00)	5.5747e+00(1.00)	1.4531e+03(1.00)
1200	7.2969e+03(1.00)	8.6767e+01(1.00)	7.7736e+01(1.00)	7.4613e+03(1.00)
1300	2.9229e+04(1.00)	6.1930e+02(1.00)	7.1457e+02(1.00)	3.0562e+04(1.00)
1400	9.6103e+04(1.00)	3.3293e+03(1.00)	4.7080e+03(1.00)	1.0414e+05(1.00)
1500	2.6756e+05(1.00)	1.4205e+04(1.00)	2.3821e+04(1.00)	3.0558e+05(1.00)
1600	6.4802e+05(1.00)	4.9793e+04(1.00)	9.6773e+04(1.00)	7.9458e+05(1.00)
1700	1.3890e+06(1.00)	1.4868e+05(1.00)	3.2837e+05(1.00)	1.8660e+06(1.00)
1800	2.6770e+06(1.00)	3.8804e+05(1.00)	9.6420e+05(1.00)	4.0292e+06(1.00)
1900	4.6860e+06(1.00)	9.0285e+05(1.00)	2.4878e+06(1.00)	8.0766e+06(1.00)
2000	7.5981e+06(1.00)	1.9062e+06(1.00)	5.8092e+06(1.00)	1.5313e+07(1.00)
2100	1.1508e+07(1.00)	3.7258e+06(1.00)	1.2398e+07(1.00)	2.7632e+07(1.00)
2200	1.6318e+07(1.00)	6.7522e+06(1.00)	2.4530e+07(1.00)	4.7600e+07(1.00)
2300	2.2168e+07(1.00)	1.1609e+07(1.00)	4.5485e+07(1.00)	7.9262e+07(1.00)
2400	2.8642e+07(1.00)	1.8812e+07(1.00)	7.9716e+07(1.00)	1.2717e+08(1.00)
2500	3.5646e+07(1.00)	2.9228e+07(1.00)	1.3330e+08(1.00)	1.9818e+08(1.00)
