# T[K]         R         W4_L         P1         P2_L         P3         P4         W3
600	7.5500e-19(1.00)	1.4012e-12(1.00)	2.1074e-07(0.99)	5.1676e-15(1.00)	5.2674e-19(1.00)	2.3683e-17(1.00)	2.1609e-07(1.00)
700	1.3919e-14(1.00)	2.6147e-09(1.00)	7.9520e-05(1.00)	2.8967e-11(1.00)	1.0415e-14(1.00)	2.0284e-12(1.00)	8.0552e-05(1.00)
800	2.7066e-11(1.00)	7.7319e-07(1.00)	6.7516e-03(1.00)	2.0561e-08(1.00)	2.2376e-11(1.00)	9.5223e-09(1.00)	6.8074e-03(1.00)
900	1.1247e-08(1.00)	6.3831e-05(1.00)	2.1293e-01(1.00)	3.4655e-06(1.00)	1.0212e-08(1.00)	6.4739e-06(1.00)	2.1370e-01(1.00)
1000	1.5057e-06(1.00)	2.2244e-03(1.00)	3.3577e+00(1.00)	2.0817e-04(1.00)	1.4891e-06(1.00)	1.1389e-03(1.00)	3.3680e+00(1.00)
1100	8.5368e-05(1.00)	4.0359e-02(1.00)	3.2028e+01(1.00)	5.8449e-03(1.00)	9.0542e-05(1.00)	7.5317e-02(1.00)	3.2174e+01(1.00)
1200	2.4424e-03(1.00)	4.4492e-01(1.00)	2.0824e+02(1.00)	9.3591e-02(1.00)	2.7494e-03(1.00)	2.3777e+00(1.00)	2.1123e+02(1.00)
1300	4.0115e-02(1.00)	3.2894e+00(1.00)	1.0196e+03(1.00)	9.7736e-01(1.00)	4.7483e-02(1.00)	4.2274e+01(1.00)	1.0666e+03(1.00)
1400	4.2052e-01(1.00)	1.7642e+01(1.00)	3.9752e+03(1.00)	7.2761e+00(1.00)	5.1962e-01(1.00)	4.7587e+02(1.00)	4.4789e+03(1.00)
1500	3.0386e+00(1.00)	7.1969e+01(1.00)	1.2846e+04(1.00)	4.0917e+01(1.00)	3.8965e+00(1.00)	3.6887e+03(1.00)	1.6669e+04(1.00)
1600	1.6111e+01(1.00)	2.3226e+02(1.00)	3.5804e+04(1.00)	1.8109e+02(1.00)	2.1350e+01(1.00)	2.0889e+04(1.00)	5.7277e+04(1.00)
1700	6.5716e+01(1.00)	6.1550e+02(1.00)	8.7377e+04(1.00)	6.5038e+02(1.00)	8.9278e+01(1.00)	9.1346e+04(1.00)	1.8069e+05(1.00)
1800	2.1387e+02(1.00)	1.3722e+03(1.00)	1.9017e+05(1.00)	1.9379e+03(1.00)	2.9842e+02(1.00)	3.1886e+05(1.00)	5.1445e+05(1.00)
1900	5.7820e+02(1.00)	2.6469e+03(1.00)	3.7587e+05(1.00)	4.9082e+03(1.00)	8.2276e+02(1.00)	9.2267e+05(1.00)	1.3108e+06(1.00)
2000	1.3285e+03(1.00)	4.5418e+03(1.00)	6.7593e+05(1.00)	1.0789e+04(1.00)	1.9278e+03(1.00)	2.2673e+06(1.00)	2.9636e+06(1.00)
2100	2.6670e+03(1.00)	7.0516e+03(1.00)	1.1135e+06(1.00)	2.1006e+04(1.00)	3.9356e+03(1.00)	4.8543e+06(1.00)	6.0056e+06(1.00)
2200	4.7598e+03(1.00)	1.0057e+04(1.00)	1.7227e+06(1.00)	3.6803e+04(1.00)	7.1596e+03(1.00)	9.2407e+06(1.00)	1.1022e+07(1.00)
2300	7.7868e+03(1.00)	1.3642e+04(1.00)	2.4794e+06(1.00)	5.9347e+04(1.00)	1.1949e+04(1.00)	1.6032e+07(1.00)	1.8604e+07(1.00)
2400	1.1849e+04(1.00)	1.7625e+04(1.00)	3.4054e+06(1.00)	8.9199e+04(1.00)	1.8322e+04(1.00)	2.5790e+07(1.00)	2.9332e+07(1.00)
2500	1.6828e+04(1.00)	2.1906e+04(1.00)	4.4708e+06(1.00)	1.2639e+05(1.00)	2.6486e+04(1.00)	3.8933e+07(1.00)	4.3595e+07(1.00)
