Batch	m_SP	11	N1a_L	N3	N4	N5	N6	N7a	N7c	N7b	Flvln	Nphln	Azln																			
0.0	0.9999998999999999	0.1	0.0	0.0	0.1	0.0	0.0	0.1	0.0	0.0	0.1	0.0	0.0	0.1	0.0	0.0	0.1	0.0	0.0	0.1	0.0	0.0	0.1	0.0	0.0	0.1	0.0	0.0	0.1	0.0	0.0	0.1
1.690784e-15	1.0	0.1	1.690784e-15	0.0	0.1	1.690784e-15	0.0	0.1	1.690784e-15	0.0	0.1	1.690784e-15	0.0	0.1	1.690784e-15	0.0	0.1	1.690784e-15	0.0	0.1	1.690784e-15	0.0	0.1	1.690784e-15	0.0	0.1	1.690784e-15	0.0	0.1	1.690784e-15	0.0	0.1
1.275903e-14	1.0	0.1	1.275903e-14	0.0	0.1	1.275903e-14	0.0	0.1	1.275903e-14	0.0	0.1	1.275903e-14	0.0	0.1	1.275903e-14	0.0	0.1	1.275903e-14	0.0	0.1	1.275903e-14	0.0	0.1	1.275903e-14	0.0	0.1	1.275903e-14	0.0	0.1	1.275903e-14	0.0	0.1
3.319499e-14	1.0	0.1	3.319499e-14	0.0	0.1	3.319499e-14	0.0	0.1	3.319499e-14	0.0	0.1	3.319499e-14	0.0	0.1	3.319499e-14	0.0	0.1	3.319499e-14	0.0	0.1	3.319499e-14	0.0	0.1	3.319499e-14	0.0	0.1	3.319499e-14	0.0	0.1	3.319499e-14	0.0	0.1
6.775296e-14	1.0000001	0.1	6.775296e-14	0.0	0.1	6.775296e-14	0.0	0.1	6.775296e-14	0.0	0.1	6.775296e-14	0.0	0.1	6.775296e-14	0.0	0.1	6.775296e-14	0.0	0.1	6.775296e-14	0.0	0.1	6.775296e-14	0.0	0.1	6.775296e-14	0.0	0.1	6.775296e-14	0.0	0.1
1.140837e-13	1.0	0.1	1.140837e-13	0.0	0.1	1.140837e-13	0.0	0.1	1.140837e-13	0.0	0.1	1.140837e-13	0.0	0.1	1.140837e-13	0.0	0.1	1.140837e-13	0.0	0.1	1.140837e-13	0.0	0.1	1.140837e-13	0.0	0.1	1.140837e-13	0.0	0.1	1.140837e-13	0.0	0.1
1.604145e-13	1.0000001	0.1	1.604145e-13	0.0	0.1	1.604145e-13	0.0	0.1	1.604145e-13	0.0	0.1	1.604145e-13	0.0	0.1	1.604145e-13	0.0	0.1	1.604145e-13	0.0	0.1	1.604145e-13	0.0	0.1	1.604145e-13	0.0	0.1	1.604145e-13	0.0	0.1	1.604145e-13	0.0	0.1
2.507309e-13	1.0	0.1	2.507309e-13	0.0	0.1	2.507309e-13	0.0	0.1	2.507309e-13	0.0	0.1	2.507309e-13	0.0	0.1	2.507309e-13	0.0	0.1	2.507309e-13	0.0	0.1	2.507309e-13	0.0	0.1	2.507309e-13	0.0	0.1	2.507309e-13	0.0	0.1	2.507309e-13	0.0	0.1
4.133006e-13	1.0	0.1	4.133006e-13	0.0	0.1	4.133006e-13	0.0	0.1	4.133006e-13	0.0	0.1	4.133006e-13	0.0	0.1	4.133006e-13	0.0	0.1	4.133006e-13	0.0	0.1	4.133006e-13	0.0	0.1	4.133006e-13	0.0	0.1	4.133006e-13	0.0	0.1	4.133006e-13	0.0	0.1
6.105338e-13	1.0	0.1	6.105338e-13	0.0	0.1	6.105338e-13	0.0	0.1	6.105338e-13	0.0	0.1	6.105338e-13	0.0	0.1	6.105338e-13	0.0	0.1	6.105338e-13	0.0	0.1	6.105338e-13	0.0	0.1	6.105338e-13	0.0	0.1	6.105338e-13	0.0	0.1	6.105338e-13	0.0	0.1
8.326675e-13	1.0	0.1	8.326675e-13	0.0	0.1	8.326675e-13	0.0	0.1	8.326675e-13	0.0	0.1	8.326675e-13	0.0	0.1	8.326675e-13	0.0	0.1	8.326675e-13	0.0	0.1	8.326675e-13	0.0	0.1	8.326675e-13	0.0	0.1	8.326675e-13	0.0	0.1	8.326675e-13	0.0	0.1
1.100961e-12	1.0	0.1	1.100961e-12	0.0	0.1	1.100961e-12	0.0	0.1	1.100961e-12	0.0	0.1	1.100961e-12	0.0	0.1	1.100961e-12	0.0	0.1	1.100961e-12	0.0	0.1	1.100961e-12	0.0	0.1	1.100961e-12	0.0	0.1	1.100961e-12	0.0	0.1	1.100961e-12	0.0	0.1
1.369254e-12	1.0	0.1	1.369254e-12	0.0	0.1	1.369254e-12	0.0	0.1	1.369254e-12	0.0	0.1	1.369254e-12	0.0	0.1	1.369254e-12	0.0	0.1	1.369254e-12	0.0	0.1	1.369254e-12	0.0	0.1	1.369254e-12	0.0	0.1	1.369254e-12	0.0	0.1	1.369254e-12	0.0	0.1
1.637547e-12	1.0	0.1	1.637547e-12	0.0	0.1	1.637547e-12	0.0	0.1	1.637547e-12	0.0	0.1	1.637547e-12	0.0	0.1	1.637547e-12	0.0	0.1	1.637547e-12	0.0	0.1	1.637547e-12	0.0	0.1	1.637547e-12	0.0	0.1	1.637547e-12	0.0	0.1	1.637547e-12	0.0	0.1
1.905841e-12	0.99999996	0.1	1.905841e-12	0.0	0.1	1.905841e-12	0.0	0.1	1.905841e-12	0.0	0.1	1.905841e-12	0.0	0.1	1.905841e-12	0.0	0.1	1.905841e-12	0.0	0.1	1.905841e-12	0.0	0.1	1.905841e-12	0.0	0.1	1.905841e-12	0.0	0.1	1.905841e-12	0.0	0.1
2.174134e-12	0.9999999900000001	0.1	2.174134e-12	0.0	0.1	2.174134e-12	0.0	0.1	2.174134e-12	0.0	0.1	2.174134e-12	0.0	0.1	2.174134e-12	0.0	0.1	2.174134e-12	0.0	0.1	2.174134e-12	0.0	0.1	2.174134e-12	0.0	0.1	2.174134e-12	0.0	0.1	2.174134e-12	0.0	0.1
2.442427e-12	1.00000006	0.1	2.442427e-12	0.0	0.1	2.442427e-12	0.0	0.1	2.442427e-12	0.0	0.1	2.442427e-12	0.0	0.1	2.442427e-12	0.0	0.1	2.442427e-12	0.0	0.1	2.442427e-12	0.0	0.1	2.442427e-12	0.0	0.1	2.442427e-12	0.0	0.1	2.442427e-12	0.0	0.1
2.710721e-12	1.0000000400000002	0.1	2.710721e-12	0.0	0.1	2.710721e-12	0.0	0.1	2.710721e-12	0.0	0.1	2.710721e-12	0.0	0.1	2.710721e-12	0.0	0.1	2.710721e-12	0.0	0.1	2.710721e-12	0.0	0.1	2.710721e-12	0.0	0.1	2.710721e-12	0.0	0.1	2.710721e-12	0.0	0.1
2.979014e-12	1.00000004	0.1	2.979014e-12	0.0	0.1	2.979014e-12	0.0	0.1	2.979014e-12	0.0	0.1	2.979014e-12	0.0	0.1	2.979014e-12	0.0	0.1	2.979014e-12	0.0	0.1	2.979014e-12	0.0	0.1	2.979014e-12	0.0	0.1	2.979014e-12	0.0	0.1	2.979014e-12	0.0	0.1
3.247307e-12	1.00000004	0.1	3.247307e-12	0.0	0.1	3.247307e-12	0.0	0.1	3.247307e-12	0.0	0.1	3.247307e-12	0.0	0.1	3.247307e-12	0.0	0.1	3.247307e-12	0.0	0.1	3.247307e-12	0.0	0.1	3.247307e-12	0.0	0.1	3.247307e-12	0.0	0.1	3.247307e-12	0.0	0.1
3.5156e-12	1.00000004	0.1	3.5156e-12	0.0	0.1	3.5156e-12	0.0	0.1	3.5156e-12	0.0	0.1	3.5156e-12	0.0	0.1	3.5156e-12	0.0	0.1	3.5156e-12	0.0	0.1	3.5156e-12	0.0	0.1	3.5156e-12	0.0	0.1	3.5156e-12	0.0	0.1	3.5156e-12	0.0	0.1
3.783894e-12	1.00000002	0.1	3.783894e-12	0.0	0.1	3.783894e-12	0.0	0.1	3.783894e-12	0.0	0.1	3.783894e-12	0.0	0.1	3.783894e-12	0.0	0.1	3.783894e-12	0.0	0.1	3.783894e-12	0.0	0.1	3.783894e-12	0.0	0.1	3.783894e-12	0.0	0.1	3.783894e-12	0.0	0.1
4.052187e-12	1.00000005	0.1	4.052187e-12	0.0	0.1	4.052187e-12	0.0	0.1	4.052187e-12	0.0	0.1	4.052187e-12	0.0	0.1	4.052187e-12	0.0	0.1	4.052187e-12	0.0	0.1	4.052187e-12	0.0	0.1	4.052187e-12	0.0	0.1	4.052187e-12	0.0	0.1	4.052187e-12	0.0	0.1
4.32048e-12	0.99999998	0.1	4.32048e-12	0.0	0.1	4.32048e-12	0.0	0.1	4.32048e-12	0.0	0.1	4.32048e-12	0.0	0.1	4.32048e-12	0.0	0.1	4.32048e-12	0.0	0.1	4.32048e-12	0.0	0.1	4.32048e-12	0.0	0.1	4.32048e-12	0.0	0.1	4.32048e-12	0.0	0.1
4.588774e-12	1.00000001	0.1	4.588774e-12	0.0	0.1	4.588774e-12	0.0	0.1	4.588774e-12	0.0	0.1	4.588774e-12	0.0	0.1	4.588774e-12	0.0	0.1	4.588774e-12	0.0	0.1	4.588774e-12	0.0	0.1	4.588774e-12	0.0	0.1	4.588774e-12	0.0	0.1	4.588774e-12	0.0	0.1
4.857067e-12	0.99999994	0.1	4.857067e-12	0.0	0.1	4.857067e-12	0.0	0.1	4.857067e-12	0.0	0.1	4.857067e-12	0.0	0.1	4.857067e-12	0.0	0.1	4.857067e-12	0.0	0.1	4.857067e-12	0.0	0.1	4.857067e-12	0.0	0.1	4.857067e-12	0.0	0.1	4.857067e-12	0.0	0.1
5.12536e-12	1.0000000500000001	0.1	5.12536e-12	0.0	0.1	5.12536e-12	0.0	0.1	5.12536e-12	0.0	0.1	5.12536e-12	0.0	0.1	5.12536e-12	0.0	0.1	5.12536e-12	0.0	0.1	5.12536e-12	0.0	0.1	5.12536e-12	0.0	0.1	5.12536e-12	0.0	0.1	5.12536e-12	0.0	0.1
5.393653e-12	0.9999999700000001	0.1	5.393653e-12	0.0	0.1	5.393653e-12	0.0	0.1	5.393653e-12	0.0	0.1	5.393653e-12	0.0	0.1	5.393653e-12	0.0	0.1	5.393653e-12	0.0	0.1	5.393653e-12	0.0	0.1	5.393653e-12	0.0	0.1	5.393653e-12	0.0	0.1	5.393653e-12	0.0	0.1
5.661947e-12	0.99999999	0.1	5.661947e-12	0.0	0.1	5.661947e-12	0.0	0.1	5.661947e-12	0.0	0.1	5.661947e-12	0.0	0.1	5.661947e-12	0.0	0.1	5.661947e-12	0.0	0.1	5.661947e-12	0.0	0.1	5.661947e-12	0.0	0.1	5.661947e-12	0.0	0.1	5.661947e-12	0.0	0.1
5.93024e-12	0.9999999499999999	0.1	5.93024e-12	0.0	0.1	5.93024e-12	0.0	0.1	5.93024e-12	0.0	0.1	5.93024e-12	0.0	0.1	5.93024e-12	0.0	0.1	5.93024e-12	0.0	0.1	5.93024e-12	0.0	0.1	5.93024e-12	0.0	0.1	5.93024e-12	0.0	0.1	5.93024e-12	0.0	0.1
6.198533e-12	1.0	0.1	6.198533e-12	0.0	0.1	6.198533e-12	0.0	0.1	6.198533e-12	0.0	0.1	6.198533e-12	0.0	0.1	6.198533e-12	0.0	0.1	6.198533e-12	0.0	0.1	6.198533e-12	0.0	0.1	6.198533e-12	0.0	0.1	6.198533e-12	0.0	0.1	6.198533e-12	0.0	0.1
6.466827e-12	0.99999996	0.1	6.466827e-12	0.0	0.1	6.466827e-12	0.0	0.1	6.466827e-12	0.0	0.1	6.466827e-12	0.0	0.1	6.466827e-12	0.0	0.1	6.466827e-12	0.0	0.1	6.466827e-12	0.0	0.1	6.466827e-12	0.0	0.1	6.466827e-12	0.0	0.1	6.466827e-12	0.0	0.1
6.73512e-12	1.000000017	0.1	6.73512e-12	0.0	0.1	6.73512e-12	0.0	0.1	6.73512e-12	0.0	0.1	6.73512e-12	0.0	0.1	6.73512e-12	0.0	0.1	6.73512e-12	0.0	0.1	6.73512e-12	0.0	0.1	6.73512e-12	0.0	0.1	6.73512e-12	0.0	0.1	6.73512e-12	0.0	0.1
7.003413e-12	0.999999962	0.1	7.003413e-12	0.0	0.1	7.003413e-12	0.0	0.1	7.003413e-12	0.0	0.1	7.003413e-12	0.0	0.1	7.003413e-12	0.0	0.1	7.003413e-12	0.0	0.1	7.003413e-12	0.0	0.1	7.003413e-12	0.0	0.1	7.003413e-12	0.0	0.1	7.003413e-12	0.0	0.1
7.325885e-12	1.000000047	0.1	7.325885e-12	0.0	0.1	7.325885e-12	0.0	0.1	7.325885e-12	0.0	0.1	7.325885e-12	0.0	0.1	7.325885e-12	0.0	0.1	7.325885e-12	0.0	0.1	7.325885e-12	0.0	0.1	7.325885e-12	0.0	0.1	7.325885e-12	0.0	0.1	7.325885e-12	0.0	0.1
7.648357e-12	0.999999984	0.1	7.648357e-12	0.0	0.1	7.648357e-12	0.0	0.1	7.648357e-12	0.0	0.1	7.648357e-12	0.0	0.1	7.648357e-12	0.0	0.1	7.648357e-12	0.0	0.1	7.648357e-12	0.0	0.1	7.648357e-12	0.0	0.1	7.648357e-12	0.0	0.1	7.648357e-12	0.0	0.1
7.970829e-12	1.000000002	0.1	7.970829e-12	0.0	0.1	7.970829e-12	0.0	0.1	7.970829e-12	0.0	0.1	7.970829e-12	0.0	0.1	7.970829e-12	0.0	0.1	7.970829e-12	0.0	0.1	7.970829e-12	0.0	0.1	7.970829e-12	0.0	0.1	7.970829e-12	0.0	0.1	7.970829e-12	0.0	0.1
8.2933e-12	1.000000016	0.1	8.2933e-12	0.0	0.1	8.2933e-12	0.0	0.1	8.2933e-12	0.0	0.1	8.2933e-12	0.0	0.1	8.2933e-12	0.0	0.1	8.2933e-12	0.0	0.1	8.2933e-12	0.0	0.1	8.2933e-12	0.0	0.1	8.2933e-12	0.0	0.1	8.2933e-12	0.0	0.1
8.615772e-12	1.000000047	0.1	8.615772e-12	0.0	0.1	8.615772e-12	0.0	0.1	8.615772e-12	0.0	0.1	8.615772e-12	0.0	0.1	8.615772e-12	0.0	0.1	8.615772e-12	0.0	0.1	8.615772e-12	0.0	0.1	8.615772e-12	0.0	0.1	8.615772e-12	0.0	0.1	8.615772e-12	0.0	0.1
8.938244e-12	1.000000016	0.1	8.938244e-12	0.0	0.1	8.938244e-12	0.0	0.1	8.938244e-12	0.0	0.1	8.938244e-12	0.0	0.1	8.938244e-12	0.0	0.1	8.938244e-12	0.0	0.1	8.938244e-12	0.0	0.1	8.938244e-12	0.0	0.1	8.938244e-12	0.0	0.1	8.938244e-12	0.0	0.1
9.260716e-12	0.9999999920000001	0.1	9.260716e-12	0.0	0.1	9.260716e-12	0.0	0.1	9.260716e-12	0.0	0.1	9.260716e-12	0.0	0.1	9.260716e-12	0.0	0.1	9.260716e-12	0.0	0.1	9.260716e-12	0.0	0.1	9.260716e-12	0.0	0.1	9.260716e-12	0.0	0.1	9.260716e-12	0.0	0.1
9.583188e-12	0.999999996	0.1	9.583188e-12	0.0	0.1	9.583188e-12	0.0	0.1	9.583188e-12	0.0	0.1	9.583188e-12	0.0	0.1	9.583188e-12	0.0	0.1	9.583188e-12	0.0	0.1	9.583188e-12	0.0	0.1	9.583188e-12	0.0	0.1	9.583188e-12	0.0	0.1	9.583188e-12	0.0	0.1
9.905659e-12	1.000000045	0.1	9.905659e-12	0.0	0.1	9.905659e-12	0.0	0.1	9.905659e-12	0.0	0.1	9.905659e-12	0.0	0.1	9.905659e-12	0.0	0.1	9.905659e-12	0.0	0.1	9.905659e-12	0.0	0.1	9.905659e-12	0.0	0.1	9.905659e-12	0.0	0.1	9.905659e-12	0.0	0.1
1.025416e-11	0.999999963	0.1	1.025416e-11	0.0	0.1	1.025416e-11	0.0	0.1	1.025416e-11	0.0	0.1	1.025416e-11	0.0	0.1	1.025416e-11	0.0	0.1	1.025416e-11	0.0	0.1	1.025416e-11	0.0	0.1	1.025416e-11	0.0	0.1	1.025416e-11	0.0	0.1	1.025416e-11	0.0	0.1
1.06417e-11	0.999999953	0.1	1.06417e-11	0.0	0.1	1.06417e-11	0.0	0.1	1.06417e-11	0.0	0.1	1.06417e-11	0.0	0.1	1.06417e-11	0.0	0.1	1.06417e-11	0.0	0.1	1.06417e-11	0.0	0.1	1.06417e-11	0.0	0.1	1.06417e-11	0.0	0.1	1.06417e-11	0.0	0.1
1.102923e-11	0.9999999959999999	0.1	1.102923e-11	0.0	0.1	1.102923e-11	0.0	0.1	1.102923e-11	0.0	0.1	1.102923e-11	0.0	0.1	1.102923e-11	0.0	0.1	1.102923e-11	0.0	0.1	1.102923e-11	0.0	0.1	1.102923e-11	0.0	0.1	1.102923e-11	0.0	0.1	1.102923e-11	0.0	0.1
1.141677e-11	1.000000034	0.1	1.141677e-11	0.0	0.1	1.141677e-11	0.0	0.1	1.141677e-11	0.0	0.1	1.141677e-11	0.0	0.1	1.141677e-11	0.0	0.1	1.141677e-11	0.0	0.1	1.141677e-11	0.0	0.1	1.141677e-11	0.0	0.1	1.141677e-11	0.0	0.1	1.141677e-11	0.0	0.1
1.180431e-11	1.000000026	0.1	1.180431e-11	0.0	0.1	1.180431e-11	0.0	0.1	1.180431e-11	0.0	0.1	1.180431e-11	0.0	0.1	1.180431e-11	0.0	0.1	1.180431e-11	0.0	0.1	1.180431e-11	0.0	0.1	1.180431e-11	0.0	0.1	1.180431e-11	0.0	0.1	1.180431e-11	0.0	0.1
1.219185e-11	0.9999999230000001	0.1	1.219185e-11	0.0	0.1	1.219185e-11	0.0	0.1	1.219185e-11	0.0	0.1	1.219185e-11	0.0	0.1	1.219185e-11	0.0	0.1	1.219185e-11	0.0	0.1	1.219185e-11	0.0	0.1	1.219185e-11	0.0	0.1	1.219185e-11	0.0	0.1	1.219185e-11	0.0	0.1
1.257938e-11	0.9999999806000001	0.1	1.257938e-11	0.0	0.1	1.257938e-11	0.0	0.1	1.257938e-11	0.0	0.1	1.257938e-11	0.0	0.1	1.257938e-11	0.0	0.1	1.257938e-11	0.0	0.1	1.257938e-11	0.0	0.1	1.257938e-11	0.0	0.1	1.257938e-11	0.0	0.1	1.257938e-11	0.0	0.1
1.303096e-11	1.000000005	0.1	1.303096e-11	0.0	0.1	1.303096e-11	0.0	0.1	1.303096e-11	0.0	0.1	1.303096e-11	0.0	0.1	1.303096e-11	0.0	0.1	1.303096e-11	0.0	0.1	1.303096e-11	0.0	0.1	1.303096e-11	0.0	0.1	1.303096e-11	0.0	0.1	1.303096e-11	0.0	0.1
1.349855e-11	0.999999982	0.1	1.349855e-11	0.0	0.1	1.349855e-11	0.0	0.1	1.349855e-11	0.0	0.1	1.349855e-11	0.0	0.1	1.349855e-11	0.0	0.1	1.349855e-11	0.0	0.1	1.349855e-11	0.0	0.1	1.349855e-11	0.0	0.1	1.349855e-11	0.0	0.1	1.349855e-11	0.0	0.1
1.396613e-11	0.9999999254	0.1	1.396613e-11	0.0	0.1	1.396613e-11	0.0	0.1	1.396613e-11	0.0	0.1	1.396613e-11	0.0	0.1	1.396613e-11	0.0	0.1	1.396613e-11	0.0	0.1	1.396613e-11	0.0	0.1	1.396613e-11	0.0	0.1	1.396613e-11	0.0	0.1	1.396613e-11	0.0	0.1
1.443372e-11	1.0000000543	0.1	1.443372e-11	0.0	0.1	1.443372e-11	0.0	0.1	1.443372e-11	0.0	0.1	1.443372e-11	0.0	0.1	1.443372e-11	0.0	0.1	1.443372e-11	0.0	0.1	1.443372e-11	0.0	0.1	1.443372e-11	0.0	0.1	1.443372e-11	0.0	0.1	1.443372e-11	0.0	0.1
1.49013e-11	0.9999999568	0.1	1.49013e-11	0.0	0.1	1.49013e-11	0.0	0.1	1.49013e-11	0.0	0.1	1.49013e-11	0.0	0.1	1.49013e-11	0.0	0.1	1.49013e-11	0.0	0.1	1.49013e-11	0.0	0.1	1.49013e-11	0.0	0.1	1.49013e-11	0.0	0.1	1.49013e-11	0.0	0.1
1.542716e-11	1.0000000341	0.1	1.542716e-11	0.0	0.1	1.542716e-11	0.0	0.1	1.542716e-11	0.0	0.1	1.542716e-11	0.0	0.1	1.542716e-11	0.0	0.1	1.542716e-11	0.0	0.1	1.542716e-11	0.0	0.1	1.542716e-11	0.0	0.1	1.542716e-11	0.0	0.1	1.542716e-11	0.0	0.1
1.599186e-11	0.9999999854999999	0.1	1.599186e-11	0.0	0.1	1.599186e-11	0.0	0.1	1.599186e-11	0.0	0.1	1.599186e-11	0.0	0.1	1.599186e-11	0.0	0.1	1.599186e-11	0.0	0.1	1.599186e-11	0.0	0.1	1.599186e-11	0.0	0.1	1.599186e-11	0.0	0.1	1.599186e-11	0.0	0.1
1.655657e-11	0.9999999747999999	0.1	1.655657e-11	0.0	0.1	1.655657e-11	0.0	0.1	1.655657e-11	0.0	0.1	1.655657e-11	0.0	0.1	1.655657e-11	0.0	0.1	1.655657e-11	0.0	0.1	1.655657e-11	0.0	0.1	1.655657e-11	0.0	0.1	1.655657e-11	0.0	0.1	1.655657e-11	0.0	0.1
1.712127e-11	1.0000000251	0.1	1.712127e-11	0.0	0.1	1.712127e-11	0.0	0.1	1.712127e-11	0.0	0.1	1.712127e-11	0.0	0.1	1.712127e-11	0.0	0.1	1.712127e-11	0.0	0.1	1.712127e-11	0.0	0.1	1.712127e-11	0.0	0.1	1.712127e-11	0.0	0.1	1.712127e-11	0.0	0.1
1.773232e-11	0.9999999762	0.1	1.773232e-11	0.0	0.1	1.773232e-11	0.0	0.1	1.773232e-11	0.0	0.1	1.773232e-11	0.0	0.1	1.773232e-11	0.0	0.1	1.773232e-11	0.0	0.1	1.773232e-11	0.0	0.1	1.773232e-11	0.0	0.1	1.773232e-11	0.0	0.1	1.773232e-11	0.0	0.1
1.841289e-11	0.9999999773	0.1	1.841289e-11	0.0	0.1	1.841289e-11	0.0	0.1	1.841289e-11	0.0	0.1	1.841289e-11	0.0	0.1	1.841289e-11	0.0	0.1	1.841289e-11	0.0	0.1	1.841289e-11	0.0	0.1	1.841289e-11	0.0	0.1	1.841289e-11	0.0	0.1	1.841289e-11	0.0	0.1
1.909345e-11	1.0000000547	0.1	1.909345e-11	0.0	0.1	1.909345e-11	0.0	0.1	1.909345e-11	0.0	0.1	1.909345e-11	0.0	0.1	1.909345e-11	0.0	0.1	1.909345e-11	0.0	0.1	1.909345e-11	0.0	0.1	1.909345e-11	0.0	0.1	1.909345e-11	0.0	0.1	1.909345e-11	0.0	0.1
1.977402e-11	1.0000000294	0.1	1.977402e-11	0.0	0.1	1.977402e-11	0.0	0.1	1.977402e-11	0.0	0.1	1.977402e-11	0.0	0.1	1.977402e-11	0.0	0.1	1.977402e-11	0.0	0.1	1.977402e-11	0.0	0.1	1.977402e-11	0.0	0.1	1.977402e-11	0.0	0.1	1.977402e-11	0.0	0.1
2.057018e-11	1.0000000405	0.1	2.057018e-11	0.0	0.1	2.057018e-11	0.0	0.1	2.057018e-11	0.0	0.1	2.057018e-11	0.0	0.1	2.057018e-11	0.0	0.1	2.057018e-11	0.0	0.1	2.057018e-11	0.0	0.1	2.057018e-11	0.0	0.1	2.057018e-11	0.0	0.1	2.057018e-11	0.0	0.1
2.139524e-11	0.9999999604	0.1	2.139524e-11	0.0	0.1	2.139524e-11	0.0	0.1	2.139524e-11	0.0	0.1	2.139524e-11	0.0	0.1	2.139524e-11	0.0	0.1	2.139524e-11	0.0	0.1	2.139524e-11	0.0	0.1	2.139524e-11	0.0	0.1	2.139524e-11	0.0	0.1	2.139524e-11	0.0	0.1
2.222029e-11	1.0000001029	0.1	2.222029e-11	0.0	0.1	2.222029e-11	0.0	0.1	2.222029e-11	0.0	0.1	2.222029e-11	0.0	0.1	2.222029e-11	0.0	0.1	2.222029e-11	0.0	0.1	2.222029e-11	0.0	0.1	2.222029e-11	0.0	0.1	2.222029e-11	0.0	0.1	2.222029e-11	0.0	0.1
2.318772e-11	1.000000082	0.1	2.318772e-11	0.0	0.1	2.318772e-11	0.0	0.1	2.318772e-11	0.0	0.1	2.318772e-11	0.0	0.1	2.318772e-11	0.0	0.1	2.318772e-11	0.0	0.1	2.318772e-11	0.0	0.1	2.318772e-11	0.0	0.1	2.318772e-11	0.0	0.1	2.318772e-11	0.0	0.1
2.419074e-11	1.0000000489	0.1	2.419074e-11	0.0	0.1	2.419074e-11	0.0	0.1	2.419074e-11	0.0	0.1	2.419074e-11	0.0	0.1	2.419074e-11	0.0	0.1	2.419074e-11	0.0	0.1	2.419074e-11	0.0	0.1	2.419074e-11	0.0	0.1	2.419074e-11	0.0	0.1	2.419074e-11	0.0	0.1
2.527538e-11	0.9999999567	0.1	2.527538e-11	0.0	0.1	2.527538e-11	0.0	0.1	2.527538e-11	0.0	0.1	2.527538e-11	0.0	0.1	2.527538e-11	0.0	0.1	2.527538e-11	0.0	0.1	2.527538e-11	0.0	0.1	2.527538e-11	0.0	0.1	2.527538e-11	0.0	0.1	2.527538e-11	0.0	0.1
2.648246e-11	1.0000000386	0.1	2.648246e-11	0.0	0.1	2.648246e-11	0.0	0.1	2.648246e-11	0.0	0.1	2.648246e-11	0.0	0.1	2.648246e-11	0.0	0.1	2.648246e-11	0.0	0.1	2.648246e-11	0.0	0.1	2.648246e-11	0.0	0.1	2.648246e-11	0.0	0.1	2.648246e-11	0.0	0.1
2.77915e-11	0.9999999712	0.1	2.77915e-11	0.0	0.1	2.77915e-11	0.0	0.1	2.77915e-11	0.0	0.1	2.77915e-11	0.0	0.1	2.77915e-11	0.0	0.1	2.77915e-11	0.0	0.1	2.77915e-11	0.0	0.1	2.77915e-11	0.0	0.1	2.77915e-11	0.0	0.1	2.77915e-11	0.0	0.1
2.92535e-11	0.9999999418	0.1	2.92535e-11	0.0	0.1	2.92535e-11	0.0	0.1	2.92535e-11	0.0	0.1	2.92535e-11	0.0	0.1	2.92535e-11	0.0	0.1	2.92535e-11	0.0	0.1	2.92535e-11	0.0	0.1	2.92535e-11	0.0	0.1	2.92535e-11	0.0	0.1	2.92535e-11	0.0	0.1
3.090253e-11	0.9999999254	0.1	3.090253e-11	0.0	0.1	3.090253e-11	0.0	0.1	3.090253e-11	0.0	0.1	3.090253e-11	0.0	0.1	3.090253e-11	0.0	0.1	3.090253e-11	0.0	0.1	3.090253e-11	0.0	0.1	3.090253e-11	0.0	0.1	3.090253e-11	0.0	0.1	3.090253e-11	0.0	0.1
3.274915e-11	1.0000000681	0.1	3.274915e-11	0.0	0.1	3.274915e-11	0.0	0.1	3.274915e-11	0.0	0.1	3.274915e-11	0.0	0.1	3.274915e-11	0.0	0.1	3.274915e-11	0.0	0.1	3.274915e-11	0.0	0.1	3.274915e-11	0.0	0.1	3.274915e-11	0.0	0.1	3.274915e-11	0.0	0.1
3.488731e-11	1.0000001216	0.1	3.488731e-11	0.0	0.1	3.488731e-11	0.0	0.1	3.488731e-11	0.0	0.1	3.488731e-11	0.0	0.1	3.488731e-11	0.0	0.1	3.488731e-11	0.0	0.1	3.488731e-11	0.0	0.1	3.488731e-11	0.0	0.1	3.488731e-11	0.0	0.1	3.488731e-11	0.0	0.1
3.743841e-11	0.9999999412	0.1	3.743841e-11	0.0	0.1	3.743841e-11	0.0	0.1	3.743841e-11	0.0	0.1	3.743841e-11	0.0	0.1	3.743841e-11	0.0	0.1	3.743841e-11	0.0	0.1	3.743841e-11	0.0	0.1	3.743841e-11	0.0	0.1	3.743841e-11	0.0	0.1	3.743841e-11	0.0	0.1
4.035167e-11	0.9999999680999999	0.1	4.035167e-11	0.0	0.1	4.035167e-11	0.0	0.1	4.035167e-11	0.0	0.1	4.035167e-11	0.0	0.1	4.035167e-11	0.0	0.1	4.035167e-11	0.0	0.1	4.035167e-11	0.0	0.1	4.035167e-11	0.0	0.1	4.035167e-11	0.0	0.1	4.035167e-11	0.0	0.1
4.365331e-11	1.0000000410999998	0.1	4.365331e-11	0.0	0.1	4.365331e-11	0.0	0.1	4.365331e-11	0.0	0.1	4.365331e-11	0.0	0.1	4.365331e-11	0.0	0.1	4.365331e-11	0.0	0.1	4.365331e-11	0.0	0.1	4.365331e-11	0.0	0.1	4.365331e-11	0.0	0.1	4.365331e-11	0.0	0.1
4.695495e-11	0.9999998774000001	0.1	4.695495e-11	0.0	0.1	4.695495e-11	0.0	0.1	4.695495e-11	0.0	0.1	4.695495e-11	0.0	0.1	4.695495e-11	0.0	0.1	4.695495e-11	0.0	0.1	4.695495e-11	0.0	0.1	4.695495e-11	0.0	0.1	4.695495e-11	0.0	0.1	4.695495e-11	0.0	0.1
5.025659e-11	1.0000000175000001	0.1	5.025659e-11	0.0	0.1	5.025659e-11	0.0	0.1	5.025659e-11	0.0	0.1	5.025659e-11	0.0	0.1	5.025659e-11	0.0	0.1	5.025659e-11	0.0	0.1	5.025659e-11	0.0	0.1	5.025659e-11	0.0	0.1	5.025659e-11	0.0	0.1	5.025659e-11	0.0	0.1
5.355823e-11	1.0000000570999998	0.1	5.355823e-11	0.0	0.1	5.355823e-11	0.0	0.1	5.355823e-11	0.0	0.1	5.355823e-11	0.0	0.1	5.355823e-11	0.0	0.1	5.355823e-11	0.0	0.1	5.355823e-11	0.0	0.1	5.355823e-11	0.0	0.1	5.355823e-11	0.0	0.1	5.355823e-11	0.0	0.1
5.685987e-11	1.0000000373	0.1	5.685987e-11	0.0	0.1	5.685987e-11	0.0	0.1	5.685987e-11	0.0	0.1	5.685987e-11	0.0	0.1	5.685987e-11	0.0	0.1	5.685987e-11	0.0	0.1	5.685987e-11	0.0	0.1	5.685987e-11	0.0	0.1	5.685987e-11	0.0	0.1	5.685987e-11	0.0	0.1
6.016151e-11	1.0000000253999999	0.1	6.016151e-11	0.0	0.1	6.016151e-11	0.0	0.1	6.016151e-11	0.0	0.1	6.016151e-11	0.0	0.1	6.016151e-11	0.0	0.1	6.016151e-11	0.0	0.1	6.016151e-11	0.0	0.1	6.016151e-11	0.0	0.1	6.016151e-11	0.0	0.1	6.016151e-11	0.0	0.1
6.346315e-11	1.0000000553000001	0.1	6.346315e-11	0.0	0.1	6.346315e-11	0.0	0.1	6.346315e-11	0.0	0.1	6.346315e-11	0.0	0.1	6.346315e-11	0.0	0.1	6.346315e-11	0.0	0.1	6.346315e-11	0.0	0.1	6.346315e-11	0.0	0.1	6.346315e-11	0.0	0.1	6.346315e-11	0.0	0.1
6.676479e-11	1.0000000178	0.1	6.676479e-11	0.0	0.1	6.676479e-11	0.0	0.1	6.676479e-11	0.0	0.1	6.676479e-11	0.0	0.1	6.676479e-11	0.0	0.1	6.676479e-11	0.0	0.1	6.676479e-11	0.0	0.1	6.676479e-11	0.0	0.1	6.676479e-11	0.0	0.1	6.676479e-11	0.0	0.1
7.006643e-11	0.9999999513	0.1	7.006643e-11	0.0	0.1	7.006643e-11	0.0	0.1	7.006643e-11	0.0	0.1	7.006643e-11	0.0	0.1	7.006643e-11	0.0	0.1	7.006643e-11	0.0	0.1	7.006643e-11	0.0	0.1	7.006643e-11	0.0	0.1	7.006643e-11	0.0	0.1	7.006643e-11	0.0	0.1
7.336807e-11	0.9999999317999999	0.1	7.336807e-11	0.0	0.1	7.336807e-11	0.0	0.1	7.336807e-11	0.0	0.1	7.336807e-11	0.0	0.1	7.336807e-11	0.0	0.1	7.336807e-11	0.0	0.1	7.336807e-11	0.0	0.1	7.336807e-11	0.0	0.1	7.336807e-11	0.0	0.1	7.336807e-11	0.0	0.1
7.733949e-11	1.0000000825	0.1	7.733949e-11	0.0	0.1	7.733949e-11	0.0	0.1	7.733949e-11	0.0	0.1	7.733949e-11	0.0	0.1	7.733949e-11	0.0	0.1	7.733949e-11	0.0	0.1	7.733949e-11	0.0	0.1	7.733949e-11	0.0	0.1	7.733949e-11	0.0	0.1	7.733949e-11	0.0	0.1
8.131091e-11	0.9999999967	0.1	8.131091e-11	0.0	0.1	8.131091e-11	0.0	0.1	8.131091e-11	0.0	0.1	8.131091e-11	0.0	0.1	8.131091e-11	0.0	0.1	8.131091e-11	0.0	0.1	8.131091e-11	0.0	0.1	8.131091e-11	0.0	0.1	8.131091e-11	0.0	0.1	8.131091e-11	0.0	0.1
8.528234e-11	1.0000000824000002	0.1	8.528234e-11	0.0	0.1	8.528234e-11	0.0	0.1	8.528234e-11	0.0	0.1	8.528234e-11	0.0	0.1	8.528234e-11	0.0	0.1	8.528234e-11	0.0	0.1	8.528234e-11	0.0	0.1	8.528234e-11	0.0	0.1	8.528234e-11	0.0	0.1	8.528234e-11	0.0	0.1
8.925376e-11	0.9999999951999999	0.1	8.925376e-11	0.0	0.1	8.925376e-11	0.0	0.1	8.925376e-11	0.0	0.1	8.925376e-11	0.0	0.1	8.925376e-11	0.0	0.1	8.925376e-11	0.0	0.1	8.925376e-11	0.0	0.1	8.925376e-11	0.0	0.1	8.925376e-11	0.0	0.1	8.925376e-11	0.0	0.1
9.322518e-11	0.9999999882999999	0.1	9.322518e-11	0.0	0.1	9.322518e-11	0.0	0.1	9.322518e-11	0.0	0.1	9.322518e-11	0.0	0.1	9.322518e-11	0.0	0.1	9.322518e-11	0.0	0.1	9.322518e-11	0.0	0.1	9.322518e-11	0.0	0.1	9.322518e-11	0.0	0.1	9.322518e-11	0.0	0.1
9.71966e-11	0.9999999931000001	0.1	9.71966e-11	0.0	0.1	9.71966e-11	0.0	0.1	9.71966e-11	0.0	0.1	9.71966e-11	0.0	0.1	9.71966e-11	0.0	0.1	9.71966e-11	0.0	0.1	9.71966e-11	0.0	0.1	9.71966e-11	0.0	0.1	9.71966e-11	0.0	0.1	9.71966e-11	0.0	0.1
1.01168e-10	0.9999999994	0.1	1.01168e-10	0.0	0.1	1.01168e-10	0.0	0.1	1.01168e-10	0.0	0.1	1.01168e-10	0.0	0.1	1.01168e-10	0.0	0.1	1.01168e-10	0.0	0.1	1.01168e-10	0.0	0.1	1.01168e-10	0.0	0.1	1.01168e-10	0.0	0.1	1.01168e-10	0.0	0.1
1.051394e-10	1.0000000654	0.1	1.051394e-10	0.0	0.1	1.051394e-10	0.0	0.1	1.051394e-10	0.0	0.1	1.051394e-10	0.0	0.1	1.051394e-10	0.0	0.1	1.051394e-10	0.0	0.1	1.051394e-10	0.0	0.1	1.051394e-10	0.0	0.1	1.051394e-10	0.0	0.1	1.051394e-10	0.0	0.1
1.095992e-10	1.0000000007	0.1	1.095992e-10	0.0	0.1	1.095992e-10	0.0	0.1	1.095992e-10	0.0	0.1	1.095992e-10	0.0	0.1	1.095992e-10	0.0	0.1	1.095992e-10	0.0	0.1	1.095992e-10	0.0	0.1	1.095992e-10	0.0	0.1	1.095992e-10	0.0	0.1	1.095992e-10	0.0	0.1
1.143845e-10	0.9999999649	0.1	1.143845e-10	0.0	0.1	1.143845e-10	0.0	0.1	1.143845e-10	0.0	0.1	1.143845e-10	0.0	0.1	1.143845e-10	0.0	0.1	1.143845e-10	0.0	0.1	1.143845e-10	0.0	0.1	1.143845e-10	0.0	0.1	1.143845e-10	0.0	0.1	1.143845e-10	0.0	0.1
1.191698e-10	0.9999999714	0.1	1.191698e-10	0.0	0.1	1.191698e-10	0.0	0.1	1.191698e-10	0.0	0.1	1.191698e-10	0.0	0.1	1.191698e-10	0.0	0.1	1.191698e-10	0.0	0.1	1.191698e-10	0.0	0.1	1.191698e-10	0.0	0.1	1.191698e-10	0.0	0.1	1.191698e-10	0.0	0.1
1.239551e-10	1.0000000376	0.1	1.239551e-10	0.0	0.1	1.239551e-10	0.0	0.1	1.239551e-10	0.0	0.1	1.239551e-10	0.0	0.1	1.239551e-10	0.0	0.1	1.239551e-10	0.0	0.1	1.239551e-10	0.0	0.1	1.239551e-10	0.0	0.1	1.239551e-10	0.0	0.1	1.239551e-10	0.0	0.1
1.287404e-10	1.0000000199999999	0.1	1.287404e-10	0.0	0.1	1.287404e-10	0.0	0.1	1.287404e-10	0.0	0.1	1.287404e-10	0.0	0.1	1.287404e-10	0.0	0.1	1.287404e-10	0.0	0.1	1.287404e-10	0.0	0.1	1.287404e-10	0.0	0.1	1.287404e-10	0.0	0.1	1.287404e-10	0.0	0.1
1.335257e-10	0.9999999841	0.1	1.335257e-10	0.0	0.1	1.335257e-10	0.0	0.1	1.335257e-10	0.0	0.1	1.335257e-10	0.0	0.1	1.335257e-10	0.0	0.1	1.335257e-10	0.0	0.1	1.335257e-10	0.0	0.1	1.335257e-10	0.0	0.1	1.335257e-10	0.0	0.1	1.335257e-10	0.0	0.1
1.388884e-10	1.0000000046	0.1	1.388884e-10	0.0	0.1	1.388884e-10	0.0	0.1	1.388884e-10	0.0	0.1	1.388884e-10	0.0	0.1	1.388884e-10	0.0	0.1	1.388884e-10	0.0	0.1	1.388884e-10	0.0	0.1	1.388884e-10	0.0	0.1	1.388884e-10	0.0	0.1	1.388884e-10	0.0	0.1
1.44636e-10	1.0000000122	0.1	1.44636e-10	0.0	0.1	1.44636e-10	0.0	0.1	1.44636e-10	0.0	0.1	1.44636e-10	0.0	0.1	1.44636e-10	0.0	0.1	1.44636e-10	0.0	0.1	1.44636e-10	0.0	0.1	1.44636e-10	0.0	0.1	1.44636e-10	0.0	0.1	1.44636e-10	0.0	0.1
1.503836e-10	0.9999999929	0.1	1.503836e-10	0.0	0.1	1.503836e-10	0.0	0.1	1.503836e-10	0.0	0.1	1.503836e-10	0.0	0.1	1.503836e-10	0.0	0.1	1.503836e-10	0.0	0.1	1.503836e-10	0.0	0.1	1.503836e-10	0.0	0.1	1.503836e-10	0.0	0.1	1.503836e-10	0.0	0.1
1.561312e-10	0.9999999614	0.1	1.561312e-10	0.0	0.1	1.561312e-10	0.0	0.1	1.561312e-10	0.0	0.1	1.561312e-10	0.0	0.1	1.561312e-10	0.0	0.1	1.561312e-10	0.0	0.1	1.561312e-10	0.0	0.1	1.561312e-10	0.0	0.1	1.561312e-10	0.0	0.1	1.561312e-10	0.0	0.1
1.618788e-10	0.9999999616	0.1	1.618788e-10	0.0	0.1	1.618788e-10	0.0	0.1	1.618788e-10	0.0	0.1	1.618788e-10	0.0	0.1	1.618788e-10	0.0	0.1	1.618788e-10	0.0	0.1	1.618788e-10	0.0	0.1	1.618788e-10	0.0	0.1	1.618788e-10	0.0	0.1	1.618788e-10	0.0	0.1
1.685497e-10	1.0000000656	0.1	1.685497e-10	0.0	0.1	1.685497e-10	0.0	0.1	1.685497e-10	0.0	0.1	1.685497e-10	0.0	0.1	1.685497e-10	0.0	0.1	1.685497e-10	0.0	0.1	1.685497e-10	0.0	0.1	1.685497e-10	0.0	0.1	1.685497e-10	0.0	0.1	1.685497e-10	0.0	0.1
1.754514e-10	0.9999999289000001	0.1	1.754514e-10	0.0	0.1	1.754514e-10	0.0	0.1	1.754514e-10	0.0	0.1	1.754514e-10	0.0	0.1	1.754514e-10	0.0	0.1	1.754514e-10	0.0	0.1	1.754514e-10	0.0	0.1	1.754514e-10	0.0	0.1	1.754514e-10	0.0	0.1	1.754514e-10	0.0	0.1
1.823531e-10	0.9999999647	0.1	1.823531e-10	0.0	0.1	1.823531e-10	0.0	0.1	1.823531e-10	0.0	0.1	1.823531e-10	0.0	0.1	1.823531e-10	0.0	0.1	1.823531e-10	0.0	0.1	1.823531e-10	0.0	0.1	1.823531e-10	0.0	0.1	1.823531e-10	0.0	0.1	1.823531e-10	0.0	0.1
1.892548e-10	0.9999999363000001	0.1	1.892548e-10	0.0	0.1	1.892548e-10	0.0	0.1	1.892548e-10	0.0	0.1	1.892548e-10	0.0	0.1	1.892548e-10	0.0	0.1	1.892548e-10	0.0	0.1	1.892548e-10	0.0	0.1	1.892548e-10	0.0	0.1	1.892548e-10	0.0	0.1	1.892548e-10	0.0	0.1
1.972828e-10	1.0000000472	0.1	1.972828e-10	0.0	0.1	1.972828e-10	0.0	0.1	1.972828e-10	0.0	0.1	1.972828e-10	0.0	0.1	1.972828e-10	0.0	0.1	1.972828e-10	0.0	0.1	1.972828e-10	0.0	0.1	1.972828e-10	0.0	0.1	1.972828e-10	0.0	0.1	1.972828e-10	0.0	0.1
2.055924e-10	0.9999999997	0.1	2.055924e-10	0.0	0.1	2.055924e-10	0.0	0.1	2.055924e-10	0.0	0.1	2.055924e-10	0.0	0.1	2.055924e-10	0.0	0.1	2.055924e-10	0.0	0.1	2.055924e-10	0.0	0.1	2.055924e-10	0.0	0.1	2.055924e-10	0.0	0.1	2.055924e-10	0.0	0.1
2.13902e-10	0.9999999986	0.1	2.13902e-10	0.0	0.1	2.13902e-10	0.0	0.1	2.13902e-10	0.0	0.1	2.13902e-10	0.0	0.1	2.13902e-10	0.0	0.1	2.13902e-10	0.0	0.1	2.13902e-10	0.0	0.1	2.13902e-10	0.0	0.1	2.13902e-10	0.0	0.1	2.13902e-10	0.0	0.1
2.229093e-10	1.0000000099	0.1	2.229093e-10	0.0	0.1	2.229093e-10	0.0	0.1	2.229093e-10	0.0	0.1	2.229093e-10	0.0	0.1	2.229093e-10	0.0	0.1	2.229093e-10	0.0	0.1	2.229093e-10	0.0	0.1	2.229093e-10	0.0	0.1	2.229093e-10	0.0	0.1	2.229093e-10	0.0	0.1
2.329632e-10	1.0000000874000001	0.1	2.329632e-10	0.0	0.1	2.329632e-10	0.0	0.1	2.329632e-10	0.0	0.1	2.329632e-10	0.0	0.1	2.329632e-10	0.0	0.1	2.329632e-10	0.0	0.1	2.329632e-10	0.0	0.1	2.329632e-10	0.0	0.1	2.329632e-10	0.0	0.1	2.329632e-10	0.0	0.1
2.43017e-10	0.9999999221	0.1	2.43017e-10	0.0	0.1	2.43017e-10	0.0	0.1	2.43017e-10	0.0	0.1	2.43017e-10	0.0	0.1	2.43017e-10	0.0	0.1	2.43017e-10	0.0	0.1	2.43017e-10	0.0	0.1	2.43017e-10	0.0	0.1	2.43017e-10	0.0	0.1	2.43017e-10	0.0	0.1
2.543263e-10	0.9999999727	0.1	2.543263e-10	0.0	0.1	2.543263e-10	0.0	0.1	2.543263e-10	0.0	0.1	2.543263e-10	0.0	0.1	2.543263e-10	0.0	0.1	2.543263e-10	0.0	0.1	2.543263e-10	0.0	0.1	2.543263e-10	0.0	0.1	2.543263e-10	0.0	0.1	2.543263e-10	0.0	0.1
2.664725e-10	0.9999999807	0.1	2.664725e-10	0.0	0.1	2.664725e-10	0.0	0.1	2.664725e-10	0.0	0.1	2.664725e-10	0.0	0.1	2.664725e-10	0.0	0.1	2.664725e-10	0.0	0.1	2.664725e-10	0.0	0.1	2.664725e-10	0.0	0.1	2.664725e-10	0.0	0.1	2.664725e-10	0.0	0.1
2.791098e-10	0.9999999624	0.1	2.791098e-10	0.0	0.1	2.791098e-10	0.0	0.1	2.791098e-10	0.0	0.1	2.791098e-10	0.0	0.1	2.791098e-10	0.0	0.1	2.791098e-10	0.0	0.1	2.791098e-10	0.0	0.1	2.791098e-10	0.0	0.1	2.791098e-10	0.0	0.1	2.791098e-10	0.0	0.1
2.937117e-10	0.9999999897	0.1	2.937117e-10	0.0	0.1	2.937117e-10	0.0	0.1	2.937117e-10	0.0	0.1	2.937117e-10	0.0	0.1	2.937117e-10	0.0	0.1	2.937117e-10	0.0	0.1	2.937117e-10	0.0	0.1	2.937117e-10	0.0	0.1	2.937117e-10	0.0	0.1	2.937117e-10	0.0	0.1
3.083136e-10	0.9999999662	0.1	3.083136e-10	0.0	0.1	3.083136e-10	0.0	0.1	3.083136e-10	0.0	0.1	3.083136e-10	0.0	0.1	3.083136e-10	0.0	0.1	3.083136e-10	0.0	0.1	3.083136e-10	0.0	0.1	3.083136e-10	0.0	0.1	3.083136e-10	0.0	0.1	3.083136e-10	0.0	0.1
3.229155e-10	1.0000000257	0.1	3.229155e-10	0.0	0.1	3.229155e-10	0.0	0.1	3.229155e-10	0.0	0.1	3.229155e-10	0.0	0.1	3.229155e-10	0.0	0.1	3.229155e-10	0.0	0.1	3.229155e-10	0.0	0.1	3.229155e-10	0.0	0.1	3.229155e-10	0.0	0.1	3.229155e-10	0.0	0.1
3.405238e-10	0.9999999432	0.1	3.405238e-10	0.0	0.1	3.405238e-10	0.0	0.1	3.405238e-10	0.0	0.1	3.405238e-10	0.0	0.1	3.405238e-10	0.0	0.1	3.405238e-10	0.0	0.1	3.405238e-10	0.0	0.1	3.405238e-10	0.0	0.1	3.405238e-10	0.0	0.1	3.405238e-10	0.0	0.1
3.581321e-10	0.9999999844999999	0.1	3.581321e-10	0.0	0.1	3.581321e-10	0.0	0.1	3.581321e-10	0.0	0.1	3.581321e-10	0.0	0.1	3.581321e-10	0.0	0.1	3.581321e-10	0.0	0.1	3.581321e-10	0.0	0.1	3.581321e-10	0.0	0.1	3.581321e-10	0.0	0.1	3.581321e-10	0.0	0.1
3.757404e-10	1.0000000131	0.1	3.757404e-10	0.0	0.1	3.757404e-10	0.0	0.1	3.757404e-10	0.0	0.1	3.757404e-10	0.0	0.1	3.757404e-10	0.0	0.1	3.757404e-10	0.0	0.1	3.757404e-10	0.0	0.1	3.757404e-10	0.0	0.1	3.757404e-10	0.0	0.1	3.757404e-10	0.0	0.1
3.933487e-10	0.9999999816	0.1	3.933487e-10	0.0	0.1	3.933487e-10	0.0	0.1	3.933487e-10	0.0	0.1	3.933487e-10	0.0	0.1	3.933487e-10	0.0	0.1	3.933487e-10	0.0	0.1	3.933487e-10	0.0	0.1	3.933487e-10	0.0	0.1	3.933487e-10	0.0	0.1	3.933487e-10	0.0	0.1
4.10957e-10	1.0000000321	0.1	4.10957e-10	0.0	0.1	4.10957e-10	0.0	0.1	4.10957e-10	0.0	0.1	4.10957e-10	0.0	0.1	4.10957e-10	0.0	0.1	4.10957e-10	0.0	0.1	4.10957e-10	0.0	0.1	4.10957e-10	0.0	0.1	4.10957e-10	0.0	0.1	4.10957e-10	0.0	0.1
4.315076e-10	0.9999999898	0.1	4.315076e-10	0.0	0.1	4.315076e-10	0.0	0.1	4.315076e-10	0.0	0.1	4.315076e-10	0.0	0.1	4.315076e-10	0.0	0.1	4.315076e-10	0.0	0.1	4.315076e-10	0.0	0.1	4.315076e-10	0.0	0.1	4.315076e-10	0.0	0.1	4.315076e-10	0.0	0.1
4.527937e-10	1.0000000715	0.1	4.527937e-10	0.0	0.1	4.527937e-10	0.0	0.1	4.527937e-10	0.0	0.1	4.527937e-10	0.0	0.1	4.527937e-10	0.0	0.1	4.527937e-10	0.0	0.1	4.527937e-10	0.0	0.1	4.527937e-10	0.0	0.1	4.527937e-10	0.0	0.1	4.527937e-10	0.0	0.1
