Batch	m_SP	13	W5	W1	W2	W3	W4	W6	R	P1	P2	P3	P4	P5	P6																							
8.017403e-11	0.9885818	0.1	8.017403e-11	0.0005941672	0.1	8.017403e-11	2.078189e-10	0.1	8.017403e-11	8.268699e-11	0.1	8.017403e-11	0.01082357	0.1	8.017403e-11	9.481436e-08	0.1	8.017403e-11	1.965606e-08	0.1	8.017403e-11	2.752015e-08	0.1	8.017403e-11	1.275745e-07	0.1	8.017403e-11	2.133276e-08	0.1	8.017403e-11	6.40703e-14	0.1	8.017403e-11	4.746348e-09	0.1	8.017403e-11	8.09894e-15	0.1
1.427712e-10	0.979888	0.1	1.427712e-10	0.001055574	0.1	1.427712e-10	3.703084e-10	0.1	1.427712e-10	1.473965e-10	0.1	1.427712e-10	0.01905553	0.1	1.427712e-10	1.691291e-07	0.1	1.427712e-10	3.502145e-08	0.1	1.427712e-10	4.903537e-08	0.1	1.427712e-10	2.273154e-07	0.1	1.427712e-10	3.79977e-08	0.1	1.427712e-10	1.141106e-13	0.1	1.427712e-10	8.452241e-09	0.1	1.427712e-10	1.442428e-14	0.1
2.234257e-10	0.9689649	0.1	2.234257e-10	0.001646146	0.1	2.234257e-10	5.799655e-10	0.1	2.234257e-10	2.30968e-10	0.1	2.234257e-10	0.02938755	0.1	2.234257e-10	2.652451e-07	0.1	2.234257e-10	5.484327e-08	0.1	2.234257e-10	7.67938e-08	0.1	2.234257e-10	3.56001e-07	0.1	2.234257e-10	5.948179e-08	0.1	2.234257e-10	1.786084e-13	0.1	2.234257e-10	1.322739e-08	0.1	2.234257e-10	2.257693e-14	0.1
3.287786e-10	0.9551557	0.1	3.287786e-10	0.002409707	0.1	3.287786e-10	8.543137e-10	0.1	3.287786e-10	3.404637e-10	0.1	3.287786e-10	0.04243254	0.1	3.287786e-10	3.913971e-07	0.1	3.287786e-10	8.077537e-08	0.1	3.287786e-10	1.131146e-07	0.1	3.287786e-10	5.243815e-07	0.1	3.287786e-10	8.756491e-08	0.1	3.287786e-10	2.628973e-13	0.1	3.287786e-10	1.946532e-08	0.1	3.287786e-10	3.323081e-14	0.1
4.919174e-10	0.9347565	0.1	4.919174e-10	0.003571325	0.1	4.919174e-10	1.280201e-09	0.1	4.919174e-10	5.107643e-10	0.1	4.919174e-10	0.06166915	0.1	4.919174e-10	5.880485e-07	0.1	4.919174e-10	1.210204e-07	0.1	4.919174e-10	1.694953e-07	0.1	4.919174e-10	7.857484e-07	0.1	4.919174e-10	1.310965e-07	0.1	4.919174e-10	3.935146e-13	0.1	4.919174e-10	2.912624e-08	0.1	4.919174e-10	4.973925e-14	0.1
6.550563e-10	0.9154942	0.1	6.550563e-10	0.004703805	0.1	6.550563e-10	1.707321e-09	0.1	6.550563e-10	6.819752e-10	0.1	6.550563e-10	0.07979794	0.1	6.550563e-10	7.862228e-07	0.1	6.550563e-10	1.613719e-07	0.1	6.550563e-10	2.26042e-07	0.1	6.550563e-10	1.047857e-06	0.1	6.550563e-10	1.746824e-07	0.1	6.550563e-10	5.242556e-13	0.1	6.550563e-10	3.878941e-08	0.1	6.550563e-10	6.626148e-14	0.1
8.900928e-10	0.8896141	0.1	8.900928e-10	0.006277402	0.1	8.900928e-10	2.324717e-09	0.1	8.900928e-10	9.302442e-10	0.1	8.900928e-10	0.1041029	0.1	8.900928e-10	1.074272e-06	0.1	8.900928e-10	2.196886e-07	0.1	8.900928e-10	3.077964e-07	0.1	8.900928e-10	1.426729e-06	0.1	8.900928e-10	2.375705e-07	0.1	8.900928e-10	7.12846e-13	0.1	8.900928e-10	5.271593e-08	0.1	8.900928e-10	9.00902e-14	0.1
1.125129e-09	0.8657853	0.1	1.125129e-09	0.007776422	0.1	1.125129e-09	2.944337e-09	0.1	1.125129e-09	1.180403e-09	0.1	1.125129e-09	0.1264312	0.1	1.125129e-09	1.365135e-06	0.1	1.125129e-09	2.782119e-07	0.1	1.125129e-09	3.898815e-07	0.1	1.125129e-09	1.806992e-06	0.1	1.125129e-09	3.005647e-07	0.1	1.125129e-09	9.017185e-13	0.1	1.125129e-09	6.664849e-08	0.1	1.125129e-09	1.139485e-13	0.1
1.360166e-09	0.8438446	0.1	1.360166e-09	0.00919681	0.1	1.360166e-09	3.565977e-09	0.1	1.360166e-09	1.432442e-09	0.1	1.360166e-09	0.14695	0.1	1.360166e-09	1.658618e-06	0.1	1.360166e-09	3.369317e-07	0.1	1.360166e-09	4.722875e-07	0.1	1.360166e-09	2.188553e-06	0.1	1.360166e-09	3.636591e-07	0.1	1.360166e-09	1.09088e-12	0.1	1.360166e-09	8.058736e-08	0.1	1.360166e-09	1.378362e-13	0.1
1.595203e-09	0.823642	0.1	1.595203e-09	0.01053682	0.1	1.595203e-09	4.189431e-09	0.1	1.595203e-09	1.686348e-09	0.1	1.595203e-09	0.1658112	0.1	1.595203e-09	1.954539e-06	0.1	1.595203e-09	3.958378e-07	0.1	1.595203e-09	5.550039e-07	0.1	1.595203e-09	2.571317e-06	0.1	1.595203e-09	4.268469e-07	0.1	1.595203e-09	1.280333e-12	0.1	1.595203e-09	9.453249e-08	0.1	1.595203e-09	1.617523e-13	0.1
1.830239e-09	0.8050394	0.1	1.830239e-09	0.01179642	0.1	1.830239e-09	4.814497e-09	0.1	1.830239e-09	1.942107e-09	0.1	1.830239e-09	0.1831526	0.1	1.830239e-09	2.252724e-06	0.1	1.830239e-09	4.549195e-07	0.1	1.830239e-09	6.380199e-07	0.1	1.830239e-09	2.95519e-06	0.1	1.830239e-09	4.901205e-07	0.1	1.830239e-09	1.470078e-12	0.1	1.830239e-09	1.084836e-07	0.1	1.830239e-09	1.856957e-13	0.1
2.065276e-09	0.78791	0.1	2.065276e-09	0.01297687	0.1	2.065276e-09	5.440979e-09	0.1	2.065276e-09	2.199699e-09	0.1	2.065276e-09	0.1991001	0.1	2.065276e-09	2.553012e-06	0.1	2.065276e-09	5.141662e-07	0.1	2.065276e-09	7.213248e-07	0.1	2.065276e-09	3.340079e-06	0.1	2.065276e-09	5.534721e-07	0.1	2.065276e-09	1.660113e-12	0.1	2.065276e-09	1.224403e-07	0.1	2.065276e-09	2.09665e-13	0.1
2.300312e-09	0.7721367	0.1	2.300312e-09	0.01408035	0.1	2.300312e-09	6.068689e-09	0.1	2.300312e-09	2.459105e-09	0.1	2.300312e-09	0.2137684	0.1	2.300312e-09	2.85525e-06	0.1	2.300312e-09	5.735674e-07	0.1	2.300312e-09	8.049081e-07	0.1	2.300312e-09	3.725892e-06	0.1	2.300312e-09	6.168934e-07	0.1	2.300312e-09	1.850432e-12	0.1	2.300312e-09	1.36402e-07	0.1	2.300312e-09	2.336586e-13	0.1
2.574326e-09	0.7553171	0.1	2.574326e-09	0.01527341	0.1	2.574326e-09	6.801804e-09	0.1	2.574326e-09	2.763795e-09	0.1	2.574326e-09	0.2293931	0.1	2.574326e-09	3.209883e-06	0.1	2.574326e-09	6.430008e-07	0.1	2.574326e-09	9.026903e-07	0.1	2.574326e-09	4.176736e-06	0.1	2.574326e-09	6.909092e-07	0.1	2.574326e-09	2.072667e-12	0.1	2.574326e-09	1.526844e-07	0.1	2.574326e-09	2.616595e-13	0.1
2.858084e-09	0.7395225	0.1	2.858084e-09	0.01640822	0.1	2.858084e-09	7.562202e-09	0.1	2.858084e-09	3.081858e-09	0.1	2.858084e-09	0.2440511	0.1	2.858084e-09	3.579498e-06	0.1	2.858084e-09	7.150937e-07	0.1	2.858084e-09	1.004318e-06	0.1	2.858084e-09	4.644667e-06	0.1	2.858084e-09	7.676313e-07	0.1	2.858084e-09	2.303198e-12	0.1	2.858084e-09	1.695509e-07	0.1	2.858084e-09	2.906857e-13	0.1
3.141841e-09	0.7252244	0.1	3.141841e-09	0.01744676	0.1	3.141841e-09	8.323556e-09	0.1	3.141841e-09	3.402469e-09	0.1	3.141841e-09	0.2573088	0.1	3.141841e-09	3.951314e-06	0.1	3.141841e-09	7.873642e-07	0.1	3.141841e-09	1.106304e-06	0.1	3.141841e-09	5.113533e-06	0.1	3.141841e-09	8.444148e-07	0.1	3.141841e-09	2.53412e-12	0.1	3.141841e-09	1.864212e-07	0.1	3.141841e-09	3.197387e-13	0.1
3.437392e-09	0.7117703	0.1	3.437392e-09	0.01843309	0.1	3.437392e-09	9.117288e-09	0.1	3.437392e-09	3.739079e-09	0.1	3.437392e-09	0.2697746	0.1	3.437392e-09	4.340717e-06	0.1	3.437392e-09	8.628105e-07	0.1	3.437392e-09	1.212895e-06	0.1	3.437392e-09	5.602732e-06	0.1	3.437392e-09	9.244398e-07	0.1	3.437392e-09	2.775043e-12	0.1	3.437392e-09	2.03995e-07	0.1	3.437392e-09	3.500246e-13	0.1
3.780114e-09	0.6978188	0.1	3.780114e-09	0.01946453	0.1	3.780114e-09	1.003829e-08	0.1	3.780114e-09	4.132785e-09	0.1	3.780114e-09	0.2826925	0.1	3.780114e-09	4.794738e-06	0.1	3.780114e-09	9.504977e-07	0.1	3.780114e-09	1.336947e-06	0.1	3.780114e-09	6.170908e-06	0.1	3.780114e-09	1.017282e-06	0.1	3.780114e-09	3.054924e-12	0.1	3.780114e-09	2.243749e-07	0.1	3.780114e-09	3.851721e-13	0.1
4.122835e-09	0.6854472	0.1	4.122835e-09	0.02038596	0.1	4.122835e-09	1.095957e-08	0.1	4.122835e-09	4.530062e-09	0.1	4.122835e-09	0.2941404	0.1	4.122835e-09	5.251146e-06	0.1	4.122835e-09	1.038377e-06	0.1	4.122835e-09	1.46146e-06	0.1	4.122835e-09	6.73985e-06	0.1	4.122835e-09	1.11015e-06	0.1	4.122835e-09	3.335334e-12	0.1	4.122835e-09	2.447537e-07	0.1	4.122835e-09	4.203449e-13	0.1
4.465557e-09	0.6744766	0.1	4.465557e-09	0.02120795	0.1	4.465557e-09	1.188077e-08	0.1	4.465557e-09	4.930862e-09	0.1	4.465557e-09	0.3042867	0.1	4.465557e-09	5.709695e-06	0.1	4.465557e-09	1.126428e-06	0.1	4.465557e-09	1.586418e-06	0.1	4.465557e-09	7.309366e-06	0.1	4.465557e-09	1.203023e-06	0.1	4.465557e-09	3.616261e-12	0.1	4.465557e-09	2.651291e-07	0.1	4.465557e-09	4.555383e-13	0.1
4.881526e-09	0.6628164	0.1	4.881526e-09	0.02208623	0.1	4.881526e-09	1.29983e-08	0.1	4.881526e-09	5.421993e-09	0.1	4.881526e-09	0.315066	0.1	4.881526e-09	6.268811e-06	0.1	4.881526e-09	1.2335e-06	0.1	4.881526e-09	1.738656e-06	0.1	4.881526e-09	8.001114e-06	0.1	4.881526e-09	1.315723e-06	0.1	4.881526e-09	3.95791e-12	0.1	4.881526e-09	2.898511e-07	0.1	4.881526e-09	4.982746e-13	0.1
5.297495e-09	0.6527385	0.1	5.297495e-09	0.0228488	0.1	5.297495e-09	1.411478e-08	0.1	5.297495e-09	5.918181e-09	0.1	5.297495e-09	0.3243786	0.1	5.297495e-09	6.830419e-06	0.1	5.297495e-09	1.340767e-06	0.1	5.297495e-09	1.891504e-06	0.1	5.297495e-09	8.69315e-06	0.1	5.297495e-09	1.428366e-06	0.1	5.297495e-09	4.300295e-12	0.1	5.297495e-09	3.145606e-07	0.1	5.297495e-09	5.410272e-13	0.1
5.713464e-09	0.6440281	0.1	5.713464e-09	0.02351022	0.1	5.713464e-09	1.522978e-08	0.1	5.713464e-09	6.419364e-09	0.1	5.713464e-09	0.3324247	0.1	5.713464e-09	7.394228e-06	0.1	5.713464e-09	1.448201e-06	0.1	5.713464e-09	2.044941e-06	0.1	5.713464e-09	9.385207e-06	0.1	5.713464e-09	1.54092e-06	0.1	5.713464e-09	4.643408e-12	0.1	5.713464e-09	3.392537e-07	0.1	5.713464e-09	5.837894e-13	0.1
6.214561e-09	0.6350897	0.1	6.214561e-09	0.02419096	0.1	6.214561e-09	1.657048e-08	0.1	6.214561e-09	7.02967e-09	0.1	6.214561e-09	0.3406791	0.1	6.214561e-09	8.075988e-06	0.1	6.214561e-09	1.577813e-06	0.1	6.214561e-09	2.230543e-06	0.1	6.214561e-09	1.021857e-05	0.1	6.214561e-09	1.676348e-06	0.1	6.214561e-09	5.057702e-12	0.1	6.214561e-09	3.689733e-07	0.1	6.214561e-09	6.353069e-13	0.1
6.715657e-09	0.6275912	0.1	6.715657e-09	0.02476343	0.1	6.715657e-09	1.790795e-08	0.1	6.715657e-09	7.647062e-09	0.1	6.715657e-09	0.3476018	0.1	6.715657e-09	8.760211e-06	0.1	6.715657e-09	1.7076e-06	0.1	6.715657e-09	2.416965e-06	0.1	6.715657e-09	1.105123e-05	0.1	6.715657e-09	1.811555e-06	0.1	6.715657e-09	5.473051e-12	0.1	6.715657e-09	3.98658e-07	0.1	6.715657e-09	6.868196e-13	0.1
7.216754e-09	0.6213006	0.1	7.216754e-09	0.02524453	0.1	7.216754e-09	1.924174e-08	0.1	7.216754e-09	8.271472e-09	0.1	7.216754e-09	0.353408	0.1	7.216754e-09	9.446595e-06	0.1	7.216754e-09	1.837534e-06	0.1	7.216754e-09	2.604193e-06	0.1	7.216754e-09	1.188281e-05	0.1	7.216754e-09	1.946496e-06	0.1	7.216754e-09	5.889463e-12	0.1	7.216754e-09	4.283021e-07	0.1	7.216754e-09	7.383187e-13	0.1
7.71785e-09	0.6160232	0.1	7.71785e-09	0.02564865	0.1	7.71785e-09	2.057146e-08	0.1	7.71785e-09	8.902839e-09	0.1	7.71785e-09	0.358278	0.1	7.71785e-09	1.013489e-05	0.1	7.71785e-09	1.967588e-06	0.1	7.71785e-09	2.792223e-06	0.1	7.71785e-09	1.271301e-05	0.1	7.71785e-09	2.081128e-06	0.1	7.71785e-09	6.306955e-12	0.1	7.71785e-09	4.579001e-07	0.1	7.71785e-09	7.897962e-13	0.1
8.218947e-09	0.6115958	0.1	8.218947e-09	0.02598798	0.1	8.218947e-09	2.18968e-08	0.1	8.218947e-09	9.541113e-09	0.1	8.218947e-09	0.3623627	0.1	8.218947e-09	1.08249e-05	0.1	8.218947e-09	2.097743e-06	0.1	8.218947e-09	2.981053e-06	0.1	8.218947e-09	1.354154e-05	0.1	8.218947e-09	2.215414e-06	0.1	8.218947e-09	6.725548e-12	0.1	8.218947e-09	4.874471e-07	0.1	8.218947e-09	8.41245e-13	0.1
8.781474e-09	0.6074693	0.1	8.781474e-09	0.02630446	0.1	8.781474e-09	2.337908e-08	0.1	8.781474e-09	1.026581e-08	0.1	8.781474e-09	0.366169	0.1	8.781474e-09	1.160134e-05	0.1	8.781474e-09	2.243951e-06	0.1	8.781474e-09	3.193989e-06	0.1	8.781474e-09	1.446931e-05	0.1	8.781474e-09	2.365702e-06	0.1	8.781474e-09	7.1968e-12	0.1	8.781474e-09	5.205496e-07	0.1	8.781474e-09	8.989587e-13	0.1
9.384956e-09	0.6038594	0.1	9.384956e-09	0.02658143	0.1	9.384956e-09	2.496244e-08	0.1	9.384956e-09	1.105283e-08	0.1	9.384956e-09	0.3694979	0.1	9.384956e-09	1.243627e-05	0.1	9.384956e-09	2.400894e-06	0.1	9.384956e-09	3.423563e-06	0.1	9.384956e-09	1.54615e-05	0.1	9.384956e-09	2.526338e-06	0.1	9.384956e-09	7.703987e-12	0.1	9.384956e-09	5.559764e-07	0.1	9.384956e-09	9.608151e-13	0.1
9.988437e-09	0.6009375	0.1	9.988437e-09	0.02680566	0.1	9.988437e-09	2.653842e-08	0.1	9.988437e-09	1.184969e-08	0.1	9.988437e-09	0.3721916	0.1	9.988437e-09	1.327307e-05	0.1	9.988437e-09	2.557911e-06	0.1	9.988437e-09	3.654328e-06	0.1	9.988437e-09	1.645009e-05	0.1	9.988437e-09	2.686302e-06	0.1	9.988437e-09	8.212912e-12	0.1	9.988437e-09	5.91307e-07	0.1	9.988437e-09	1.022601e-12	0.1
1.059192e-08	0.5985723	0.1	1.059192e-08	0.02698717	0.1	1.059192e-08	2.810681e-08	0.1	1.059192e-08	1.265635e-08	0.1	1.059192e-08	0.3743713	0.1	1.059192e-08	1.411162e-05	0.1	1.059192e-08	2.714984e-06	0.1	1.059192e-08	3.886304e-06	0.1	1.059192e-08	1.743469e-05	0.1	1.059192e-08	2.845543e-06	0.1	1.059192e-08	8.723636e-12	0.1	1.059192e-08	6.265344e-07	0.1	1.059192e-08	1.084308e-12	0.1
1.11954e-08	0.5966578	0.1	1.11954e-08	0.02713408	0.1	1.11954e-08	2.966742e-08	0.1	1.11954e-08	1.347277e-08	0.1	1.11954e-08	0.376135	0.1	1.11954e-08	1.495182e-05	0.1	1.11954e-08	2.872098e-06	0.1	1.11954e-08	4.119513e-06	0.1	1.11954e-08	1.841498e-05	0.1	1.11954e-08	3.004008e-06	0.1	1.11954e-08	9.236224e-12	0.1	1.11954e-08	6.616513e-07	0.1	1.11954e-08	1.145927e-12	0.1
1.179888e-08	0.5951078	0.1	1.179888e-08	0.02725297	0.1	1.179888e-08	3.122013e-08	0.1	1.179888e-08	1.429893e-08	0.1	1.179888e-08	0.3775621	0.1	1.179888e-08	1.579362e-05	0.1	1.179888e-08	3.029242e-06	0.1	1.179888e-08	4.353982e-06	0.1	1.179888e-08	1.939064e-05	0.1	1.179888e-08	3.16165e-06	0.1	1.179888e-08	9.750743e-12	0.1	1.179888e-08	6.966513e-07	0.1	1.179888e-08	1.207452e-12	0.1
1.252427e-08	0.5936301	0.1	1.252427e-08	0.02736626	0.1	1.252427e-08	3.307589e-08	0.1	1.252427e-08	1.530481e-08	0.1	1.252427e-08	0.3789218	0.1	1.252427e-08	1.680753e-05	0.1	1.252427e-08	3.218156e-06	0.1	1.252427e-08	4.637521e-06	0.1	1.252427e-08	2.055685e-05	0.1	1.252427e-08	3.349981e-06	0.1	1.252427e-08	1.037185e-11	0.1	1.252427e-08	7.385576e-07	0.1	1.252427e-08	1.28127e-12	0.1
1.324966e-08	0.5924836	0.1	1.324966e-08	0.02745409	0.1	1.324966e-08	3.491996e-08	0.1	1.324966e-08	1.632468e-08	0.1	1.324966e-08	0.3799757	0.1	1.324966e-08	1.782367e-05	0.1	1.324966e-08	3.407084e-06	0.1	1.324966e-08	4.92297e-06	0.1	1.324966e-08	2.171546e-05	0.1	1.324966e-08	3.53698e-06	0.1	1.324966e-08	1.099597e-11	0.1	1.324966e-08	7.802748e-07	0.1	1.324966e-08	1.35493e-12	0.1
1.397504e-08	0.591594	0.1	1.397504e-08	0.02752218	0.1	1.397504e-08	3.675228e-08	0.1	1.397504e-08	1.735849e-08	0.1	1.397504e-08	0.3807925	0.1	1.397504e-08	1.884203e-05	0.1	1.397504e-08	3.596015e-06	0.1	1.397504e-08	5.210381e-06	0.1	1.397504e-08	2.286603e-05	0.1	1.397504e-08	3.722575e-06	0.1	1.397504e-08	1.162321e-11	0.1	1.397504e-08	8.217926e-07	0.1	1.397504e-08	1.428419e-12	0.1
1.470043e-08	0.5909035	0.1	1.470043e-08	0.02757494	0.1	1.470043e-08	3.85728e-08	0.1	1.470043e-08	1.840621e-08	0.1	1.470043e-08	0.3814256	0.1	1.470043e-08	1.986264e-05	0.1	1.470043e-08	3.784942e-06	0.1	1.470043e-08	5.499807e-06	0.1	1.470043e-08	2.400812e-05	0.1	1.470043e-08	3.906698e-06	0.1	1.470043e-08	1.225371e-11	0.1	1.470043e-08	8.631012e-07	0.1	1.470043e-08	1.50173e-12	0.1
1.548637e-08	0.5903285	0.1	1.548637e-08	0.0276188	0.1	1.548637e-08	4.053197e-08	0.1	1.548637e-08	1.955707e-08	0.1	1.548637e-08	0.3819516	0.1	1.548637e-08	2.097104e-05	0.1	1.548637e-08	3.989625e-06	0.1	1.548637e-08	5.815729e-06	0.1	1.548637e-08	2.523552e-05	0.1	1.548637e-08	4.104452e-06	0.1	1.548637e-08	1.294064e-11	0.1	1.548637e-08	9.076109e-07	0.1	1.548637e-08	1.580946e-12	0.1
1.636315e-08	0.589848	0.1	1.636315e-08	0.02765534	0.1	1.636315e-08	4.270122e-08	0.1	1.636315e-08	2.086013e-08	0.1	1.636315e-08	0.3823898	0.1	1.636315e-08	2.221078e-05	0.1	1.636315e-08	4.217936e-06	0.1	1.636315e-08	6.171107e-06	0.1	1.636315e-08	2.659189e-05	0.1	1.636315e-08	4.322834e-06	0.1	1.636315e-08	1.37118e-11	0.1	1.636315e-08	9.569473e-07	0.1	1.636315e-08	1.669039e-12	0.1
1.723992e-08	0.5894938	0.1	1.723992e-08	0.02768217	0.1	1.723992e-08	4.485328e-08	0.1	1.723992e-08	2.218337e-08	0.1	1.723992e-08	0.3827116	0.1	1.723992e-08	2.345404e-05	0.1	1.723992e-08	4.446211e-06	0.1	1.723992e-08	6.529679e-06	0.1	1.723992e-08	2.793408e-05	0.1	1.723992e-08	4.538768e-06	0.1	1.723992e-08	1.448825e-11	0.1	1.723992e-08	1.005934e-06	0.1	1.723992e-08	1.756825e-12	0.1
1.811669e-08	0.5892325	0.1	1.811669e-08	0.02770187	0.1	1.811669e-08	4.698823e-08	0.1	1.811669e-08	2.352676e-08	0.1	1.811669e-08	0.3829476	0.1	1.811669e-08	2.470094e-05	0.1	1.811669e-08	4.674442e-06	0.1	1.811669e-08	6.891533e-06	0.1	1.811669e-08	2.926149e-05	0.1	1.811669e-08	4.752156e-06	0.1	1.811669e-08	1.52702e-11	0.1	1.811669e-08	1.054556e-06	0.1	1.811669e-08	1.844287e-12	0.1
1.910312e-08	0.5890192	0.1	1.910312e-08	0.02771782	0.1	1.910312e-08	4.936985e-08	0.1	1.910312e-08	2.506218e-08	0.1	1.910312e-08	0.3831387	0.1	1.910312e-08	2.610827e-05	0.1	1.910312e-08	4.931156e-06	0.1	1.910312e-08	7.302669e-06	0.1	1.910312e-08	3.073656e-05	0.1	1.910312e-08	4.989074e-06	0.1	1.910312e-08	1.615671e-11	0.1	1.910312e-08	1.108806e-06	0.1	1.910312e-08	1.942282e-12	0.1
2.016265e-08	0.5888578	0.1	2.016265e-08	0.02772974	0.1	2.016265e-08	5.190413e-08	0.1	2.016265e-08	2.673962e-08	0.1	2.016265e-08	0.3832814	0.1	2.016265e-08	2.762537e-05	0.1	2.016265e-08	5.206816e-06	0.1	2.016265e-08	7.749151e-06	0.1	2.016265e-08	3.22985e-05	0.1	2.016265e-08	5.239693e-06	0.1	2.016265e-08	1.711719e-11	0.1	2.016265e-08	1.166521e-06	0.1	2.016265e-08	2.04704e-12	0.1
2.122218e-08	0.5887454	0.1	2.122218e-08	0.02773791	0.1	2.122218e-08	5.441392e-08	0.1	2.122218e-08	2.844622e-08	0.1	2.122218e-08	0.3833791	0.1	2.122218e-08	2.914834e-05	0.1	2.122218e-08	5.482385e-06	0.1	2.122218e-08	8.200813e-06	0.1	2.122218e-08	3.383639e-05	0.1	2.122218e-08	5.486183e-06	0.1	2.122218e-08	1.808651e-11	0.1	2.122218e-08	1.223639e-06	0.1	2.122218e-08	2.151255e-12	0.1
2.237163e-08	0.5886611	0.1	2.237163e-08	0.02774387	0.1	2.237163e-08	5.710927e-08	0.1	2.237163e-08	3.03305e-08	0.1	2.237163e-08	0.3834502	0.1	2.237163e-08	3.080743e-05	0.1	2.237163e-08	5.781231e-06	0.1	2.237163e-08	8.69681e-06	0.1	2.237163e-08	3.54767e-05	0.1	2.237163e-08	5.748777e-06	0.1	2.237163e-08	1.914837e-11	0.1	2.237163e-08	1.284906e-06	0.1	2.237163e-08	2.263675e-12	0.1
2.365596e-08	0.5885979	0.1	2.365596e-08	0.02774815	0.1	2.365596e-08	6.008746e-08	0.1	2.365596e-08	3.247614e-08	0.1	2.365596e-08	0.3835011	0.1	2.365596e-08	3.266992e-05	0.1	2.365596e-08	6.114998e-06	0.1	2.365596e-08	9.258573e-06	0.1	2.365596e-08	3.727386e-05	0.1	2.365596e-08	6.036085e-06	0.1	2.365596e-08	2.034786e-11	0.1	2.365596e-08	1.352472e-06	0.1	2.365596e-08	2.388464e-12	0.1
2.494029e-08	0.588556	0.1	2.494029e-08	0.0277508	0.1	2.494029e-08	6.303072e-08	0.1	2.494029e-08	3.466406e-08	0.1	2.494029e-08	0.3835325	0.1	2.494029e-08	3.45419e-05	0.1	2.494029e-08	6.448599e-06	0.1	2.494029e-08	9.828493e-06	0.1	2.494029e-08	3.903238e-05	0.1	2.494029e-08	6.316782e-06	0.1	2.494029e-08	2.156146e-11	0.1	2.494029e-08	1.419069e-06	0.1	2.494029e-08	2.512348e-12	0.1
2.643262e-08	0.5885239	0.1	2.643262e-08	0.0277526	0.1	2.643262e-08	6.640732e-08	0.1	2.643262e-08	3.725907e-08	0.1	2.643262e-08	0.3835537	0.1	2.643262e-08	3.672929e-05	0.1	2.643262e-08	6.836003e-06	0.1	2.643262e-08	1.050117e-05	0.1	2.643262e-08	4.102591e-05	0.1	2.643262e-08	6.634434e-06	0.1	2.643262e-08	2.298974e-11	0.1	2.643262e-08	1.495195e-06	0.1	2.643262e-08	2.65511e-12	0.1
2.797695e-08	0.5885022	0.1	2.797695e-08	0.02775359	0.1	2.797695e-08	6.985317e-08	0.1	2.797695e-08	4.000381e-08	0.1	2.797695e-08	0.3835651	0.1	2.797695e-08	3.900708e-05	0.1	2.797695e-08	7.236635e-06	0.1	2.797695e-08	1.120933e-05	0.1	2.797695e-08	4.303133e-05	0.1	2.797695e-08	6.953333e-06	0.1	2.797695e-08	2.448875e-11	0.1	2.797695e-08	1.572515e-06	0.1	2.797695e-08	2.801451e-12	0.1
2.972071e-08	0.5884857	0.1	2.972071e-08	0.0277541	0.1	2.972071e-08	7.368569e-08	0.1	2.972071e-08	4.317486e-08	0.1	2.972071e-08	0.3835706	0.1	2.972071e-08	4.159673e-05	0.1	2.972071e-08	7.688649e-06	0.1	2.972071e-08	1.202391e-05	0.1	2.972071e-08	4.522399e-05	0.1	2.972071e-08	7.301197e-06	0.1	2.972071e-08	2.620743e-11	0.1	2.972071e-08	1.657988e-06	0.1	2.972071e-08	2.964914e-12	0.1
3.159743e-08	0.5884733	0.1	3.159743e-08	0.02775425	0.1	3.159743e-08	7.774242e-08	0.1	3.159743e-08	4.6672e-08	0.1	3.159743e-08	0.3835719	0.1	3.159743e-08	4.440515e-05	0.1	3.159743e-08	8.174677e-06	0.1	3.159743e-08	1.291856e-05	0.1	3.159743e-08	4.749762e-05	0.1	3.159743e-08	7.660923e-06	0.1	3.159743e-08	2.808849e-11	0.1	3.159743e-08	1.747761e-06	0.1	3.159743e-08	3.138655e-12	0.1
3.373686e-08	0.5884627	0.1	3.373686e-08	0.02775417	0.1	3.373686e-08	8.228257e-08	0.1	3.373686e-08	5.076402e-08	0.1	3.373686e-08	0.3835702	0.1	3.373686e-08	4.763393e-05	0.1	3.373686e-08	8.728133e-06	0.1	3.373686e-08	1.396138e-05	0.1	3.373686e-08	4.997946e-05	0.1	3.373686e-08	8.052328e-06	0.1	3.373686e-08	3.027288e-11	0.1	3.373686e-08	1.847243e-06	0.1	3.373686e-08	3.33385e-12	0.1
3.605145e-08	0.5884533	0.1	3.605145e-08	0.02775393	0.1	3.605145e-08	8.709499e-08	0.1	3.605145e-08	5.531552e-08	0.1	3.605145e-08	0.3835667	0.1	3.605145e-08	5.115976e-05	0.1	3.605145e-08	9.326107e-06	0.1	3.605145e-08	1.51172e-05	0.1	3.605145e-08	5.253198e-05	0.1	3.605145e-08	8.453345e-06	0.1	3.605145e-08	3.268423e-11	0.1	3.605145e-08	1.951393e-06	0.1	3.605145e-08	3.541463e-12	0.1
3.881616e-08	0.5884434	0.1	3.881616e-08	0.02775357	0.1	3.881616e-08	9.271086e-08	0.1	3.881616e-08	6.091861e-08	0.1	3.881616e-08	0.3835616	0.1	3.881616e-08	5.541551e-05	0.1	3.881616e-08	1.00392e-05	0.1	3.881616e-08	1.653539e-05	0.1	3.881616e-08	5.540127e-05	0.1	3.881616e-08	8.902022e-06	0.1	3.881616e-08	3.56298e-11	0.1	3.881616e-08	2.071021e-06	0.1	3.881616e-08	3.784435e-12	0.1
4.197053e-08	0.5884329	0.1	4.197053e-08	0.02775313	0.1	4.197053e-08	9.894651e-08	0.1	4.197053e-08	6.752766e-08	0.1	4.197053e-08	0.3835553	0.1	4.197053e-08	6.03287e-05	0.1	4.197053e-08	1.085111e-05	0.1	4.197053e-08	1.820297e-05	0.1	4.197053e-08	5.843969e-05	0.1	4.197053e-08	9.374348e-06	0.1	4.197053e-08	3.907604e-11	0.1	4.197053e-08	2.201154e-06	0.1	4.197053e-08	4.054781e-12	0.1
4.554057e-08	0.5884217	0.1	4.554057e-08	0.02775261	0.1	4.554057e-08	1.057895e-07	0.1	4.554057e-08	7.527787e-08	0.1	4.554057e-08	0.3835482	0.1	4.554057e-08	6.596076e-05	0.1	4.554057e-08	1.176764e-05	0.1	4.554057e-08	2.015276e-05	0.1	4.554057e-08	6.158459e-05	0.1	4.554057e-08	9.859666e-06	0.1	4.554057e-08	4.30834e-11	0.1	4.554057e-08	2.340339e-06	0.1	4.554057e-08	4.351696e-12	0.1
5.015086e-08	0.5884077	0.1	5.015086e-08	0.02775197	0.1	5.015086e-08	1.143009e-07	0.1	5.015086e-08	8.569542e-08	0.1	5.015086e-08	0.3835391	0.1	5.015086e-08	7.333936e-05	0.1	5.015086e-08	1.29471e-05	0.1	5.015086e-08	2.27656e-05	0.1	5.015086e-08	6.520597e-05	0.1	5.015086e-08	1.041308e-05	0.1	5.015086e-08	4.841886e-11	0.1	5.015086e-08	2.507649e-06	0.1	5.015086e-08	4.720633e-12	0.1
5.584497e-08	0.5883911	0.1	5.584497e-08	0.02775119	0.1	5.584497e-08	1.243279e-07	0.1	5.584497e-08	9.916823e-08	0.1	5.584497e-08	0.3835283	0.1	5.584497e-08	8.260117e-05	0.1	5.584497e-08	1.439668e-05	0.1	5.584497e-08	2.613269e-05	0.1	5.584497e-08	6.904513e-05	0.1	5.584497e-08	1.099174e-05	0.1	5.584497e-08	5.524047e-11	0.1	5.584497e-08	2.69578e-06	0.1	5.584497e-08	5.153567e-12	0.1
6.284837e-08	0.5883716	0.1	6.284837e-08	0.02775028	0.1	6.284837e-08	1.359624e-07	0.1	6.284837e-08	1.166003e-07	0.1	6.284837e-08	0.3835156	0.1	6.284837e-08	9.418525e-05	0.1	6.284837e-08	1.616734e-05	0.1	6.284837e-08	3.046967e-05	0.1	6.284837e-08	7.291452e-05	0.1	6.284837e-08	1.156372e-05	0.1	6.284837e-08	6.394441e-11	0.1	6.284837e-08	2.901089e-06	0.1	6.284837e-08	5.651863e-12	0.1
7.219868e-08	0.5883468	0.1	7.219868e-08	0.02774912	0.1	7.219868e-08	1.50373e-07	0.1	7.219868e-08	1.412333e-07	0.1	7.219868e-08	0.3834995	0.1	7.219868e-08	0.0001099098	0.1	7.219868e-08	1.850739e-05	0.1	7.219868e-08	3.655895e-05	0.1	7.219868e-08	7.685657e-05	0.1	7.219868e-08	1.212954e-05	0.1	7.219868e-08	7.60203e-11	0.1	7.219868e-08	3.13527e-06	0.1	7.219868e-08	6.260295e-12	0.1
8.196512e-08	0.5883221	0.1	8.196512e-08	0.02774796	0.1	8.196512e-08	1.641581e-07	0.1	8.196512e-08	1.684578e-07	0.1	8.196512e-08	0.3834834	0.1	8.196512e-08	0.0001265522	0.1	8.196512e-08	2.091822e-05	0.1	8.196512e-08	4.323319e-05	0.1	8.196512e-08	7.980532e-05	0.1	8.196512e-08	1.253517e-05	0.1	8.196512e-08	8.907577e-11	0.1	8.196512e-08	3.338345e-06	0.1	8.196512e-08	6.830722e-12	0.1
9.339604e-08	0.5882943	0.1	9.339604e-08	0.02774665	0.1	9.339604e-08	1.787942e-07	0.1	9.339604e-08	2.020408e-07	0.1	9.339604e-08	0.3834653	0.1	9.339604e-08	0.0001461902	0.1	9.339604e-08	2.369088e-05	0.1	9.339604e-08	5.138678e-05	0.1	9.339604e-08	8.21554e-05	0.1	9.339604e-08	1.283981e-05	0.1	9.339604e-08	1.047853e-10	0.1	9.339604e-08	3.532223e-06	0.1	9.339604e-08	7.421848e-12	0.1
1.072005e-07	0.5882618	0.1	1.072005e-07	0.02774512	0.1	1.072005e-07	1.94532e-07	0.1	1.072005e-07	2.447554e-07	0.1	1.072005e-07	0.3834441	0.1	1.072005e-07	0.0001699818	0.1	1.072005e-07	2.696015e-05	0.1	1.072005e-07	6.164249e-05	0.1	1.072005e-07	8.39264e-05	0.1	1.072005e-07	1.304875e-05	0.1	1.072005e-07	1.241937e-10	0.1	1.072005e-07	3.717252e-06	0.1	1.072005e-07	8.039357e-12	0.1
1.232067e-07	0.588225	0.1	1.232067e-07	0.02774339	0.1	1.232067e-07	2.104394e-07	0.1	1.232067e-07	2.96822e-07	0.1	1.232067e-07	0.3834201	0.1	1.232067e-07	0.0001975057	0.1	1.232067e-07	3.063038e-05	0.1	1.232067e-07	7.400263e-05	0.1	1.232067e-07	8.508437e-05	0.1	1.232067e-07	1.316474e-05	0.1	1.232067e-07	1.470991e-10	0.1	1.232067e-07	3.881704e-06	0.1	1.232067e-07	8.643928e-12	0.1
1.416255e-07	0.5881833	0.1	1.416255e-07	0.02774142	0.1	1.416255e-07	2.260599e-07	0.1	1.416255e-07	3.595869e-07	0.1	1.416255e-07	0.3833929	0.1	1.416255e-07	0.0002289406	0.1	1.416255e-07	3.4678e-05	0.1	1.416255e-07	8.875993e-05	0.1	1.416255e-07	8.576031e-05	0.1	1.416255e-07	1.32134e-05	0.1	1.416255e-07	1.738048e-10	0.1	1.416255e-07	4.023287e-06	0.1	1.416255e-07	9.218868e-12	0.1
1.600442e-07	0.5881419	0.1	1.600442e-07	0.02773947	0.1	1.600442e-07	2.392372e-07	0.1	1.600442e-07	4.249095e-07	0.1	1.600442e-07	0.383366	0.1	1.600442e-07	0.0002600245	0.1	1.600442e-07	3.852306e-05	0.1	1.600442e-07	0.0001040288	0.1	1.600442e-07	8.607768e-05	0.1	1.600442e-07	1.322205e-05	0.1	1.600442e-07	2.007626e-10	0.1	1.600442e-07	4.128779e-06	0.1	1.600442e-07	9.690365e-12	0.1
1.78463e-07	0.5881007	0.1	1.78463e-07	0.02773753	0.1	1.78463e-07	2.50353e-07	0.1	1.78463e-07	4.923743e-07	0.1	1.78463e-07	0.3833391	0.1	1.78463e-07	0.0002907088	0.1	1.78463e-07	4.215474e-05	0.1	1.78463e-07	0.0001197737	0.1	1.78463e-07	8.622094e-05	0.1	1.78463e-07	1.32158e-05	0.1	1.78463e-07	2.279076e-10	0.1	1.78463e-07	4.20849e-06	0.1	1.78463e-07	1.007945e-11	0.1
1.984427e-07	0.5880562	0.1	1.984427e-07	0.02773543	0.1	1.984427e-07	2.604535e-07	0.1	1.984427e-07	5.675859e-07	0.1	1.984427e-07	0.3833101	0.1	1.984427e-07	0.0003235179	0.1	1.984427e-07	4.584524e-05	0.1	1.984427e-07	0.0001373675	0.1	1.984427e-07	8.628371e-05	0.1	1.984427e-07	1.320463e-05	0.1	1.984427e-07	2.575269e-10	0.1	1.984427e-07	4.273781e-06	0.1	1.984427e-07	1.042717e-11	0.1
2.207638e-07	0.5880065	0.1	2.207638e-07	0.02773309	0.1	2.207638e-07	2.697383e-07	0.1	2.207638e-07	6.536875e-07	0.1	2.207638e-07	0.3832777	0.1	2.207638e-07	0.0003595771	0.1	2.207638e-07	4.965791e-05	0.1	2.207638e-07	0.0001576365	0.1	2.207638e-07	8.63037e-05	0.1	2.207638e-07	1.319289e-05	0.1	2.207638e-07	2.908065e-10	0.1	2.207638e-07	4.327779e-06	0.1	2.207638e-07	1.074316e-11	0.1
2.469641e-07	0.5879482	0.1	2.469641e-07	0.02773034	0.1	2.469641e-07	2.784546e-07	0.1	2.469641e-07	7.570293e-07	0.1	2.469641e-07	0.3832397	0.1	2.469641e-07	0.0004011046	0.1	2.469641e-07	5.371833e-05	0.1	2.469641e-07	0.0001822327	0.1	2.469641e-07	8.630161e-05	0.1	2.469641e-07	1.318251e-05	0.1	2.469641e-07	3.301047e-10	0.1	2.469641e-07	4.373009e-06	0.1	2.469641e-07	1.103841e-11	0.1
2.770198e-07	0.5878814	0.1	2.770198e-07	0.02772719	0.1	2.770198e-07	2.861718e-07	0.1	2.770198e-07	8.779792e-07	0.1	2.770198e-07	0.3831961	0.1	2.770198e-07	0.0004476953	0.1	2.770198e-07	5.784172e-05	0.1	2.770198e-07	0.0002114927	0.1	2.770198e-07	8.628965e-05	0.1	2.770198e-07	1.317494e-05	0.1	2.770198e-07	3.754806e-10	0.1	2.770198e-07	4.408291e-06	0.1	2.770198e-07	1.130124e-11	0.1
3.11404e-07	0.587805	0.1	3.11404e-07	0.02772359	0.1	3.11404e-07	2.927344e-07	0.1	3.11404e-07	1.018764e-06	0.1	3.11404e-07	0.3831463	0.1	3.11404e-07	0.0004996516	0.1	3.11404e-07	6.190084e-05	0.1	3.11404e-07	0.0002463005	0.1	3.11404e-07	8.627507e-05	0.1	3.11404e-07	1.317018e-05	0.1	3.11404e-07	4.277581e-10	0.1	3.11404e-07	4.434356e-06	0.1	3.11404e-07	1.15293e-11	0.1
3.565002e-07	0.5877046	0.1	3.565002e-07	0.02771886	0.1	3.565002e-07	2.987146e-07	0.1	3.565002e-07	1.206266e-06	0.1	3.565002e-07	0.3830809	0.1	3.565002e-07	0.0005656799	0.1	3.565002e-07	6.626679e-05	0.1	3.565002e-07	0.0002940473	0.1	3.565002e-07	8.625912e-05	0.1	3.565002e-07	1.316742e-05	0.1	3.565002e-07	4.968814e-10	0.1	3.565002e-07	4.454435e-06	0.1	3.565002e-07	1.174652e-11	0.1
4.102169e-07	0.5875848	0.1	4.102169e-07	0.02771321	0.1	4.102169e-07	3.032391e-07	0.1	4.102169e-07	1.432536e-06	0.1	4.102169e-07	0.3830028	0.1	4.102169e-07	0.0006413061	0.1	4.102169e-07	7.026271e-05	0.1	4.102169e-07	0.0003539155	0.1	4.102169e-07	8.624428e-05	0.1	4.102169e-07	1.316629e-05	0.1	4.102169e-07	5.799895e-10	0.1	4.102169e-07	4.466776e-06	0.1	4.102169e-07	1.192486e-11	0.1
4.696808e-07	0.5874515	0.1	4.696808e-07	0.02770692	0.1	4.696808e-07	3.062096e-07	0.1	4.696808e-07	1.685433e-06	0.1	4.696808e-07	0.3829159	0.1	4.696808e-07	0.0007213444	0.1	4.696808e-07	7.347466e-05	0.1	4.696808e-07	0.000423828	0.1	4.696808e-07	8.62306e-05	0.1	4.696808e-07	1.316576e-05	0.1	4.696808e-07	6.728888e-10	0.1	4.696808e-07	4.473118e-06	0.1	4.696808e-07	1.205737e-11	0.1
5.367807e-07	0.5872998	0.1	5.367807e-07	0.02769977	0.1	5.367807e-07	3.08073e-07	0.1	5.367807e-07	1.972735e-06	0.1	5.367807e-07	0.3828171	0.1	5.367807e-07	0.000807232	0.1	5.367807e-07	7.596699e-05	0.1	5.367807e-07	0.0005070938	0.1	5.367807e-07	8.621636e-05	0.1	5.367807e-07	1.316507e-05	0.1	5.367807e-07	7.787588e-10	0.1	5.367807e-07	4.476035e-06	0.1	5.367807e-07	1.215544e-11	0.1
6.133223e-07	0.5871249	0.1	6.133223e-07	0.02769152	0.1	6.133223e-07	3.091545e-07	0.1	6.133223e-07	2.302023e-06	0.1	6.133223e-07	0.382703	0.1	6.133223e-07	0.0008997673	0.1	6.133223e-07	7.779776e-05	0.1	6.133223e-07	0.0006074402	0.1	6.133223e-07	8.620018e-05	0.1	6.133223e-07	1.31638e-05	0.1	6.133223e-07	9.007689e-10	0.1	6.133223e-07	4.477009e-06	0.1	6.133223e-07	1.222578e-11	0.1
7.072674e-07	0.586907	0.1	7.072674e-07	0.02768125	0.1	7.072674e-07	3.097336e-07	0.1	7.072674e-07	2.7076e-06	0.1	7.072674e-07	0.3825611	0.1	7.072674e-07	0.001005898	0.1	7.072674e-07	7.9113e-05	0.1	7.072674e-07	0.000737935	0.1	7.072674e-07	8.617966e-05	0.1	7.072674e-07	1.316155e-05	0.1	7.072674e-07	1.052208e-09	0.1	7.072674e-07	4.476843e-06	0.1	7.072674e-07	1.227567e-11	0.1
8.012126e-07	0.5866856	0.1	8.012126e-07	0.0276708	0.1	8.012126e-07	3.099383e-07	0.1	8.012126e-07	3.1142e-06	0.1	8.012126e-07	0.3824167	0.1	8.012126e-07	0.00110437	0.1	8.012126e-07	7.982665e-05	0.1	8.012126e-07	0.000875956	0.1	8.012126e-07	8.615824e-05	0.1	8.012126e-07	1.315876e-05	0.1	8.012126e-07	1.20541e-09	0.1	8.012126e-07	4.47609e-06	0.1	8.012126e-07	1.230215e-11	0.1
8.951578e-07	0.5864604	0.1	8.951578e-07	0.02766018	0.1	8.951578e-07	3.099825e-07	0.1	8.951578e-07	3.521527e-06	0.1	8.951578e-07	0.38227	0.1	8.951578e-07	0.00119573	0.1	8.951578e-07	8.020689e-05	0.1	8.951578e-07	0.001020953	0.1	8.951578e-07	8.613601e-05	0.1	8.951578e-07	1.315561e-05	0.1	8.951578e-07	1.360315e-09	0.1	8.951578e-07	4.475091e-06	0.1	8.951578e-07	1.231542e-11	0.1
1.001258e-06	0.586202	0.1	1.001258e-06	0.02764799	0.1	1.001258e-06	3.09951e-07	0.1	1.001258e-06	3.982228e-06	0.1	1.001258e-06	0.3821015	0.1	1.001258e-06	0.001290991	0.1	1.001258e-06	8.042085e-05	0.1	1.001258e-06	0.001192458	0.1	1.001258e-06	8.611008e-05	0.1	1.001258e-06	1.315176e-05	0.1	1.001258e-06	1.537266e-09	0.1	1.001258e-06	4.473816e-06	0.1	1.001258e-06	1.232164e-11	0.1
1.115461e-06	0.5859191	0.1	1.115461e-06	0.02763465	0.1	1.115461e-06	3.098773e-07	0.1	1.115461e-06	4.478754e-06	0.1	1.115461e-06	0.3819171	0.1	1.115461e-06	0.001384882	0.1	1.115461e-06	8.051981e-05	0.1	1.115461e-06	0.001385498	0.1	1.115461e-06	8.608133e-05	0.1	1.115461e-06	1.31474e-05	0.1	1.115461e-06	1.730079e-09	0.1	1.115461e-06	4.472349e-06	0.1	1.115461e-06	1.232282e-11	0.1
1.245499e-06	0.5855916	0.1	1.245499e-06	0.0276192	0.1	1.245499e-06	3.097736e-07	0.1	1.245499e-06	5.044775e-06	0.1	1.245499e-06	0.3817036	0.1	1.245499e-06	0.001481836	0.1	1.245499e-06	8.055351e-05	0.1	1.245499e-06	0.001614993	0.1	1.245499e-06	8.604769e-05	0.1	1.245499e-06	1.314225e-05	0.1	1.245499e-06	1.952567e-09	0.1	1.245499e-06	4.470602e-06	0.1	1.245499e-06	1.232076e-11	0.1
1.391741e-06	0.585217	0.1	1.391741e-06	0.02760153	0.1	1.391741e-06	3.096466e-07	0.1	1.391741e-06	5.681981e-06	0.1	1.391741e-06	0.3814594	0.1	1.391741e-06	0.001579437	0.1	1.391741e-06	8.054714e-05	0.1	1.391741e-06	0.001884169	0.1	1.391741e-06	8.600884e-05	0.1	1.391741e-06	1.313627e-05	0.1	1.391741e-06	2.206504e-09	0.1	1.391741e-06	4.468572e-06	0.1	1.391741e-06	1.231645e-11	0.1
1.560575e-06	0.5847772	0.1	1.560575e-06	0.02758079	0.1	1.560575e-06	3.094935e-07	0.1	1.560575e-06	6.418255e-06	0.1	1.560575e-06	0.3811727	0.1	1.560575e-06	0.00167872	0.1	1.560575e-06	8.051652e-05	0.1	1.560575e-06	0.002207853	0.1	1.560575e-06	8.596285e-05	0.1	1.560575e-06	1.312919e-05	0.1	1.560575e-06	2.504558e-09	0.1	1.560575e-06	4.466164e-06	0.1	1.560575e-06	1.231036e-11	0.1
1.762044e-06	0.5842435	0.1	1.762044e-06	0.02755562	0.1	1.762044e-06	3.093053e-07	0.1	1.762044e-06	7.297431e-06	0.1	1.762044e-06	0.3808249	0.1	1.762044e-06	0.001780783	0.1	1.762044e-06	8.046821e-05	0.1	1.762044e-06	0.002609842	0.1	1.762044e-06	8.590658e-05	0.1	1.762044e-06	1.312053e-05	0.1	1.762044e-06	2.867065e-09	0.1	1.762044e-06	4.463218e-06	0.1	1.762044e-06	1.230244e-11	0.1
1.992657e-06	0.5836227	0.1	1.992657e-06	0.02752634	0.1	1.992657e-06	3.090844e-07	0.1	1.992657e-06	8.304166e-06	0.1	1.992657e-06	0.3804202	0.1	1.992657e-06	0.001878884	0.1	1.992657e-06	8.040752e-05	0.1	1.992657e-06	0.003087799	0.1	1.992657e-06	8.584061e-05	0.1	1.992657e-06	1.311039e-05	0.1	1.992657e-06	3.291128e-09	0.1	1.992657e-06	4.459768e-06	0.1	1.992657e-06	1.2293e-11	0.1
2.25475e-06	0.5829067	0.1	2.25475e-06	0.02749257	0.1	2.25475e-06	3.088278e-07	0.1	2.25475e-06	9.448302e-06	0.1	2.25475e-06	0.3799535	0.1	2.25475e-06	0.001970145	0.1	2.25475e-06	8.033584e-05	0.1	2.25475e-06	0.003650034	0.1	2.25475e-06	8.576399e-05	0.1	2.25475e-06	1.309862e-05	0.1	2.25475e-06	3.784858e-09	0.1	2.25475e-06	4.455765e-06	0.1	2.25475e-06	1.228198e-11	0.1
2.516843e-06	0.5821817	0.1	2.516843e-06	0.02745838	0.1	2.516843e-06	3.085664e-07	0.1	2.516843e-06	1.059194e-05	0.1	2.516843e-06	0.379481	0.1	2.516843e-06	0.002043752	0.1	2.516843e-06	8.026262e-05	0.1	2.516843e-06	0.004228638	0.1	2.516843e-06	8.568595e-05	0.1	2.516843e-06	1.308665e-05	0.1	2.516843e-06	4.291088e-09	0.1	2.516843e-06	4.451693e-06	0.1	2.516843e-06	1.227076e-11	0.1
2.778936e-06	0.5814499	0.1	2.778936e-06	0.02742386	0.1	2.778936e-06	3.083013e-07	0.1	2.778936e-06	1.173467e-05	0.1	2.778936e-06	0.3790039	0.1	2.778936e-06	0.002103007	0.1	2.778936e-06	8.018834e-05	0.1	2.778936e-06	0.004820303	0.1	2.778936e-06	8.560679e-05	0.1	2.778936e-06	1.307452e-05	0.1	2.778936e-06	4.809775e-09	0.1	2.778936e-06	4.447567e-06	0.1	2.778936e-06	1.225939e-11	0.1
3.073002e-06	0.5806225	0.1	3.073002e-06	0.02738484	0.1	3.073002e-06	3.080004e-07	0.1	3.073002e-06	1.301532e-05	0.1	3.073002e-06	0.3784646	0.1	3.073002e-06	0.002155712	0.1	3.073002e-06	8.010406e-05	0.1	3.073002e-06	0.005496382	0.1	3.073002e-06	8.551695e-05	0.1	3.073002e-06	1.306076e-05	0.1	3.073002e-06	5.406516e-09	0.1	3.073002e-06	4.442886e-06	0.1	3.073002e-06	1.224649e-11	0.1
3.388383e-06	0.5797297	0.1	3.388383e-06	0.02734273	0.1	3.388383e-06	3.076746e-07	0.1	3.388383e-06	1.438668e-05	0.1	3.388383e-06	0.3778826	0.1	3.388383e-06	0.002199357	0.1	3.388383e-06	8.001283e-05	0.1	3.388383e-06	0.006232535	0.1	3.388383e-06	8.541966e-05	0.1	3.388383e-06	1.304587e-05	0.1	3.388383e-06	6.063811e-09	0.1	3.388383e-06	4.437821e-06	0.1	3.388383e-06	1.223253e-11	0.1
3.703764e-06	0.5788329	0.1	3.703764e-06	0.02730043	0.1	3.703764e-06	3.073465e-07	0.1	3.703764e-06	1.57555e-05	0.1	3.703764e-06	0.3772981	0.1	3.703764e-06	0.002232551	0.1	3.703764e-06	7.992096e-05	0.1	3.703764e-06	0.006977267	0.1	3.703764e-06	8.532168e-05	0.1	3.703764e-06	1.303088e-05	0.1	3.703764e-06	6.738933e-09	0.1	3.703764e-06	4.432722e-06	0.1	3.703764e-06	1.221848e-11	0.1
4.019145e-06	0.5779335	0.1	4.019145e-06	0.02725801	0.1	4.019145e-06	3.070167e-07	0.1	4.019145e-06	1.712152e-05	0.1	4.019145e-06	0.3767119	0.1	4.019145e-06	0.002257602	0.1	4.019145e-06	7.982866e-05	0.1	4.019145e-06	0.007728274	0.1	4.019145e-06	8.522321e-05	0.1	4.019145e-06	1.301582e-05	0.1	4.019145e-06	7.431799e-09	0.1	4.019145e-06	4.427599e-06	0.1	4.019145e-06	1.220436e-11	0.1
4.359772e-06	0.5769605	0.1	4.359772e-06	0.02721212	0.1	4.359772e-06	3.066592e-07	0.1	4.359772e-06	1.859351e-05	0.1	4.359772e-06	0.3760776	0.1	4.359772e-06	0.002277576	0.1	4.359772e-06	7.972863e-05	0.1	4.359772e-06	0.00854439	0.1	4.359772e-06	8.511647e-05	0.1	4.359772e-06	1.299951e-05	0.1	4.359772e-06	8.199955e-09	0.1	4.359772e-06	4.422049e-06	0.1	4.359772e-06	1.218906e-11	0.1
4.738266e-06	0.5758783	0.1	4.738266e-06	0.02716108	0.1	4.738266e-06	3.062611e-07	0.1	4.738266e-06	2.022481e-05	0.1	4.738266e-06	0.3753723	0.1	4.738266e-06	0.002293198	0.1	4.738266e-06	7.961724e-05	0.1	4.738266e-06	0.009455276	0.1	4.738266e-06	8.49976e-05	0.1	4.738266e-06	1.298134e-05	0.1	4.738266e-06	9.077525e-09	0.1	4.738266e-06	4.415868e-06	0.1	4.738266e-06	1.217203e-11	0.1
5.116761e-06	0.5747963	0.1	5.116761e-06	0.02711005	0.1	5.116761e-06	3.058625e-07	0.1	5.116761e-06	2.185138e-05	0.1	5.116761e-06	0.374667	0.1	5.116761e-06	0.002303638	0.1	5.116761e-06	7.950573e-05	0.1	5.116761e-06	0.01036869	0.1	5.116761e-06	8.487859e-05	0.1	5.116761e-06	1.296315e-05	0.1	5.116761e-06	9.98022e-09	0.1	5.116761e-06	4.409682e-06	0.1	5.116761e-06	1.215498e-11	0.1
5.495255e-06	0.5737151	0.1	5.495255e-06	0.02705905	0.1	5.495255e-06	3.054638e-07	0.1	5.495255e-06	2.347308e-05	0.1	5.495255e-06	0.3739622	0.1	5.495255e-06	0.00231024	0.1	5.495255e-06	7.939422e-05	0.1	5.495255e-06	0.01128331	0.1	5.495255e-06	8.475956e-05	0.1	5.495255e-06	1.294496e-05	0.1	5.495255e-06	1.090787e-08	0.1	5.495255e-06	4.403496e-06	0.1	5.495255e-06	1.213793e-11	0.1
5.921936e-06	0.572498	0.1	5.921936e-06	0.02700165	0.1	5.921936e-06	3.050147e-07	0.1	5.921936e-06	2.52953e-05	0.1	5.921936e-06	0.3731688	0.1	5.921936e-06	0.002314314	0.1	5.921936e-06	7.926859e-05	0.1	5.921936e-06	0.01231459	0.1	5.921936e-06	8.462547e-05	0.1	5.921936e-06	1.292448e-05	0.1	5.921936e-06	1.198332e-08	0.1	5.921936e-06	4.396527e-06	0.1	5.921936e-06	1.211872e-11	0.1
6.380742e-06	0.5711919	0.1	6.380742e-06	0.02694005	0.1	6.380742e-06	3.045324e-07	0.1	6.380742e-06	2.724759e-05	0.1	6.380742e-06	0.3723175	0.1	6.380742e-06	0.002315841	0.1	6.380742e-06	7.913371e-05	0.1	6.380742e-06	0.01342268	0.1	6.380742e-06	8.448147e-05	0.1	6.380742e-06	1.290248e-05	0.1	6.380742e-06	1.317459e-08	0.1	6.380742e-06	4.389045e-06	0.1	6.380742e-06	1.209809e-11	0.1
6.839548e-06	0.569889	0.1	6.839548e-06	0.0268786	0.1	6.839548e-06	3.040511e-07	0.1	6.839548e-06	2.919245e-05	0.1	6.839548e-06	0.3714683	0.1	6.839548e-06	0.002315296	0.1	6.839548e-06	7.899909e-05	0.1	6.839548e-06	0.01452903	0.1	6.839548e-06	8.433776e-05	0.1	6.839548e-06	1.288053e-05	0.1	6.839548e-06	1.440163e-08	0.1	6.839548e-06	4.381577e-06	0.1	6.839548e-06	1.207751e-11	0.1
7.337393e-06	0.5684794	0.1	7.337393e-06	0.02681212	0.1	7.337393e-06	3.0353e-07	0.1	7.337393e-06	3.129434e-05	0.1	7.337393e-06	0.3705495	0.1	7.337393e-06	0.002313095	0.1	7.337393e-06	7.885338e-05	0.1	7.337393e-06	0.01572686	0.1	7.337393e-06	8.41822e-05	0.1	7.337393e-06	1.285677e-05	0.1	7.337393e-06	1.577315e-08	0.1	7.337393e-06	4.373495e-06	0.1	7.337393e-06	1.205523e-11	0.1
7.893798e-06	0.5669094	0.1	7.893798e-06	0.02673807	0.1	7.893798e-06	3.029495e-07	0.1	7.893798e-06	3.363306e-05	0.1	7.893798e-06	0.3695261	0.1	7.893798e-06	0.002309311	0.1	7.893798e-06	7.869102e-05	0.1	7.893798e-06	0.01706167	0.1	7.893798e-06	8.400887e-05	0.1	7.893798e-06	1.28303e-05	0.1	7.893798e-06	1.73548e-08	0.1	7.893798e-06	4.364489e-06	0.1	7.893798e-06	1.203041e-11	0.1
8.450202e-06	0.5653453	0.1	8.450202e-06	0.0266643	0.1	8.450202e-06	3.023708e-07	0.1	8.450202e-06	3.596079e-05	0.1	8.450202e-06	0.3685066	0.1	8.450202e-06	0.002304619	0.1	8.450202e-06	7.852921e-05	0.1	8.450202e-06	0.0183919	0.1	8.450202e-06	8.383612e-05	0.1	8.450202e-06	1.280391e-05	0.1	8.450202e-06	1.898734e-08	0.1	8.450202e-06	4.355514e-06	0.1	8.450202e-06	1.200567e-11	0.1
9.096146e-06	0.5635372	0.1	9.096146e-06	0.02657902	0.1	9.096146e-06	3.017017e-07	0.1	9.096146e-06	3.864939e-05	0.1	9.096146e-06	0.367328	0.1	9.096146e-06	0.002298467	0.1	9.096146e-06	7.83421e-05	0.1	9.096146e-06	0.01993006	0.1	9.096146e-06	8.363636e-05	0.1	9.096146e-06	1.27734e-05	0.1	9.096146e-06	2.09455e-08	0.1	9.096146e-06	4.345136e-06	0.1	9.096146e-06	1.197706e-11	0.1
9.764474e-06	0.5616752	0.1	9.764474e-06	0.0264912	0.1	9.764474e-06	3.010123e-07	0.1	9.764474e-06	4.141571e-05	0.1	9.764474e-06	0.3661143	0.1	9.764474e-06	0.002291627	0.1	9.764474e-06	7.814934e-05	0.1	9.764474e-06	0.02151433	0.1	9.764474e-06	8.343056e-05	0.1	9.764474e-06	1.274197e-05	0.1	9.764474e-06	2.304156e-08	0.1	9.764474e-06	4.334444e-06	0.1	9.764474e-06	1.194759e-11	0.1
1.051785e-05	0.559587	0.1	1.051785e-05	0.0263927	0.1	1.051785e-05	3.002389e-07	0.1	1.051785e-05	4.451532e-05	0.1	1.051785e-05	0.3647531	0.1	1.051785e-05	0.002283598	0.1	1.051785e-05	7.79331e-05	0.1	1.051785e-05	0.02329122	0.1	1.051785e-05	8.319969e-05	0.1	1.051785e-05	1.270671e-05	0.1	1.051785e-05	2.548816e-08	0.1	1.051785e-05	4.32245e-06	0.1	1.051785e-05	1.191453e-11	0.1
1.132792e-05	0.5573543	0.1	1.132792e-05	0.0262874	0.1	1.132792e-05	2.994117e-07	0.1	1.132792e-05	4.782622e-05	0.1	1.132792e-05	0.3632978	0.1	1.132792e-05	0.002274778	0.1	1.132792e-05	7.770181e-05	0.1	1.132792e-05	0.02519113	0.1	1.132792e-05	8.295276e-05	0.1	1.132792e-05	1.2669e-05	0.1	1.132792e-05	2.82159e-08	0.1	1.132792e-05	4.309621e-06	0.1	1.132792e-05	1.187917e-11	0.1
1.224897e-05	0.5548317	0.1	1.224897e-05	0.02616843	0.1	1.224897e-05	2.984767e-07	0.1	1.224897e-05	5.156325e-05	0.1	1.224897e-05	0.3616535	0.1	1.224897e-05	0.002264658	0.1	1.224897e-05	7.744039e-05	0.1	1.224897e-05	0.02733781	0.1	1.224897e-05	8.267366e-05	0.1	1.224897e-05	1.262637e-05	0.1	1.224897e-05	3.14364e-08	0.1	1.224897e-05	4.295121e-06	0.1	1.224897e-05	1.183921e-11	0.1
1.3244e-05	0.5521255	0.1	1.3244e-05	0.02604079	0.1	1.3244e-05	2.974731e-07	0.1	1.3244e-05	5.556794e-05	0.1	1.3244e-05	0.3598896	0.1	1.3244e-05	0.002253711	0.1	1.3244e-05	7.715982e-05	0.1	1.3244e-05	0.02964084	0.1	1.3244e-05	8.237411e-05	0.1	1.3244e-05	1.258062e-05	0.1	1.3244e-05	3.505374e-08	0.1	1.3244e-05	4.279559e-06	0.1	1.3244e-05	1.179631e-11	0.1
1.44274e-05	0.5489324	0.1	1.44274e-05	0.02589019	0.1	1.44274e-05	2.962884e-07	0.1	1.44274e-05	6.028727e-05	0.1	1.44274e-05	0.3578082	0.1	1.44274e-05	0.00224074	0.1	1.44274e-05	7.68286e-05	0.1	1.44274e-05	0.03235827	0.1	1.44274e-05	8.202049e-05	0.1	1.44274e-05	1.252662e-05	0.1	1.44274e-05	3.953593e-08	0.1	1.44274e-05	4.261188e-06	0.1	1.44274e-05	1.174567e-11	0.1
1.577229e-05	0.5453366	0.1	1.577229e-05	0.02572059	0.1	1.577229e-05	2.949534e-07	0.1	1.577229e-05	6.5594e-05	0.1	1.577229e-05	0.3554644	0.1	1.577229e-05	0.002226106	0.1	1.577229e-05	7.645541e-05	0.1	1.577229e-05	0.03541839	0.1	1.577229e-05	8.162206e-05	0.1	1.577229e-05	1.246577e-05	0.1	1.577229e-05	4.485656e-08	0.1	1.577229e-05	4.240488e-06	0.1	1.577229e-05	1.168862e-11	0.1
1.728879e-05	0.5413237	0.1	1.728879e-05	0.02553132	0.1	1.728879e-05	2.934625e-07	0.1	1.728879e-05	7.150659e-05	0.1	1.728879e-05	0.3528487	0.1	1.728879e-05	0.002209764	0.1	1.728879e-05	7.603867e-05	0.1	1.728879e-05	0.03883351	0.1	1.728879e-05	8.117713e-05	0.1	1.728879e-05	1.239781e-05	0.1	1.728879e-05	5.112894e-08	0.1	1.728879e-05	4.217373e-06	0.1	1.728879e-05	1.16249e-11	0.1
1.922971e-05	0.5362511	0.1	1.922971e-05	0.02529208	0.1	1.922971e-05	2.915763e-07	0.1	1.922971e-05	7.896554e-05	0.1	1.922971e-05	0.3495422	0.1	1.922971e-05	0.002189104	0.1	1.922971e-05	7.551146e-05	0.1	1.922971e-05	0.04315045	0.1	1.922971e-05	8.061427e-05	0.1	1.922971e-05	1.231185e-05	0.1	1.922971e-05	5.95465e-08	0.1	1.922971e-05	4.188131e-06	0.1	1.922971e-05	1.15443e-11	0.1
2.160401e-05	0.5301407	0.1	2.160401e-05	0.02500389	0.1	2.160401e-05	2.893019e-07	0.1	2.160401e-05	8.792786e-05	0.1	2.160401e-05	0.3455593	0.1	2.160401e-05	0.002164221	0.1	2.160401e-05	7.487579e-05	0.1	2.160401e-05	0.04835057	0.1	2.160401e-05	7.99356e-05	0.1	2.160401e-05	1.22082e-05	0.1	2.160401e-05	7.037527e-08	0.1	2.160401e-05	4.152873e-06	0.1	2.160401e-05	1.144712e-11	0.1
2.453196e-05	0.5227458	0.1	2.453196e-05	0.02465511	0.1	2.453196e-05	2.865457e-07	0.1	2.453196e-05	9.874052e-05	0.1	2.453196e-05	0.3407391	0.1	2.453196e-05	0.002134115	0.1	2.453196e-05	7.410556e-05	0.1	2.453196e-05	0.05464389	0.1	2.453196e-05	7.911327e-05	0.1	2.453196e-05	1.208261e-05	0.1	2.453196e-05	8.440823e-08	0.1	2.453196e-05	4.110151e-06	0.1	2.453196e-05	1.132936e-11	0.1
2.851883e-05	0.512918	0.1	2.851883e-05	0.02419158	0.1	2.851883e-05	2.828765e-07	0.1	2.851883e-05	0.0001130517	0.1	2.851883e-05	0.3343331	0.1	2.851883e-05	0.002094119	0.1	2.851883e-05	7.308031e-05	0.1	2.851883e-05	0.0630078	0.1	2.851883e-05	7.801867e-05	0.1	2.851883e-05	1.191544e-05	0.1	2.851883e-05	1.044187e-07	0.1	2.851883e-05	4.053284e-06	0.1	2.851883e-05	1.117261e-11	0.1
3.569518e-05	0.4958973	0.1	3.569518e-05	0.02338881	0.1	3.569518e-05	2.765043e-07	0.1	3.569518e-05	0.000137671	0.1	3.569518e-05	0.3232386	0.1	3.569518e-05	0.002024891	0.1	3.569518e-05	7.130012e-05	0.1	3.569518e-05	0.0774931	0.1	3.569518e-05	7.611807e-05	0.1	3.569518e-05	1.162517e-05	0.1	3.569518e-05	1.416893e-07	0.1	3.569518e-05	3.954544e-06	0.1	3.569518e-05	1.090045e-11	0.1
4.679475e-05	0.4711489	0.1	4.679475e-05	0.02222156	0.1	4.679475e-05	2.671963e-07	0.1	4.679475e-05	0.0001730672	0.1	4.679475e-05	0.307107	0.1	4.679475e-05	0.001924328	0.1	4.679475e-05	6.870052e-05	0.1	4.679475e-05	0.09855519	0.1	4.679475e-05	7.334263e-05	0.1	4.679475e-05	1.120128e-05	0.1	4.679475e-05	1.974868e-07	0.1	4.679475e-05	3.810354e-06	0.1	4.679475e-05	1.050301e-11	0.1
6.210735e-05	0.4398359	0.1	6.210735e-05	0.02074469	0.1	6.210735e-05	2.553395e-07	0.1	6.210735e-05	0.0002171005	0.1	6.210735e-05	0.2866963	0.1	6.210735e-05	0.001797266	0.1	6.210735e-05	6.539017e-05	0.1	6.210735e-05	0.1252044	0.1	6.210735e-05	6.980837e-05	0.1	6.210735e-05	1.066151e-05	0.1	6.210735e-05	2.6088e-07	0.1	6.210735e-05	3.626741e-06	0.1	6.210735e-05	9.9969e-12	0.1
8.155455e-05	0.404184	0.1	8.155455e-05	0.01906318	0.1	8.155455e-05	2.417142e-07	0.1	8.155455e-05	0.0002660549	0.1	8.155455e-05	0.2634575	0.1	8.155455e-05	0.001652858	0.1	8.155455e-05	6.158774e-05	0.1	8.155455e-05	0.155547	0.1	8.155455e-05	6.574874e-05	0.1	8.155455e-05	1.00415e-05	0.1	8.155455e-05	3.143072e-07	0.1	8.155455e-05	3.415834e-06	0.1	8.155455e-05	9.415562e-12	0.1
0.0001047653	0.366734	0.1	0.0001047653	0.01729687	0.1	0.0001047653	2.272287e-07	0.1	0.0001047653	0.0003158491	0.1	0.0001047653	0.2390466	0.1	0.0001047653	0.001501499	0.1	0.0001047653	5.754788e-05	0.1	0.0001047653	0.1874205	0.1	0.0001047653	6.143562e-05	0.1	0.0001047653	9.382773e-06	0.1	0.0001047653	3.509192e-07	0.1	0.0001047653	3.191757e-06	0.1	0.0001047653	8.797924e-12	0.1
0.0001300983	0.3311246	0.1	0.0001300983	0.01561737	0.1	0.0001300983	2.132524e-07	0.1	0.0001300983	0.0003612887	0.1	0.0001300983	0.2158355	0.1	0.0001300983	0.001357931	0.1	0.0001300983	5.365368e-05	0.1	0.0001300983	0.2177285	0.1	0.0001300983	5.7278e-05	0.1	0.0001300983	8.747797e-06	0.1	0.0001300983	3.74236e-07	0.1	0.0001300983	2.97576e-06	0.1	0.0001300983	8.202555e-12	0.1
0.0001639201	0.2905273	0.1	0.0001639201	0.01370261	0.1	0.0001639201	1.970136e-07	0.1	0.0001639201	0.0004102245	0.1	0.0001639201	0.1893732	0.1	0.0001639201	0.001194726	0.1	0.0001639201	4.913522e-05	0.1	0.0001639201	0.2522832	0.1	0.0001639201	5.24539e-05	0.1	0.0001639201	8.011028e-06	0.1	0.0001639201	3.930141e-07	0.1	0.0001639201	2.725136e-06	0.1	0.0001639201	7.511744e-12	0.1
0.0002043299	0.2502515	0.1	0.0002043299	0.01180301	0.1	0.0002043299	1.804855e-07	0.1	0.0002043299	0.0004548393	0.1	0.0002043299	0.1631203	0.1	0.0002043299	0.00103338	0.1	0.0002043299	4.454542e-05	0.1	0.0002043299	0.2865662	0.1	0.0002043299	4.755362e-05	0.1	0.0002043299	7.262625e-06	0.1	0.0002043299	4.05861e-07	0.1	0.0002043299	2.470555e-06	0.1	0.0002043299	6.810026e-12	0.1
0.0002491316	0.2136667	0.1	0.0002491316	0.01007751	0.1	0.0002491316	1.649868e-07	0.1	0.0002491316	0.0004907991	0.1	0.0002491316	0.1392734	0.1	0.0002491316	0.0008873811	0.1	0.0002491316	4.025308e-05	0.1	0.0002491316	0.3177096	0.1	0.0002491316	4.297091e-05	0.1	0.0002491316	6.562721e-06	0.1	0.0002491316	4.131482e-07	0.1	0.0002491316	2.232472e-06	0.1	0.0002491316	6.153783e-12	0.1
0.0002939333	0.1836013	0.1	0.0002939333	0.008659487	0.1	0.0002939333	1.517812e-07	0.1	0.0002939333	0.0005159401	0.1	0.0002939333	0.1196761	0.1	0.0002939333	0.0007678529	0.1	0.0002939333	3.660783e-05	0.1	0.0002939333	0.3433055	0.1	0.0002939333	3.907906e-05	0.1	0.0002939333	5.96833e-06	0.1	0.0002939333	4.160097e-07	0.1	0.0002939333	2.03028e-06	0.1	0.0002939333	5.596471e-12	0.1
0.000338735	0.1586032	0.1	0.000338735	0.007480458	0.1	0.000338735	1.403684e-07	0.1	0.000338735	0.0005327694	0.1	0.000338735	0.1033816	0.1	0.000338735	0.0006688196	0.1	0.000338735	3.346927e-05	0.1	0.000338735	0.3645896	0.1	0.000338735	3.572816e-05	0.1	0.000338735	5.456556e-06	0.1	0.000338735	4.160697e-07	0.1	0.000338735	1.856193e-06	0.1	0.000338735	5.116624e-12	0.1
0.0003835367	0.1376155	0.1	0.0003835367	0.006490581	0.1	0.0003835367	1.303848e-07	0.1	0.0003835367	0.0005431182	0.1	0.0003835367	0.08970128	0.1	0.0003835367	0.0005859444	0.1	0.0003835367	3.073533e-05	0.1	0.0003835367	0.3824611	0.1	0.0003835367	3.280927e-05	0.1	0.0003835367	5.010759e-06	0.1	0.0003835367	4.142768e-07	0.1	0.0003835367	1.704548e-06	0.1	0.0003835367	4.698639e-12	0.1
0.0004283384	0.1198507	0.1	0.0004283384	0.005652715	0.1	0.0004283384	1.215602e-07	0.1	0.0004283384	0.0005483569	0.1	0.0004283384	0.07812179	0.1	0.0004283384	0.0005160056	0.1	0.0004283384	2.833009e-05	0.1	0.0004283384	0.39759	0.1	0.0004283384	3.024131e-05	0.1	0.0004283384	4.618558e-06	0.1	0.0004283384	4.112197e-07	0.1	0.0004283384	1.571135e-06	0.1	0.0004283384	4.330906e-12	0.1
0.0004596996	0.1090066	0.1	0.0004596996	0.005141253	0.1	0.0004596996	1.159608e-07	0.1	0.0004596996	0.0005495539	0.1	0.0004596996	0.07105328	0.1	0.0004596996	0.0004734136	0.1	0.0004596996	2.681054e-05	0.1	0.0004596996	0.4068262	0.1	0.0004596996	2.861895e-05	0.1	0.0004596996	4.370777e-06	0.1	0.0004596996	4.085373e-07	0.1	0.0004596996	1.486849e-06	0.1	0.0004596996	4.098584e-12	0.1
0.0004709	0.1054125	0.1	0.0004709	0.004971739	0.1	0.0004709	1.140631e-07	0.1	0.0004709	0.0005495564	0.1	0.0004709	0.06871055	0.1	0.0004709	0.0004593149	0.1	0.0004709	2.629688e-05	0.1	0.0004709	0.4098876	0.1	0.0004709	2.807053e-05	0.1	0.0004709	4.287018e-06	0.1	0.0004709	4.074933e-07	0.1	0.0004709	1.458357e-06	0.1	0.0004709	4.020051e-12	0.1
0.0004821005	0.1019542	0.1	0.0004821005	0.004808631	0.1	0.0004821005	1.122154e-07	0.1	0.0004821005	0.0005493543	0.1	0.0004821005	0.06645637	0.1	0.0004821005	0.0004457576	0.1	0.0004821005	2.579744e-05	0.1	0.0004821005	0.4128334	0.1	0.0004821005	2.753729e-05	0.1	0.0004821005	4.205577e-06	0.1	0.0004821005	4.064097e-07	0.1	0.0004821005	1.430654e-06	0.1	0.0004821005	3.943692e-12	0.1
0.0004933009	0.09862554	0.1	0.0004933009	0.004651636	0.1	0.0004933009	1.104155e-07	0.1	0.0004933009	0.0005489587	0.1	0.0004933009	0.06428665	0.1	0.0004933009	0.0004327162	0.1	0.0004933009	2.531162e-05	0.1	0.0004933009	0.4156689	0.1	0.0004933009	2.701862e-05	0.1	0.0004933009	4.12636e-06	0.1	0.0004933009	4.052897e-07	0.1	0.0004933009	1.403707e-06	0.1	0.0004933009	3.869417e-12	0.1
0.0005045013	0.09542058	0.1	0.0005045013	0.004500475	0.1	0.0005045013	1.086615e-07	0.1	0.0005045013	0.0005483799	0.1	0.0005045013	0.06219758	0.1	0.0005045013	0.0004201671	0.1	0.0005045013	2.483887e-05	0.1	0.0005045013	0.4183992	0.1	0.0005045013	2.651388e-05	0.1	0.0005045013	4.049272e-06	0.1	0.0005045013	4.041363e-07	0.1	0.0005045013	1.377484e-06	0.1	0.0005045013	3.797139e-12	0.1
0.0005206748	0.09099971	0.1	0.0005206748	0.004291967	0.1	0.0005206748	1.062059e-07	0.1	0.0005206748	0.0005472406	0.1	0.0005206748	0.05931595	0.1	0.0005206748	0.0004028692	0.1	0.0005206748	2.41782e-05	0.1	0.0005206748	0.4221654	0.1	0.0005206748	2.58085e-05	0.1	0.0005206748	3.94154e-06	0.1	0.0005206748	4.024169e-07	0.1	0.0005206748	1.340837e-06	0.1	0.0005206748	3.696128e-12	0.1
0.0005439637	0.0850357	0.1	0.0005439637	0.004010676	0.1	0.0005439637	1.028204e-07	0.1	0.0005439637	0.0005450197	0.1	0.0005439637	0.05542845	0.1	0.0005439637	0.0003795563	0.1	0.0005439637	2.326977e-05	0.1	0.0005439637	0.4272467	0.1	0.0005439637	2.483861e-05	0.1	0.0005439637	3.793409e-06	0.1	0.0005439637	3.99842e-07	0.1	0.0005439637	1.290449e-06	0.1	0.0005439637	3.55724e-12	0.1
0.0005779943	0.07709549	0.1	0.0005779943	0.00363618	0.1	0.0005779943	9.816626e-08	0.1	0.0005779943	0.0005406811	0.1	0.0005779943	0.05025282	0.1	0.0005779943	0.0003485604	0.1	0.0005779943	2.202591e-05	0.1	0.0005779943	0.4340123	0.1	0.0005779943	2.351059e-05	0.1	0.0005779943	3.59058e-06	0.1	0.0005779943	3.959027e-07	0.1	0.0005779943	1.221454e-06	0.1	0.0005779943	3.367067e-12	0.1
0.0006180001	0.06880029	0.1	0.0006180001	0.00324494	0.1	0.0006180001	9.309314e-08	0.1	0.0006180001	0.0005341637	0.1	0.0006180001	0.0448458	0.1	0.0006180001	0.0003162313	0.1	0.0006180001	2.067737e-05	0.1	0.0006180001	0.4410816	0.1	0.0006180001	2.207081e-05	0.1	0.0006180001	3.370681e-06	0.1	0.0006180001	3.91058e-07	0.1	0.0006180001	1.146652e-06	0.1	0.0006180001	3.160889e-12	0.1
0.0006667046	0.06000437	0.1	0.0006667046	0.002830083	0.1	0.0006667046	8.74256e-08	0.1	0.0006667046	0.0005245407	0.1	0.0006667046	0.03911239	0.1	0.0006667046	0.0002820113	0.1	0.0006667046	1.918103e-05	0.1	0.0006667046	0.448579	0.1	0.0006667046	2.047322e-05	0.1	0.0006667046	3.12668e-06	0.1	0.0006667046	3.849261e-07	0.1	0.0006667046	1.063651e-06	0.1	0.0006667046	2.932113e-12	0.1
0.0007154091	0.05242283	0.1	0.0007154091	0.002472503	0.1	0.0007154091	8.224331e-08	0.1	0.0007154091	0.000513449	0.1	0.0007154091	0.03417055	0.1	0.0007154091	0.0002525674	0.1	0.0007154091	1.782353e-05	0.1	0.0007154091	0.4550429	0.1	0.0007154091	1.902388e-05	0.1	0.0007154091	2.905318e-06	0.1	0.0007154091	3.786096e-07	0.1	0.0007154091	9.883522e-07	0.1	0.0007154091	2.724564e-12	0.1
0.0007641136	0.04586712	0.1	0.0007641136	0.002163305	0.1	0.0007641136	7.748242e-08	0.1	0.0007641136	0.0005012252	0.1	0.0007641136	0.02989736	0.1	0.0007641136	0.0002271469	0.1	0.0007641136	1.658667e-05	0.1	0.0007641136	0.4606336	0.1	0.0007641136	1.770333e-05	0.1	0.0007641136	2.703627e-06	0.1	0.0007641136	3.721657e-07	0.1	0.0007641136	9.197444e-07	0.1	0.0007641136	2.53546e-12	0.1
0.0008128181	0.04018277	0.1	0.0008128181	0.001895205	0.1	0.0008128181	7.309061e-08	0.1	0.0008128181	0.0004881442	0.1	0.0008128181	0.02619216	0.1	0.0008128181	0.0002051353	0.1	0.0008128181	1.545548e-05	0.1	0.0008128181	0.4654826	0.1	0.0008128181	1.64956e-05	0.1	0.0008128181	2.519165e-06	0.1	0.0008128181	3.656372e-07	0.1	0.0008128181	8.569974e-07	0.1	0.0008128181	2.36251e-12	0.1
0.0008517817	0.03617615	0.1	0.0008517817	0.001706234	0.1	0.0008517817	6.981354e-08	0.1	0.0008517817	0.0004772161	0.1	0.0008517817	0.02358054	0.1	0.0008517817	0.0001896375	0.1	0.0008517817	1.461818e-05	0.1	0.0008517817	0.4689013	0.1	0.0008517817	1.560164e-05	0.1	0.0008517817	2.382626e-06	0.1	0.0008517817	3.603759e-07	0.1	0.0008517817	8.105519e-07	0.1	0.0008517817	2.234492e-12	0.1
0.000866393	0.03478474	0.1	0.000866393	0.001640609	0.1	0.000866393	6.863444e-08	0.1	0.000866393	0.0004730347	0.1	0.000866393	0.02267359	0.1	0.000866393	0.0001842588	0.1	0.000866393	1.431842e-05	0.1	0.000866393	0.4700888	0.1	0.000866393	1.528161e-05	0.1	0.000866393	2.333746e-06	0.1	0.000866393	3.583972e-07	0.1	0.000866393	7.939247e-07	0.1	0.000866393	2.188662e-12	0.1
0.0008832345	0.03325077	0.1	0.0008832345	0.00156826	0.1	0.0008832345	6.730723e-08	0.1	0.0008832345	0.000468168	0.1	0.0008832345	0.0216737	0.1	0.0008832345	0.000178331	0.1	0.0008832345	1.398203e-05	0.1	0.0008832345	0.471398	0.1	0.0008832345	1.492246e-05	0.1	0.0008832345	2.278891e-06	0.1	0.0008832345	3.561139e-07	0.1	0.0008832345	7.752649e-07	0.1	0.0008832345	2.13723e-12	0.1
0.0009070741	0.03120011	0.1	0.0009070741	0.001471541	0.1	0.0009070741	6.548446e-08	0.1	0.0009070741	0.0004612054	0.1	0.0009070741	0.02033703	0.1	0.0009070741	0.0001704097	0.1	0.0009070741	1.352183e-05	0.1	0.0009070741	0.4731486	0.1	0.0009070741	1.443113e-05	0.1	0.0009070741	2.203846e-06	0.1	0.0009070741	3.528787e-07	0.1	0.0009070741	7.497373e-07	0.1	0.0009070741	2.066869e-12	0.1
0.0009420214	0.02843075	0.1	0.0009420214	0.001340925	0.1	0.0009420214	6.292435e-08	0.1	0.0009420214	0.0004508756	0.1	0.0009420214	0.01853189	0.1	0.0009420214	0.000159718	0.1	0.0009420214	1.287915e-05	0.1	0.0009420214	0.4755131	0.1	0.0009420214	1.374497e-05	0.1	0.0009420214	2.099044e-06	0.1	0.0009420214	3.481337e-07	0.1	0.0009420214	7.140877e-07	0.1	0.0009420214	1.968608e-12	0.1
0.000984374	0.02541542	0.1	0.000984374	0.001198709	0.1	0.000984374	5.998761e-08	0.1	0.000984374	0.0004382239	0.1	0.000984374	0.01656642	0.1	0.000984374	0.0001480844	0.1	0.000984374	1.214756e-05	0.1	0.000984374	0.4780884	0.1	0.000984374	1.296388e-05	0.1	0.000984374	1.979741e-06	0.1	0.000984374	3.423876e-07	0.1	0.000984374	6.735054e-07	0.1	0.000984374	1.856752e-12	0.1
0.001036365	0.0221632	0.1	0.001036365	0.001045319	0.1	0.001036365	5.660974e-08	0.1	0.001036365	0.0004225979	0.1	0.001036365	0.01444654	0.1	0.001036365	0.0001355456	0.1	0.001036365	1.131405e-05	0.1	0.001036365	0.4808672	0.1	0.001036365	1.207399e-05	0.1	0.001036365	1.843818e-06	0.1	0.001036365	3.353534e-07	0.1	0.001036365	6.272697e-07	0.1	0.001036365	1.729313e-12	0.1
0.001088357	0.01934037	0.1	0.001088357	0.0009121812	0.1	0.001088357	5.345919e-08	0.1	0.001088357	0.0004069774	0.1	0.001088357	0.01260655	0.1	0.001088357	0.0001246694	0.1	0.001088357	1.054495e-05	0.1	0.001088357	0.4832802	0.1	0.001088357	1.125287e-05	0.1	0.001088357	1.718398e-06	0.1	0.001088357	3.283546e-07	0.1	0.001088357	5.846065e-07	0.1	0.001088357	1.611722e-12	0.1
0.001140348	0.01688712	0.1	0.001140348	0.0007964745	0.1	0.001140348	5.051471e-08	0.1	0.001140348	0.0003914594	0.1	0.001140348	0.01100746	0.1	0.001140348	0.0001152223	0.1	0.001140348	9.833991e-06	0.1	0.001140348	0.4853783	0.1	0.001140348	1.049383e-05	0.1	0.001140348	1.602457e-06	0.1	0.001140348	3.214037e-07	0.1	0.001140348	5.451679e-07	0.1	0.001140348	1.503018e-12	0.1
0.001171543	0.01557113	0.1	0.001171543	0.0007344063	0.1	0.001171543	4.883918e-08	0.1	0.001171543	0.0003822315	0.1	0.001171543	0.01014966	0.1	0.001171543	0.0001101565	0.1	0.001171543	9.433033e-06	0.1	0.001171543	0.4865043	0.1	0.001171543	1.006575e-05	0.1	0.001171543	1.53707e-06	0.1	0.001171543	3.172605e-07	0.1	0.001171543	5.229257e-07	0.1	0.001171543	1.441713e-12	0.1
0.001184541	0.01505432	0.1	0.001184541	0.000710031	0.1	0.001184541	4.816012e-08	0.1	0.001184541	0.0003784094	0.1	0.001184541	0.009812789	0.1	0.001184541	0.0001081674	0.1	0.001184541	9.271307e-06	0.1	0.001184541	0.4869466	0.1	0.001184541	9.89309e-06	0.1	0.001184541	1.510696e-06	0.1	0.001184541	3.155409e-07	0.1	0.001184541	5.139542e-07	0.1	0.001184541	1.416986e-12	0.1
0.001197538	0.01455508	0.1	0.001197538	0.0006864846	0.1	0.001197538	4.749193e-08	0.1	0.001197538	0.0003746022	0.1	0.001197538	0.009487372	0.1	0.001197538	0.0001062461	0.1	0.001197538	9.112619e-06	0.1	0.001197538	0.4873739	0.1	0.001197538	9.723674e-06	0.1	0.001197538	1.484818e-06	0.1	0.001197538	3.138254e-07	0.1	0.001197538	5.051514e-07	0.1	0.001197538	1.392723e-12	0.1
0.00121802	0.01380257	0.1	0.00121802	0.0006509929	0.1	0.00121802	4.646052e-08	0.1	0.00121802	0.0003686356	0.1	0.00121802	0.008996868	0.1	0.00121802	0.0001033504	0.1	0.00121802	8.868562e-06	0.1	0.00121802	0.4880182	0.1	0.00121802	9.463114e-06	0.1	0.00121802	1.445017e-06	0.1	0.00121802	3.111309e-07	0.1	0.00121802	4.916127e-07	0.1	0.00121802	1.355407e-12	0.1
0.001244134	0.01290047	0.1	0.001244134	0.0006084459	0.1	0.001244134	4.518234e-08	0.1	0.001244134	0.00036109	0.1	0.001244134	0.008408859	0.1	0.001244134	9.987962e-05	0.1	0.001244134	8.56765e-06	0.1	0.001244134	0.4887907	0.1	0.001244134	9.141858e-06	0.1	0.001244134	1.395944e-06	0.1	0.001244134	3.077113e-07	0.1	0.001244134	4.749201e-07	0.1	0.001244134	1.309398e-12	0.1
0.001282474	0.01168386	0.1	0.001282474	0.0005510646	0.1	0.001282474	4.337735e-08	0.1	0.001282474	0.0003501499	0.1	0.001282474	0.007615837	0.1	0.001282474	9.519941e-05	0.1	0.001282474	8.14572e-06	0.1	0.001282474	0.489833	0.1	0.001282474	8.691405e-06	0.1	0.001282474	1.327136e-06	0.1	0.001282474	3.027253e-07	0.1	0.001282474	4.515141e-07	0.1	0.001282474	1.244885e-12	0.1
0.001328026	0.01038926	0.1	0.001328026	0.0004900053	0.1	0.001328026	4.133741e-08	0.1	0.001328026	0.0003373862	0.1	0.001328026	0.006771983	0.1	0.001328026	9.022e-05	0.1	0.001328026	7.67329e-06	0.1	0.001328026	0.4909427	0.1	0.001328026	8.187043e-06	0.1	0.001328026	1.25009e-06	0.1	0.001328026	2.96858e-07	0.1	0.001328026	4.253063e-07	0.1	0.001328026	1.17265e-12	0.1
