Batch	m_SP	11	N1a_L	N3	N4	N5	N6	N7a	N7c	N7b	Flvln	Nphln	Azln																			
4.999125e-08	0.98941879967	0.1	4.999125e-08	1.804014e-07	0.1	4.999125e-08	8.076352e-11	0.1	4.999125e-08	2.097553e-05	0.1	4.999125e-08	1.461819e-10	0.1	4.999125e-08	0.0001491441	0.1	4.999125e-08	0.007495157	0.1	4.999125e-08	0.002780162	0.1	4.999125e-08	1.356233e-05	0.1	4.999125e-08	5.420337e-05	0.1	4.999125e-08	1.841687e-09	0.1
5.401461e-08	0.9887964982999999	0.1	5.401461e-08	1.769895e-07	0.1	5.401461e-08	7.923534e-11	0.1	5.401461e-08	2.0565e-05	0.1	5.401461e-08	1.434183e-10	0.1	5.401461e-08	0.0001461887	0.1	5.401461e-08	0.007746385	0.1	5.401461e-08	0.003143429	0.1	5.401461e-08	1.435354e-05	0.1	5.401461e-08	5.901786e-05	0.1	5.401461e-08	2.008877e-09	0.1
5.803798e-08	0.98818494405	0.1	5.803798e-08	1.741882e-07	0.1	5.803798e-08	7.798068e-11	0.1	5.803798e-08	2.017154e-05	0.1	5.803798e-08	1.411491e-10	0.1	5.803798e-08	0.0001437632	0.1	5.803798e-08	0.007975228	0.1	5.803798e-08	0.003517953	0.1	5.803798e-08	1.513014e-05	0.1	5.803798e-08	6.3739e-05	0.1	5.803798e-08	2.180366e-09	0.1
6.206134e-08	0.98758228689	0.1	6.206134e-08	1.718852e-07	0.1	6.206134e-08	7.694922e-11	0.1	6.206134e-08	1.98037e-05	0.1	6.206134e-08	1.392836e-10	0.1	6.206134e-08	0.0001417701	0.1	6.206134e-08	0.008184655	0.1	6.206134e-08	0.003902753	0.1	6.206134e-08	1.589454e-05	0.1	6.206134e-08	6.837188e-05	0.1	6.206134e-08	2.356271e-09	0.1
6.60847e-08	0.98698692354	0.1	6.60847e-08	1.699889e-07	0.1	6.60847e-08	7.609992e-11	0.1	6.60847e-08	1.946604e-05	0.1	6.60847e-08	1.377474e-10	0.1	6.60847e-08	0.0001401297	0.1	6.60847e-08	0.008377143	0.1	6.60847e-08	0.004296974	0.1	6.60847e-08	1.664873e-05	0.1	6.60847e-08	7.292309e-05	0.1	6.60847e-08	2.536689e-09	0.1
7.044209e-08	0.9863489911300002	0.1	7.044209e-08	1.683076e-07	0.1	7.044209e-08	7.534688e-11	0.1	7.044209e-08	1.913645e-05	0.1	7.044209e-08	1.363852e-10	0.1	7.044209e-08	0.0001386763	0.1	7.044209e-08	0.0085689	0.1	7.044209e-08	0.004733688	0.1	7.044209e-08	1.745586e-05	0.1	7.044209e-08	7.776844e-05	0.1	7.044209e-08	2.737263e-09	0.1
7.530052e-08	0.98564436604	0.1	7.530052e-08	1.667984e-07	0.1	7.530052e-08	7.4671e-11	0.1	7.530052e-08	1.881298e-05	0.1	7.530052e-08	1.351626e-10	0.1	7.530052e-08	0.0001373728	0.1	7.530052e-08	0.008764812	0.1	7.530052e-08	0.0052316	0.1	7.530052e-08	1.83459e-05	0.1	7.530052e-08	8.307961e-05	0.1	7.530052e-08	2.967339e-09	0.1
8.015895e-08	0.9849454719300001	0.1	8.015895e-08	1.655936e-07	0.1	8.015895e-08	7.413141e-11	0.1	8.015895e-08	1.853351e-05	0.1	8.015895e-08	1.341864e-10	0.1	8.015895e-08	0.0001363334	0.1	8.015895e-08	0.008944265	0.1	8.015895e-08	0.005740122	0.1	8.015895e-08	1.922722e-05	0.1	8.015895e-08	8.830671e-05	0.1	8.015895e-08	3.204282e-09	0.1
8.501738e-08	0.9842511843399999	0.1	8.501738e-08	1.646269e-07	0.1	8.501738e-08	7.369845e-11	0.1	8.501738e-08	1.829428e-05	0.1	8.501738e-08	1.33403e-10	0.1	8.501738e-08	0.0001355004	0.1	8.501738e-08	0.009109308	0.1	8.501738e-08	0.006258377	0.1	8.501738e-08	2.01012e-05	0.1	8.501738e-08	9.346155e-05	0.1	8.501738e-08	3.44815e-09	0.1
8.987581e-08	0.9835606664	0.1	8.987581e-08	1.638464e-07	0.1	8.987581e-08	7.334891e-11	0.1	8.987581e-08	1.809092e-05	0.1	8.987581e-08	1.327706e-10	0.1	8.987581e-08	0.000134829	0.1	8.987581e-08	0.009261631	0.1	8.987581e-08	0.006785593	0.1	8.987581e-08	2.096893e-05	0.1	8.987581e-08	9.855474e-05	0.1	8.987581e-08	3.698988e-09	0.1
9.55131e-08	0.98276308497	0.1	9.55131e-08	1.631212e-07	0.1	9.55131e-08	7.302414e-11	0.1	9.55131e-08	1.789399e-05	0.1	9.55131e-08	1.321829e-10	0.1	9.55131e-08	0.0001342065	0.1	9.55131e-08	0.00942427	0.1	9.55131e-08	0.007407657	0.1	9.55131e-08	2.196902e-05	0.1	9.55131e-08	0.0001043995	0.1	9.55131e-08	3.998812e-09	0.1
1.013451e-07	0.9819413438400001	0.1	1.013451e-07	1.62526e-07	0.1	1.013451e-07	7.275764e-11	0.1	1.013451e-07	1.772761e-05	0.1	1.013451e-07	1.317006e-10	0.1	1.013451e-07	0.0001336971	0.1	1.013451e-07	0.009578407	0.1	1.013451e-07	0.008061927	0.1	1.013451e-07	2.299699e-05	0.1	1.013451e-07	0.0001103855	0.1	1.013451e-07	4.318942e-09	0.1
1.071771e-07	0.9811222583200001	0.1	1.071771e-07	1.620489e-07	0.1	1.071771e-07	7.254396e-11	0.1	1.071771e-07	1.759257e-05	0.1	1.071771e-07	1.313139e-10	0.1	1.071771e-07	0.0001332899	0.1	1.071771e-07	0.009719807	0.1	1.071771e-07	0.008726181	0.1	1.071771e-07	2.401897e-05	0.1	1.071771e-07	0.0001163211	0.1	1.071771e-07	4.649208e-09	0.1
1.130091e-07	0.98030543688	0.1	1.130091e-07	1.616595e-07	0.1	1.130091e-07	7.236964e-11	0.1	1.130091e-07	1.748301e-05	0.1	1.130091e-07	1.309984e-10	0.1	1.130091e-07	0.0001329589	0.1	1.130091e-07	0.009849829	0.1	1.130091e-07	0.009399592	0.1	1.130091e-07	2.503549e-05	0.1	1.130091e-07	0.0001222159	0.1	1.130091e-07	4.989617e-09	0.1
1.198248e-07	0.9793531368	0.1	1.198248e-07	1.612863e-07	0.1	1.198248e-07	7.220251e-11	0.1	1.198248e-07	1.738065e-05	0.1	1.198248e-07	1.306958e-10	0.1	1.198248e-07	0.0001326429	0.1	1.198248e-07	0.009988877	0.1	1.198248e-07	0.0101972	0.1	1.198248e-07	2.621708e-05	0.1	1.198248e-07	0.0001290635	0.1	1.198248e-07	5.400289e-09	0.1
1.268864e-07	0.97836860849	0.1	1.268864e-07	1.609663e-07	0.1	1.268864e-07	7.205927e-11	0.1	1.268864e-07	1.729726e-05	0.1	1.268864e-07	1.304365e-10	0.1	1.268864e-07	0.0001323734	0.1	1.268864e-07	0.01011981	0.1	1.268864e-07	0.01103459	0.1	1.268864e-07	2.743445e-05	0.1	1.268864e-07	0.0001361205	0.1	1.268864e-07	5.840367e-09	0.1
1.33948e-07	0.97738596224	0.1	1.33948e-07	1.606942e-07	0.1	1.33948e-07	7.193746e-11	0.1	1.33948e-07	1.72313e-05	0.1	1.33948e-07	1.30216e-10	0.1	1.33948e-07	0.0001321453	0.1	1.33948e-07	0.01023877	0.1	1.33948e-07	0.01188212	0.1	1.33948e-07	2.864508e-05	0.1	1.33948e-07	0.0001431474	0.1	1.33948e-07	6.295262e-09	0.1
1.41866e-07	0.9762859748500001	0.1	1.41866e-07	1.604285e-07	0.1	1.41866e-07	7.181851e-11	0.1	1.41866e-07	1.717266e-05	0.1	1.41866e-07	1.300006e-10	0.1	1.41866e-07	0.0001319237	0.1	1.41866e-07	0.0103594	0.1	1.41866e-07	0.01284336	0.1	1.41866e-07	2.999471e-05	0.1	1.41866e-07	0.0001509983	0.1	1.41866e-07	6.822906e-09	0.1
1.503551e-07	0.9751085657	0.1	1.503551e-07	1.601749e-07	0.1	1.503551e-07	7.170499e-11	0.1	1.503551e-07	1.712274e-05	0.1	1.503551e-07	1.297951e-10	0.1	1.503551e-07	0.0001317132	0.1	1.503551e-07	0.01047532	0.1	1.503551e-07	0.01388541	0.1	1.503551e-07	3.14325e-05	0.1	1.503551e-07	0.0001593888	0.1	1.503551e-07	7.40917e-09	0.1
1.588441e-07	0.97393307201	0.1	1.588441e-07	1.599427e-07	0.1	1.588441e-07	7.160105e-11	0.1	1.588441e-07	1.70822e-05	0.1	1.588441e-07	1.296069e-10	0.1	1.588441e-07	0.0001315211	0.1	1.588441e-07	0.01057885	0.1	1.588441e-07	0.01493808	0.1	1.588441e-07	3.286074e-05	0.1	1.588441e-07	0.0001677573	0.1	1.588441e-07	8.01664e-09	0.1
1.687614e-07	0.97256181731	0.1	1.687614e-07	1.596889e-07	0.1	1.687614e-07	7.148741e-11	0.1	1.687614e-07	1.704287e-05	0.1	1.687614e-07	1.294011e-10	0.1	1.687614e-07	0.0001313118	0.1	1.687614e-07	0.01068583	0.1	1.687614e-07	0.01617974	0.1	1.687614e-07	3.451698e-05	0.1	1.687614e-07	0.000177511	0.1	1.687614e-07	8.753055e-09	0.1
1.790358e-07	0.97114354613	0.1	1.790358e-07	1.594382e-07	0.1	1.790358e-07	7.137521e-11	0.1	1.790358e-07	1.700809e-05	0.1	1.790358e-07	1.291979e-10	0.1	1.790358e-07	0.0001311055	0.1	1.790358e-07	0.01078262	0.1	1.790358e-07	0.01747793	0.1	1.790358e-07	3.621854e-05	0.1	1.790358e-07	0.0001875939	0.1	1.790358e-07	9.546216e-09	0.1
1.905484e-07	0.96955695841	0.1	1.905484e-07	1.591663e-07	0.1	1.905484e-07	7.125349e-11	0.1	1.905484e-07	1.697362e-05	0.1	1.905484e-07	1.289775e-10	0.1	1.905484e-07	0.000130882	0.1	1.905484e-07	0.01087617	0.1	1.905484e-07	0.01894489	0.1	1.905484e-07	3.810735e-05	0.1	1.905484e-07	0.000198869	0.1	1.905484e-07	1.04713e-08	0.1
2.028865e-07	0.9678596669500001	0.1	2.028865e-07	1.58881e-07	0.1	2.028865e-07	7.112581e-11	0.1	2.028865e-07	1.693984e-05	0.1	2.028865e-07	1.287464e-10	0.1	2.028865e-07	0.0001306478	0.1	2.028865e-07	0.01096123	0.1	2.028865e-07	0.02052928	0.1	2.028865e-07	4.010996e-05	0.1	2.028865e-07	0.0002109282	0.1	2.028865e-07	1.150505e-08	0.1
2.167963e-07	0.9659497931100001	0.1	2.167963e-07	1.585637e-07	0.1	2.167963e-07	7.09838e-11	0.1	2.167963e-07	1.690398e-05	0.1	2.167963e-07	1.284893e-10	0.1	2.167963e-07	0.0001303873	0.1	2.167963e-07	0.0110409	0.1	2.167963e-07	0.02232812	0.1	2.167963e-07	4.233985e-05	0.1	2.167963e-07	0.0002244954	0.1	2.167963e-07	1.272262e-08	0.1
2.317538e-07	0.96390053024	0.1	2.317538e-07	1.582255e-07	0.1	2.317538e-07	7.083242e-11	0.1	2.317538e-07	1.686685e-05	0.1	2.317538e-07	1.282152e-10	0.1	2.317538e-07	0.0001301097	0.1	2.317538e-07	0.01111031	0.1	2.317538e-07	0.02427452	0.1	2.317538e-07	4.470349e-05	0.1	2.317538e-07	0.0002390529	0.1	2.317538e-07	1.409301e-08	0.1
2.491261e-07	0.9615258553900001	0.1	2.491261e-07	1.57835e-07	0.1	2.491261e-07	7.065761e-11	0.1	2.491261e-07	1.682466e-05	0.1	2.491261e-07	1.278987e-10	0.1	2.491261e-07	0.0001297891	0.1	2.491261e-07	0.01117332	0.1	2.491261e-07	0.02654734	0.1	2.491261e-07	4.74024e-05	0.1	2.491261e-07	0.0002559206	0.1	2.491261e-07	1.576331e-08	0.1
2.671022e-07	0.9590751108800001	0.1	2.671022e-07	1.574326e-07	0.1	2.671022e-07	7.047748e-11	0.1	2.671022e-07	1.678157e-05	0.1	2.671022e-07	1.275726e-10	0.1	2.671022e-07	0.0001294587	0.1	2.671022e-07	0.01122218	0.1	2.671022e-07	0.02890937	0.1	2.671022e-07	5.014047e-05	0.1	2.671022e-07	0.00027333	0.1	2.671022e-07	1.757964e-08	0.1
2.882346e-07	0.9562021545300001	0.1	2.882346e-07	1.569613e-07	0.1	2.882346e-07	7.026649e-11	0.1	2.882346e-07	1.673128e-05	0.1	2.882346e-07	1.271906e-10	0.1	2.882346e-07	0.0001290716	0.1	2.882346e-07	0.01126262	0.1	2.882346e-07	0.03169522	0.1	2.882346e-07	5.328522e-05	0.1	2.882346e-07	0.0002937389	0.1	2.882346e-07	1.982775e-08	0.1
3.101562e-07	0.9532311664600001	0.1	3.101562e-07	1.56474e-07	0.1	3.101562e-07	7.004836e-11	0.1	3.101562e-07	1.667939e-05	0.1	3.101562e-07	1.267958e-10	0.1	3.101562e-07	0.0001286713	0.1	3.101562e-07	0.01128932	0.1	3.101562e-07	0.03459136	0.1	3.101562e-07	5.645924e-05	0.1	3.101562e-07	0.0003148448	0.1	3.101562e-07	2.228669e-08	0.1
3.320778e-07	0.9502697233099999	0.1	3.320778e-07	1.559883e-07	0.1	3.320778e-07	6.983096e-11	0.1	3.320778e-07	1.66277e-05	0.1	3.320778e-07	1.264022e-10	0.1	3.320778e-07	0.0001282723	0.1	3.320778e-07	0.011304	0.1	3.320778e-07	0.03749037	0.1	3.320778e-07	5.953996e-05	0.1	3.320778e-07	0.0003358847	0.1	3.320778e-07	2.487261e-08	0.1
3.558086e-07	0.9470744302	0.1	3.558086e-07	1.554644e-07	0.1	3.558086e-07	6.959641e-11	0.1	3.558086e-07	1.657196e-05	0.1	3.558086e-07	1.259776e-10	0.1	3.558086e-07	0.0001278418	0.1	3.558086e-07	0.01130953	0.1	3.558086e-07	0.04062874	0.1	3.558086e-07	6.276599e-05	0.1	3.558086e-07	0.000358587	0.1	3.558086e-07	2.781237e-08	0.1
3.822535e-07	0.94352663549	0.1	3.822535e-07	1.548826e-07	0.1	3.822535e-07	6.933601e-11	0.1	3.822535e-07	1.651008e-05	0.1	3.822535e-07	1.255062e-10	0.1	3.822535e-07	0.0001273637	0.1	3.822535e-07	0.01130616	0.1	3.822535e-07	0.04412303	0.1	3.822535e-07	6.622307e-05	0.1	3.822535e-07	0.0003837951	0.1	3.822535e-07	3.125665e-08	0.1
4.086983e-07	0.93999264506	0.1	4.086983e-07	1.543032e-07	0.1	4.086983e-07	6.907661e-11	0.1	4.086983e-07	1.644845e-05	0.1	4.086983e-07	1.250367e-10	0.1	4.086983e-07	0.0001268875	0.1	4.086983e-07	0.01129538	0.1	4.086983e-07	0.04761158	0.1	4.086983e-07	6.953045e-05	0.1	4.086983e-07	0.0004089083	0.1	4.086983e-07	3.487412e-08	0.1
4.351431e-07	0.93647215691	0.1	4.351431e-07	1.53726e-07	0.1	4.351431e-07	6.881822e-11	0.1	4.351431e-07	1.638708e-05	0.1	4.351431e-07	1.245689e-10	0.1	4.351431e-07	0.000126413	0.1	4.351431e-07	0.01127922	0.1	4.351431e-07	0.05109242	0.1	4.351431e-07	7.268428e-05	0.1	4.351431e-07	0.0004339269	0.1	4.351431e-07	3.866028e-08	0.1
4.659761e-07	0.93238449788	0.1	4.659761e-07	1.530558e-07	0.1	4.659761e-07	6.851822e-11	0.1	4.659761e-07	1.631583e-05	0.1	4.659761e-07	1.240259e-10	0.1	4.659761e-07	0.0001258622	0.1	4.659761e-07	0.01125551	0.1	4.659761e-07	0.05513924	0.1	4.659761e-07	7.616336e-05	0.1	4.659761e-07	0.0004629781	0.1	4.659761e-07	4.328153e-08	0.1
4.979062e-07	0.92817087658	0.1	4.979062e-07	1.52365e-07	0.1	4.979062e-07	6.820897e-11	0.1	4.979062e-07	1.62424e-05	0.1	4.979062e-07	1.234661e-10	0.1	4.979062e-07	0.0001252943	0.1	4.979062e-07	0.01122713	0.1	4.979062e-07	0.05931528	0.1	4.979062e-07	7.953752e-05	0.1	4.979062e-07	0.0004929287	0.1	4.979062e-07	4.829426e-08	0.1
5.298363e-07	0.92397674607	0.1	5.298363e-07	1.516774e-07	0.1	5.298363e-07	6.790116e-11	0.1	5.298363e-07	1.616932e-05	0.1	5.298363e-07	1.229089e-10	0.1	5.298363e-07	0.0001247291	0.1	5.298363e-07	0.01119611	0.1	5.298363e-07	0.06347511	0.1	5.298363e-07	8.267606e-05	0.1	5.298363e-07	0.0005227432	0.1	5.298363e-07	5.352953e-08	0.1
5.669728e-07	0.9191232824	0.1	5.669728e-07	1.508817e-07	0.1	5.669728e-07	6.754497e-11	0.1	5.669728e-07	1.608477e-05	0.1	5.669728e-07	1.222641e-10	0.1	5.669728e-07	0.0001240751	0.1	5.669728e-07	0.01115788	0.1	5.669728e-07	0.06829181	0.1	5.669728e-07	8.602786e-05	0.1	5.669728e-07	0.0005572489	0.1	5.669728e-07	5.98868e-08	0.1
6.054108e-07	0.91412741495	0.1	6.054108e-07	1.500626e-07	0.1	6.054108e-07	6.717832e-11	0.1	6.054108e-07	1.599776e-05	0.1	6.054108e-07	1.216004e-10	0.1	6.054108e-07	0.0001234018	0.1	6.054108e-07	0.01111678	0.1	6.054108e-07	0.07325229	0.1	6.054108e-07	8.915874e-05	0.1	6.054108e-07	0.0005927723	0.1	6.054108e-07	6.675658e-08	0.1
6.454292e-07	0.9089557527300001	0.1	6.454292e-07	1.492148e-07	0.1	6.454292e-07	6.679878e-11	0.1	6.454292e-07	1.59077e-05	0.1	6.454292e-07	1.209134e-10	0.1	6.454292e-07	0.0001227048	0.1	6.454292e-07	0.01107304	0.1	6.454292e-07	0.07838912	0.1	6.454292e-07	9.205479e-05	0.1	6.454292e-07	0.0006295501	0.1	6.454292e-07	7.420509e-08	0.1
6.917687e-07	0.9030047815100001	0.1	6.917687e-07	1.482391e-07	0.1	6.917687e-07	6.636204e-11	0.1	6.917687e-07	1.580409e-05	0.1	6.917687e-07	1.201228e-10	0.1	6.917687e-07	0.0001219028	0.1	6.917687e-07	0.01102178	0.1	6.917687e-07	0.08430181	0.1	6.917687e-07	9.495157e-05	0.1	6.917687e-07	0.0006718761	0.1	6.917687e-07	8.318434e-08	0.1
7.381082e-07	0.8970937998299999	0.1	7.381082e-07	1.472701e-07	0.1	7.381082e-07	6.592823e-11	0.1	7.381082e-07	1.570121e-05	0.1	7.381082e-07	1.193375e-10	0.1	7.381082e-07	0.0001211062	0.1	7.381082e-07	0.01097027	0.1	7.381082e-07	0.0901762	0.1	7.381082e-07	9.736969e-05	0.1	7.381082e-07	0.0007139239	0.1	7.381082e-07	9.251679e-08	0.1
7.945512e-07	0.8899477771300001	0.1	7.945512e-07	1.460984e-07	0.1	7.945512e-07	6.540375e-11	0.1	7.945512e-07	1.557684e-05	0.1	7.945512e-07	1.183881e-10	0.1	7.945512e-07	0.000120143	0.1	7.945512e-07	0.01090755	0.1	7.945512e-07	0.09727971	0.1	7.945512e-07	9.969172e-05	0.1	7.945512e-07	0.0007647665	0.1	7.945512e-07	1.0432e-07	0.1
8.509943e-07	0.8828601095099999	0.1	8.509943e-07	1.449363e-07	0.1	8.509943e-07	6.488352e-11	0.1	8.509943e-07	1.545353e-05	0.1	8.509943e-07	1.174464e-10	0.1	8.509943e-07	0.0001191877	0.1	8.509943e-07	0.01084507	0.1	8.509943e-07	0.1043267	0.1	8.509943e-07	0.0001013627	0.1	8.509943e-07	0.0008152026	0.1	8.509943e-07	1.165539e-07	0.1
9.207827e-07	0.87417656426	0.1	9.207827e-07	1.435124e-07	0.1	9.207827e-07	6.424611e-11	0.1	9.207827e-07	1.530247e-05	0.1	9.207827e-07	1.162926e-10	0.1	9.207827e-07	0.0001180172	0.1	9.207827e-07	0.01076835	0.1	9.207827e-07	0.1129621	0.1	9.207827e-07	0.0001025905	0.1	9.207827e-07	0.0008770066	0.1	9.207827e-07	1.322e-07	0.1
9.961746e-07	0.8648940587899999	0.1	9.961746e-07	1.419902e-07	0.1	9.961746e-07	6.356466e-11	0.1	9.961746e-07	1.514103e-05	0.1	9.961746e-07	1.150591e-10	0.1	9.961746e-07	0.0001167658	0.1	9.961746e-07	0.01068623	0.1	9.961746e-07	0.1221952	0.1	9.961746e-07	0.0001029703	0.1	9.961746e-07	0.0009430878	0.1	9.961746e-07	1.496453e-07	0.1
1.079972e-06	0.8546946903700001	0.1	1.079972e-06	1.403173e-07	0.1	1.079972e-06	6.28158e-11	0.1	1.079972e-06	1.496368e-05	0.1	1.079972e-06	1.137035e-10	0.1	1.079972e-06	0.0001153906	0.1	1.079972e-06	0.01059594	0.1	1.079972e-06	0.1323423	0.1	1.079972e-06	0.0001023794	0.1	1.079972e-06	0.00101571	0.1	1.079972e-06	1.695589e-07	0.1
1.184672e-06	0.8421232518	0.1	1.184672e-06	1.382551e-07	0.1	1.184672e-06	6.189264e-11	0.1	1.184672e-06	1.474514e-05	0.1	1.184672e-06	1.120324e-10	0.1	1.184672e-06	0.0001136954	0.1	1.184672e-06	0.01048461	0.1	1.184672e-06	0.1448519	0.1	1.184672e-06	0.0001003883	0.1	1.184672e-06	0.001105241	0.1	1.184672e-06	1.949865e-07	0.1
1.306472e-06	0.8277347255999999	0.1	1.306472e-06	1.358943e-07	0.1	1.306472e-06	6.083584e-11	0.1	1.306472e-06	1.449507e-05	0.1	1.306472e-06	1.101194e-10	0.1	1.306472e-06	0.0001117547	0.1	1.306472e-06	0.01035716	0.1	1.306472e-06	0.1591724	0.1	1.306472e-06	9.671667e-05	0.1	1.306472e-06	0.001207733	0.1	1.306472e-06	2.249781e-07	0.1
1.445159e-06	0.81165414871	0.1	1.445159e-06	1.332555e-07	0.1	1.445159e-06	5.965454e-11	0.1	1.445159e-06	1.421569e-05	0.1	1.445159e-06	1.07981e-10	0.1	1.445159e-06	0.0001095854	0.1	1.445159e-06	0.01021469	0.1	1.445159e-06	0.1751794	0.1	1.445159e-06	9.132212e-05	0.1	1.445159e-06	0.001322295	0.1	1.445159e-06	2.59163e-07	0.1
1.605792e-06	0.7934230295	0.1	1.605792e-06	1.302631e-07	0.1	1.605792e-06	5.831498e-11	0.1	1.605792e-06	1.389907e-05	0.1	1.605792e-06	1.055562e-10	0.1	1.605792e-06	0.0001071255	0.1	1.605792e-06	0.01005313	0.1	1.605792e-06	0.1933294	0.1	1.605792e-06	8.419096e-05	0.1	1.605792e-06	0.001452195	0.1	1.605792e-06	2.981167e-07	0.1
1.766425e-06	0.7756041643799999	0.1	1.766425e-06	1.273379e-07	0.1	1.766425e-06	5.700551e-11	0.1	1.766425e-06	1.358976e-05	0.1	1.766425e-06	1.031858e-10	0.1	1.766425e-06	0.0001047208	0.1	1.766425e-06	0.009895185	0.1	1.766425e-06	0.2110697	0.1	1.766425e-06	7.677898e-05	0.1	1.766425e-06	0.001579164	0.1	1.766425e-06	3.35694e-07	0.1
1.963911e-06	0.75424734776	0.1	1.963911e-06	1.238315e-07	0.1	1.963911e-06	5.543585e-11	0.1	1.963911e-06	1.321925e-05	0.1	1.963911e-06	1.003444e-10	0.1	1.963911e-06	0.0001018384	0.1	1.963911e-06	0.00970585	0.1	1.963911e-06	0.2323322	0.1	1.963911e-06	6.798555e-05	0.1	1.963911e-06	0.001731342	0.1	1.963911e-06	3.791545e-07	0.1
2.244645e-06	0.72489932522	0.1	2.244645e-06	1.190127e-07	0.1	2.244645e-06	5.327869e-11	0.1	2.244645e-06	1.271054e-05	0.1	2.244645e-06	9.643947e-11	0.1	2.244645e-06	9.787704e-05	0.1	2.244645e-06	0.00944563	0.1	2.244645e-06	0.2615486	0.1	2.244645e-06	5.696666e-05	0.1	2.244645e-06	0.001940447	0.1	2.244645e-06	4.34347e-07	0.1
2.41276e-06	0.70787535543	0.1	2.41276e-06	1.162173e-07	0.1	2.41276e-06	5.202735e-11	0.1	2.41276e-06	1.24157e-05	0.1	2.41276e-06	9.417431e-11	0.1	2.41276e-06	9.557913e-05	0.1	2.41276e-06	0.00929467	0.1	2.41276e-06	0.2784947	0.1	2.41276e-06	5.138039e-05	0.1	2.41276e-06	0.002061733	0.1	2.41276e-06	4.632316e-07	0.1
2.618368e-06	0.6875985827000001	0.1	2.618368e-06	1.12888e-07	0.1	2.618368e-06	5.053694e-11	0.1	2.618368e-06	1.206478e-05	0.1	2.618368e-06	9.147636e-11	0.1	2.618368e-06	9.284219e-05	0.1	2.618368e-06	0.009114862	0.1	2.618368e-06	0.298677	0.1	2.618368e-06	4.555237e-05	0.1	2.618368e-06	0.002206182	0.1	2.618368e-06	4.941507e-07	0.1
2.880212e-06	0.6626165309500001	0.1	2.880212e-06	1.087861e-07	0.1	2.880212e-06	4.870071e-11	0.1	2.880212e-06	1.163281e-05	0.1	2.880212e-06	8.815242e-11	0.1	2.880212e-06	8.947022e-05	0.1	2.880212e-06	0.008893327	0.1	2.880212e-06	0.3235406	0.1	2.880212e-06	3.9524e-05	0.1	2.880212e-06	0.002384135	0.1	2.880212e-06	5.266784e-07	0.1
3.142057e-06	0.63854445278	0.1	3.142057e-06	1.048338e-07	0.1	3.142057e-06	4.693144e-11	0.1	3.142057e-06	1.121699e-05	0.1	3.142057e-06	8.494969e-11	0.1	3.142057e-06	8.622119e-05	0.1	3.142057e-06	0.008679865	0.1	3.142057e-06	0.3474963	0.1	3.142057e-06	3.474265e-05	0.1	3.142057e-06	0.002555593	0.1	3.142057e-06	5.521379e-07	0.1
3.431084e-06	0.61299067303	0.1	3.431084e-06	1.006383e-07	0.1	3.431084e-06	4.505332e-11	0.1	3.431084e-06	1.077602e-05	0.1	3.431084e-06	8.154992e-11	0.1	3.431084e-06	8.277228e-05	0.1	3.431084e-06	0.008453266	0.1	3.431084e-06	0.372925	0.1	3.431084e-06	3.05442e-05	0.1	3.431084e-06	0.002737593	0.1	3.431084e-06	5.731569e-07	0.1
3.735936e-06	0.5871485395	0.1	3.735936e-06	9.639558e-08	0.1	3.735936e-06	4.315405e-11	0.1	3.735936e-06	1.033052e-05	0.1	3.735936e-06	7.811188e-11	0.1	3.735936e-06	7.928454e-05	0.1	3.735936e-06	0.008224114	0.1	3.735936e-06	0.3986392	0.1	3.735936e-06	2.70048e-05	0.1	3.735936e-06	0.002921639	0.1	3.735936e-06	5.887919e-07	0.1
3.941e-06	0.57038313005	0.1	3.941e-06	9.364312e-08	0.1	3.941e-06	4.19219e-11	0.1	3.941e-06	1.004174e-05	0.1	3.941e-06	7.588145e-11	0.1	3.941e-06	7.702187e-05	0.1	3.941e-06	0.00807545	0.1	3.941e-06	0.415321	0.1	3.941e-06	2.500604e-05	0.1	3.941e-06	0.003041038	0.1	3.941e-06	5.963384e-07	0.1
4.196237e-06	0.55018526761	0.1	4.196237e-06	9.032716e-08	0.1	4.196237e-06	4.04375e-11	0.1	4.196237e-06	9.694098e-06	0.1	4.196237e-06	7.319439e-11	0.1	4.196237e-06	7.429596e-05	0.1	4.196237e-06	0.007896349	0.1	4.196237e-06	0.4354177	0.1	4.196237e-06	2.284838e-05	0.1	4.196237e-06	0.003184879	0.1	4.196237e-06	6.031694e-07	0.1
4.517538e-06	0.5257764429199999	0.1	4.517538e-06	8.631992e-08	0.1	4.517538e-06	3.864364e-11	0.1	4.517538e-06	9.274341e-06	0.1	4.517538e-06	6.994716e-11	0.1	4.517538e-06	7.100179e-05	0.1	4.517538e-06	0.007679911	0.1	4.517538e-06	0.4597036	0.1	4.517538e-06	2.054129e-05	0.1	4.517538e-06	0.003358707	0.1	4.517538e-06	6.087742e-07	0.1
4.969305e-06	0.49328277407000004	0.1	4.969305e-06	8.098542e-08	0.1	4.969305e-06	3.625563e-11	0.1	4.969305e-06	8.716172e-06	0.1	4.969305e-06	6.56244e-11	0.1	4.969305e-06	6.661654e-05	0.1	4.969305e-06	0.007391783	0.1	4.969305e-06	0.4920328	0.1	4.969305e-06	1.787816e-05	0.1	4.969305e-06	0.003590108	0.1	4.969305e-06	6.129925e-07	0.1
5.442465e-06	0.4614078582	0.1	5.442465e-06	7.575254e-08	0.1	5.442465e-06	3.39131e-11	0.1	5.442465e-06	8.16932e-06	0.1	5.442465e-06	6.138398e-11	0.1	5.442465e-06	6.231482e-05	0.1	5.442465e-06	0.007109141	0.1	5.442465e-06	0.5237458	0.1	5.442465e-06	1.562489e-05	0.1	5.442465e-06	0.003817103	0.1	5.442465e-06	6.148505e-07	0.1
6.001197e-06	0.42641747802999996	0.1	6.001197e-06	7.000823e-08	0.1	6.001197e-06	3.134164e-11	0.1	6.001197e-06	7.569805e-06	0.1	6.001197e-06	5.672914e-11	0.1	6.001197e-06	5.759268e-05	0.1	6.001197e-06	0.006798875	0.1	6.001197e-06	0.5585577	0.1	6.001197e-06	1.347555e-05	0.1	6.001197e-06	0.004066283	0.1	6.001197e-06	6.154921e-07	0.1
6.635093e-06	0.38993026773000006	0.1	6.635093e-06	6.401821e-08	0.1	6.635093e-06	2.866018e-11	0.1	6.635093e-06	6.945517e-06	0.1	6.635093e-06	5.187519e-11	0.1	6.635093e-06	5.266855e-05	0.1	6.635093e-06	0.006475335	0.1	6.635093e-06	0.5948582	0.1	6.635093e-06	1.152435e-05	0.1	6.635093e-06	0.004326127	0.1	6.635093e-06	6.154435e-07	0.1
7.319098e-06	0.35406129929999997	0.1	7.319098e-06	5.81297e-08	0.1	7.319098e-06	2.602416e-11	0.1	7.319098e-06	6.332676e-06	0.1	7.319098e-06	4.710349e-11	0.1	7.319098e-06	4.782787e-05	0.1	7.319098e-06	0.006157277	0.1	7.319098e-06	0.6305432	0.1	7.319098e-06	9.840362e-06	0.1	7.319098e-06	0.004581573	0.1	7.319098e-06	6.151264e-07	0.1
8.171809e-06	0.31394036389999996	0.1	8.171809e-06	5.154317e-08	0.1	8.171809e-06	2.307567e-11	0.1	8.171809e-06	5.648212e-06	0.1	8.171809e-06	4.176617e-11	0.1	8.171809e-06	4.241338e-05	0.1	8.171809e-06	0.005801515	0.1	8.171809e-06	0.6704578	0.1	8.171809e-06	8.181569e-06	0.1	8.171809e-06	0.004867308	0.1	8.171809e-06	6.146811e-07	0.1
9.066697e-06	0.27672427887000006	0.1	9.066697e-06	4.543353e-08	0.1	9.066697e-06	2.034067e-11	0.1	9.066697e-06	5.014269e-06	0.1	9.066697e-06	3.681529e-11	0.1	9.066697e-06	3.739091e-05	0.1	9.066697e-06	0.005471511	0.1	9.066697e-06	0.7074822	0.1	9.066697e-06	6.818617e-06	0.1	9.066697e-06	0.005132368	0.1	9.066697e-06	6.142541e-07	0.1
9.961585e-06	0.24392744097	0.1	9.961585e-06	4.00494e-08	0.1	9.961585e-06	1.793044e-11	0.1	9.961585e-06	4.456377e-06	0.1	9.961585e-06	3.245232e-11	0.1	9.961585e-06	3.296486e-05	0.1	9.961585e-06	0.005180694	0.1	9.961585e-06	0.7401098	0.1	9.961585e-06	5.735534e-06	0.1	9.961585e-06	0.005365966	0.1	9.961585e-06	6.13882e-07	0.1
1.085647e-05	0.21502346264	0.1	1.085647e-05	3.530435e-08	0.1	1.085647e-05	1.580629e-11	0.1	1.085647e-05	3.965304e-06	0.1	1.085647e-05	2.860723e-11	0.1	1.085647e-05	2.906417e-05	0.1	1.085647e-05	0.004924395	0.1	1.085647e-05	0.7688644	0.1	1.085647e-05	4.860233e-06	0.1	1.085647e-05	0.00557185	0.1	1.085647e-05	6.135598e-07	0.1
1.175136e-05	0.18954909404999998	0.1	1.175136e-05	3.112231e-08	0.1	1.175136e-05	1.393419e-11	0.1	1.175136e-05	3.532964e-06	0.1	1.175136e-05	2.521837e-11	0.1	1.175136e-05	2.562631e-05	0.1	1.175136e-05	0.004698507	0.1	1.175136e-05	0.7942071	0.1	1.175136e-05	4.14324e-06	0.1	1.175136e-05	0.005753319	0.1	1.175136e-05	6.132805e-07	0.1
1.264625e-05	0.16709620314	0.1	1.264625e-05	2.743632e-08	0.1	1.264625e-05	1.228414e-11	0.1	1.264625e-05	3.152268e-06	0.1	1.264625e-05	2.223147e-11	0.1	1.264625e-05	2.259622e-05	0.1	1.264625e-05	0.004499411	0.1	1.264625e-05	0.8165437	0.1	1.264625e-05	3.549438e-06	0.1	1.264625e-05	0.005913278	0.1	1.264625e-05	6.130377e-07	0.1
1.354114e-05	0.14730577937	0.1	1.354114e-05	2.418741e-08	0.1	1.354114e-05	1.082975e-11	0.1	1.354114e-05	2.816997e-06	0.1	1.354114e-05	1.959875e-11	0.1	1.354114e-05	1.992543e-05	0.1	1.354114e-05	0.004323924	0.1	1.354114e-05	0.8362316	0.1	1.354114e-05	3.053186e-06	0.1	1.354114e-05	0.006054284	0.1	1.354114e-05	6.128262e-07	0.1
1.443603e-05	0.12986144528000002	0.1	1.443603e-05	2.132364e-08	0.1	1.443603e-05	9.547768e-12	0.1	1.443603e-05	2.52169e-06	0.1	1.443603e-05	1.727813e-11	0.1	1.443603e-05	1.757126e-05	0.1	1.443603e-05	0.00416924	0.1	1.443603e-05	0.8535855	0.1	1.443603e-05	2.635316e-06	0.1	1.443603e-05	0.006178589	0.1	1.443603e-05	6.126413e-07	0.1
1.533091e-05	0.11448458079999999	0.1	1.533091e-05	1.879928e-08	0.1	1.533091e-05	8.417728e-12	0.1	1.533091e-05	2.261553e-06	0.1	1.533091e-05	1.523255e-11	0.1	1.533091e-05	1.54961e-05	0.1	1.533091e-05	0.004032888	0.1	1.533091e-05	0.8688826	0.1	1.533091e-05	2.281221e-06	0.1	1.533091e-05	0.006288175	0.1	1.533091e-05	6.124792e-07	0.1
1.62258e-05	0.10092977817700001	0.1	1.62258e-05	1.657405e-08	0.1	1.62258e-05	7.421592e-12	0.1	1.62258e-05	2.032375e-06	0.1	1.62258e-05	1.342936e-11	0.1	1.62258e-05	1.366683e-05	0.1	1.62258e-05	0.003912694	0.1	1.62258e-05	0.8823671	0.1	1.62258e-05	1.979549e-06	0.1	1.62258e-05	0.006384791	0.1	1.62258e-05	6.123367e-07	0.1
1.712069e-05	0.088980850079	0.1	1.712069e-05	1.461244e-08	0.1	1.712069e-05	6.543472e-12	0.1	1.712069e-05	1.830452e-06	0.1	1.712069e-05	1.18398e-11	0.1	1.712069e-05	1.205428e-05	0.1	1.712069e-05	0.003806739	0.1	1.712069e-05	0.8942539	0.1	1.712069e-05	1.721369e-06	0.1	1.712069e-05	0.006469975	0.1	1.712069e-05	6.122112e-07	0.1
1.801558e-05	0.078447340405	0.1	1.801558e-05	1.28832e-08	0.1	1.801558e-05	5.769369e-12	0.1	1.801558e-05	1.652528e-06	0.1	1.801558e-05	1.043853e-11	0.1	1.801558e-05	1.063275e-05	0.1	1.801558e-05	0.003713335	0.1	1.801558e-05	0.9047326	0.1	1.801558e-05	1.499548e-06	0.1	1.801558e-05	0.006545084	0.1	1.801558e-05	6.121002e-07	0.1
1.891047e-05	0.069161387298	0.1	1.891047e-05	1.135877e-08	0.1	1.891047e-05	5.086949e-12	0.1	1.891047e-05	1.495741e-06	0.1	1.891047e-05	9.203226e-12	0.1	1.891047e-05	9.379582e-06	0.1	1.891047e-05	0.003630993	0.1	1.891047e-05	0.9139703	0.1	1.891047e-05	1.308328e-06	0.1	1.891047e-05	0.006611311	0.1	1.891047e-05	6.120018e-07	0.1
1.980536e-05	0.060975104101999994	0.1	1.980536e-05	1.001486e-08	0.1	1.980536e-05	4.485343e-12	0.1	1.980536e-05	1.357571e-06	0.1	1.980536e-05	8.114209e-12	0.1	1.980536e-05	8.274816e-06	0.1	1.980536e-05	0.003558402	0.1	1.980536e-05	0.9221139	0.1	1.980536e-05	1.143012e-06	0.1	1.980536e-05	0.00666971	0.1	1.980536e-05	6.119145e-07	0.1
2.070024e-05	0.053758163546	0.1	2.070024e-05	8.830084e-09	0.1	2.070024e-05	3.954974e-12	0.1	2.070024e-05	1.235801e-06	0.1	2.070024e-05	7.154142e-12	0.1	2.070024e-05	7.300867e-06	0.1	2.070024e-05	0.003494407	0.1	2.070024e-05	0.9292932	0.1	2.070024e-05	9.997366e-07	0.1	2.070024e-05	0.006721209	0.1	2.070024e-05	6.118366e-07	0.1
2.159513e-05	0.047395697557	0.1	2.159513e-05	7.785585e-09	0.1	2.159513e-05	3.487399e-12	0.1	2.159513e-05	1.128478e-06	0.1	2.159513e-05	6.307746e-12	0.1	2.159513e-05	6.442231e-06	0.1	2.159513e-05	0.003437989	0.1	2.159513e-05	0.9356225	0.1	2.159513e-05	8.752944e-07	0.1	2.159513e-05	0.006766626	0.1	2.159513e-05	6.117671e-07	0.1
2.249002e-05	0.04178646899400001	0.1	2.249002e-05	6.864744e-09	0.1	2.249002e-05	3.075181e-12	0.1	2.249002e-05	1.033885e-06	0.1	2.249002e-05	5.561554e-12	0.1	2.249002e-05	5.685249e-06	0.1	2.249002e-05	0.00338825	0.1	2.249002e-05	0.9412024	0.1	2.249002e-05	7.670081e-07	0.1	2.249002e-05	0.00680668	0.1	2.249002e-05	6.117048e-07	0.1
2.338491e-05	0.036841268697	0.1	2.338491e-05	6.052911e-09	0.1	2.338491e-05	2.71176e-12	0.1	2.338491e-05	9.505091e-07	0.1	2.338491e-05	4.903697e-12	0.1	2.338491e-05	5.017878e-06	0.1	2.338491e-05	0.003344398	0.1	2.338491e-05	0.9461218	0.1	2.338491e-05	6.726268e-07	0.1	2.338491e-05	0.006842007	0.1	2.338491e-05	6.116488e-07	0.1
2.42798e-05	0.032481433765000005	0.1	2.42798e-05	5.337176e-09	0.1	2.42798e-05	2.391359e-12	0.1	2.42798e-05	8.770176e-07	0.1	2.42798e-05	4.323711e-12	0.1	2.42798e-05	4.429504e-06	0.1	2.42798e-05	0.003305738	0.1	2.42798e-05	0.9504588	0.1	2.42798e-05	5.902483e-07	0.1	2.42798e-05	0.006873168	0.1	2.42798e-05	6.115983e-07	0.1
2.517468e-05	0.028637659237000002	0.1	2.517468e-05	4.70616e-09	0.1	2.517468e-05	2.108881e-12	0.1	2.517468e-05	8.12237e-07	0.1	2.517468e-05	3.812375e-12	0.1	2.517468e-05	3.910774e-06	0.1	2.517468e-05	0.003271653	0.1	2.517468e-05	0.9542824	0.1	2.517468e-05	5.182574e-07	0.1	2.517468e-05	0.006900655	0.1	2.517468e-05	6.115527e-07	0.1
2.606957e-05	0.025248821695	0.1	2.606957e-05	4.14983e-09	0.1	2.606957e-05	1.859838e-12	0.1	2.606957e-05	7.551333e-07	0.1	2.606957e-05	3.36156e-12	0.1	2.606957e-05	3.45344e-06	0.1	2.606957e-05	0.003241603	0.1	2.606957e-05	0.9576534	0.1	2.606957e-05	4.552762e-07	0.1	2.606957e-05	0.006924903	0.1	2.606957e-05	6.115112e-07	0.1
2.696446e-05	0.022261074474	0.1	2.696446e-05	3.659344e-09	0.1	2.696446e-05	1.640269e-12	0.1	2.696446e-05	7.04796e-07	0.1	2.696446e-05	2.964101e-12	0.1	2.696446e-05	3.050234e-06	0.1	2.696446e-05	0.003215109	0.1	2.696446e-05	0.9606254	0.1	2.696446e-05	4.00125e-07	0.1	2.696446e-05	0.006946296	0.1	2.696446e-05	6.114735e-07	0.1
2.785935e-05	0.019626915586	0.1	2.785935e-05	3.226906e-09	0.1	2.785935e-05	1.446687e-12	0.1	2.785935e-05	6.604223e-07	0.1	2.785935e-05	2.613681e-12	0.1	2.785935e-05	2.694746e-06	0.1	2.785935e-05	0.00319175	0.1	2.785935e-05	0.9632457	0.1	2.785935e-05	3.517905e-07	0.1	2.785935e-05	0.006965172	0.1	2.785935e-05	6.11439e-07	0.1
2.875424e-05	0.017304496050999995	0.1	2.875424e-05	2.845645e-09	0.1	2.875424e-05	1.276013e-12	0.1	2.875424e-05	6.213054e-07	0.1	2.875424e-05	2.304731e-12	0.1	2.875424e-05	2.381328e-06	0.1	2.875424e-05	0.003171156	0.1	2.875424e-05	0.9655558	0.1	2.875424e-05	3.093995e-07	0.1	2.875424e-05	0.006981829	0.1	2.875424e-05	6.114074e-07	0.1
2.964912e-05	0.015256920306000002	0.1	2.964912e-05	2.509502e-09	0.1	2.964912e-05	1.125538e-12	0.1	2.964912e-05	5.86822e-07	0.1	2.964912e-05	2.032343e-12	0.1	2.964912e-05	2.105001e-06	0.1	2.964912e-05	0.003152999	0.1	2.964912e-05	0.9675926	0.1	2.964912e-05	2.721974e-07	0.1	2.964912e-05	0.006996529	0.1	2.964912e-05	6.113783e-07	0.1
3.054401e-05	0.013451647364000001	0.1	3.054401e-05	2.213138e-09	0.1	3.054401e-05	9.928693e-13	0.1	3.054401e-05	5.56423e-07	0.1	3.054401e-05	1.792189e-12	0.1	3.054401e-05	1.861373e-06	0.1	3.054401e-05	0.00313699	0.1	3.054401e-05	0.9693882	0.1	3.054401e-05	2.395309e-07	0.1	3.054401e-05	0.007009505	0.1	3.054401e-05	6.113514e-07	0.1
3.14389e-05	0.011860003084	0.1	3.14389e-05	1.951845e-09	0.1	3.14389e-05	8.759e-13	0.1	3.14389e-05	5.296245e-07	0.1	3.14389e-05	1.580453e-12	0.1	3.14389e-05	1.646576e-06	0.1	3.14389e-05	0.003122876	0.1	3.14389e-05	0.9709714	0.1	3.14389e-05	2.108329e-07	0.1	3.14389e-05	0.00702096	0.1	3.14389e-05	6.113264e-07	0.1
3.240602e-05	0.010350950112899998	0.1	3.240602e-05	1.70411e-09	0.1	3.240602e-05	7.650006e-13	0.1	3.240602e-05	5.042197e-07	0.1	3.240602e-05	1.379704e-12	0.1	3.240602e-05	1.442924e-06	0.1	3.240602e-05	0.003109494	0.1	3.240602e-05	0.9724723	0.1	3.240602e-05	1.837129e-07	0.1	3.240602e-05	0.007031837	0.1	3.240602e-05	6.113012e-07	0.1
