Batch	m_SP	13	P2	W1	W2	W3	W4	W5	W6	R	P1	P3	P4	P5	P6																							
4.515951e-13	9.85972240179e-06	0.1	4.515951e-13	4.515198e-09	0.1	4.515951e-13	1.1066e-14	0.1	4.515951e-13	2.281508e-12	0.1	4.515951e-13	3.08755e-08	0.1	4.515951e-13	4.67231e-08	0.1	4.515951e-13	4.726957e-08	0.1	4.515951e-13	1.058784e-12	0.1	4.515951e-13	1.079276e-08	0.1	4.515951e-13	1.038002e-12	0.1	4.515951e-13	3.975563e-18	0.1	4.515951e-13	1.972147e-13	0.1	4.515951e-13	1.239481e-20	0.1
1.296132e-12	9.60282497079e-06	0.1	1.296132e-12	1.278997e-08	0.1	1.296132e-12	3.134615e-14	0.1	1.296132e-12	6.462716e-12	0.1	1.296132e-12	8.745956e-08	0.1	1.296132e-12	1.323503e-07	0.1	1.296132e-12	1.338982e-07	0.1	1.296132e-12	2.99917e-12	0.1	1.296132e-12	3.057213e-08	0.1	1.296132e-12	2.902816e-12	0.1	1.296132e-12	1.126139e-17	0.1	1.296132e-12	5.539852e-13	0.1	1.296132e-12	3.491208e-20	0.1
3.326926e-12	9.0121479763861e-06	0.1	3.326926e-12	3.181583e-08	0.1	3.326926e-12	7.797579e-14	0.1	3.326926e-12	1.607644e-11	0.1	3.326926e-12	2.175616e-07	0.1	3.326926e-12	3.292303e-07	0.1	3.326926e-12	3.330807e-07	0.1	3.326926e-12	7.460655e-12	0.1	3.326926e-12	7.605021e-08	0.1	3.326926e-12	6.999923e-12	0.1	3.326926e-12	2.801347e-17	0.1	3.326926e-12	1.350346e-12	0.1	3.326926e-12	8.565885e-20	0.1
7.08688e-12	8.012758269032e-06	0.1	7.08688e-12	6.400624e-08	0.1	7.08688e-12	1.568708e-13	0.1	7.08688e-12	3.234228e-11	0.1	7.08688e-12	4.376872e-07	0.1	7.08688e-12	6.623399e-07	0.1	7.08688e-12	6.700856e-07	0.1	7.08688e-12	1.500928e-11	0.1	7.08688e-12	1.529964e-07	0.1	7.08688e-12	1.328292e-11	0.1	7.08688e-12	5.635705e-17	0.1	7.08688e-12	2.614264e-12	0.1	7.08688e-12	1.678908e-19	0.1
9.772561e-12	7.367504850684e-06	0.1	9.772561e-12	8.478972e-08	0.1	9.772561e-12	2.078096e-13	0.1	9.772561e-12	4.284428e-11	0.1	9.772561e-12	5.798111e-07	0.1	9.772561e-12	8.774117e-07	0.1	9.772561e-12	8.87672e-07	0.1	9.772561e-12	1.988308e-11	0.1	9.772561e-12	2.026765e-07	0.1	9.772561e-12	1.686482e-11	0.1	9.772561e-12	7.465707e-17	0.1	9.772561e-12	3.367414e-12	0.1	9.772561e-12	2.181999e-19	0.1
1.310266e-11	6.639111616446e-06	0.1	1.310266e-11	1.082509e-07	0.1	1.310266e-11	2.65312e-13	0.1	1.310266e-11	5.469946e-11	0.1	1.310266e-11	7.402479e-07	0.1	1.310266e-11	1.120195e-06	0.1	1.310266e-11	1.133294e-06	0.1	1.310266e-11	2.538491e-11	0.1	1.310266e-11	2.587579e-07	0.1	1.310266e-11	2.041091e-11	0.1	1.310266e-11	9.531507e-17	0.1	1.310266e-11	4.149405e-12	0.1	1.310266e-11	2.71909e-19	0.1
1.786876e-11	5.7201060823005e-06	0.1	1.786876e-11	1.378513e-07	0.1	1.786876e-11	3.378629e-13	0.1	1.786876e-11	6.965701e-11	0.1	1.786876e-11	9.426702e-07	0.1	1.786876e-11	1.426514e-06	0.1	1.786876e-11	1.443193e-06	0.1	1.786876e-11	3.232658e-11	0.1	1.786876e-11	3.295152e-07	0.1	1.786876e-11	2.404091e-11	0.1	1.786876e-11	1.213791e-16	0.1	1.786876e-11	5.015831e-12	0.1	1.786876e-11	3.341148e-19	0.1
2.414443e-11	4.701146107572e-06	0.1	2.414443e-11	1.706703e-07	0.1	2.414443e-11	4.183056e-13	0.1	2.414443e-11	8.624138e-11	0.1	2.414443e-11	1.16711e-06	0.1	2.414443e-11	1.766149e-06	0.1	2.414443e-11	1.786797e-06	0.1	2.414443e-11	4.002338e-11	0.1	2.414443e-11	4.079682e-07	0.1	2.414443e-11	2.678365e-11	0.1	2.414443e-11	1.502781e-16	0.1	2.414443e-11	5.784492e-12	0.1	2.414443e-11	3.939316e-19	0.1
3.095086e-11	3.800122098299e-06	0.1	3.095086e-11	1.996899e-07	0.1	3.095086e-11	4.894387e-13	0.1	3.095086e-11	1.009063e-10	0.1	3.095086e-11	1.365574e-06	0.1	3.095086e-11	2.066475e-06	0.1	3.095086e-11	2.090632e-06	0.1	3.095086e-11	4.682946e-11	0.1	3.095086e-11	4.773409e-07	0.1	3.095086e-11	2.78507e-11	0.1	3.095086e-11	1.758324e-16	0.1	3.095086e-11	6.247649e-12	0.1	3.095086e-11	4.361005e-19	0.1
3.988036e-11	2.8745388170255e-06	0.1	3.988036e-11	2.294991e-07	0.1	3.988036e-11	5.62512e-13	0.1	3.988036e-11	1.159709e-10	0.1	3.988036e-11	1.56945e-06	0.1	3.988036e-11	2.374989e-06	0.1	3.988036e-11	2.402749e-06	0.1	3.988036e-11	5.382123e-11	0.1	3.988036e-11	5.486046e-07	0.1	3.988036e-11	2.727002e-11	0.1	3.988036e-11	2.020835e-16	0.1	3.988036e-11	6.434695e-12	0.1	3.988036e-11	4.644321e-19	0.1
4.880985e-11	2.174396951148e-06	0.1	4.880985e-11	2.520462e-07	0.1	4.880985e-11	6.177881e-13	0.1	4.880985e-11	1.273662e-10	0.1	4.880985e-11	1.723671e-06	0.1	4.880985e-11	2.60836e-06	0.1	4.880985e-11	2.638845e-06	0.1	4.880985e-11	5.911018e-11	0.1	4.880985e-11	6.025109e-07	0.1	4.880985e-11	2.536296e-11	0.1	4.880985e-11	2.219408e-16	0.1	4.880985e-11	6.30062e-12	0.1	4.880985e-11	4.707885e-19	0.1
5.773935e-11	1.6447865650776e-06	0.1	5.773935e-11	2.690998e-07	0.1	5.773935e-11	6.596017e-13	0.1	5.773935e-11	1.359861e-10	0.1	5.773935e-11	1.840332e-06	0.1	5.773935e-11	2.78489e-06	0.1	5.773935e-11	2.817436e-06	0.1	5.773935e-11	6.311103e-11	0.1	5.773935e-11	6.432874e-07	0.1	5.773935e-11	2.279994e-11	0.1	5.773935e-11	2.369617e-16	0.1	5.773935e-11	5.968074e-12	0.1	5.773935e-11	4.622105e-19	0.1
6.666885e-11	1.2441706872312001e-06	0.1	6.666885e-11	2.819981e-07	0.1	6.666885e-11	6.912316e-13	0.1	6.666885e-11	1.425064e-10	0.1	6.666885e-11	1.92858e-06	0.1	6.666885e-11	2.918424e-06	0.1	6.666885e-11	2.952528e-06	0.1	6.666885e-11	6.613749e-11	0.1	6.666885e-11	6.74132e-07	0.1	6.666885e-11	2.000586e-11	0.1	6.666885e-11	2.483241e-16	0.1	6.666885e-11	5.52267e-12	0.1	6.666885e-11	4.438352e-19	0.1
7.559834e-11	9.4113232977632e-07	0.1	7.559834e-11	2.917531e-07	0.1	7.559834e-11	7.15158e-13	0.1	7.559834e-11	1.474386e-10	0.1	7.559834e-11	1.995335e-06	0.1	7.559834e-11	3.019435e-06	0.1	7.559834e-11	3.054716e-06	0.1	7.559834e-11	6.842688e-11	0.1	7.559834e-11	6.97464e-07	0.1	7.559834e-11	1.723939e-11	0.1	7.559834e-11	2.56919e-16	0.1	7.559834e-11	5.023159e-12	0.1	7.559834e-11	4.193803e-19	0.1
8.452784e-11	7.119037825480199e-07	0.1	8.452784e-11	2.991304e-07	0.1	8.452784e-11	7.332572e-13	0.1	8.452784e-11	1.511695e-10	0.1	8.452784e-11	2.045833e-06	0.1	8.452784e-11	3.095842e-06	0.1	8.452784e-11	3.132014e-06	0.1	8.452784e-11	7.01587e-11	0.1	8.452784e-11	7.15113e-07	0.1	8.452784e-11	1.464833e-11	0.1	8.452784e-11	2.634206e-16	0.1	8.452784e-11	4.508939e-12	0.1	8.452784e-11	3.915092e-19	0.1
9.345734e-11	5.385077379055499e-07	0.1	9.345734e-11	3.047091e-07	0.1	9.345734e-11	7.469483e-13	0.1	9.345734e-11	1.539917e-10	0.1	9.345734e-11	2.084034e-06	0.1	9.345734e-11	3.15364e-06	0.1	9.345734e-11	3.190485e-06	0.1	9.345734e-11	7.146875e-11	0.1	9.345734e-11	7.284634e-07	0.1	9.345734e-11	1.230789e-11	0.1	9.345734e-11	2.683386e-16	0.1	9.345734e-11	4.005585e-12	0.1	9.345734e-11	3.62104e-19	0.1
1.031209e-10	3.9810384024332996e-07	0.1	1.031209e-10	3.092245e-07	0.1	1.031209e-10	7.580347e-13	0.1	1.031209e-10	1.562769e-10	0.1	1.031209e-10	2.114968e-06	0.1	1.031209e-10	3.200441e-06	0.1	1.031209e-10	3.237831e-06	0.1	1.031209e-10	7.252958e-11	0.1	1.031209e-10	7.392735e-07	0.1	1.031209e-10	1.009024e-11	0.1	1.031209e-10	2.72321e-16	0.1	1.031209e-10	3.491209e-12	0.1	1.031209e-10	3.300541e-19	0.1
1.138856e-10	2.843489574336e-07	0.1	1.138856e-10	3.128805e-07	0.1	1.138856e-10	7.670171e-13	0.1	1.138856e-10	1.581283e-10	0.1	1.138856e-10	2.140033e-06	0.1	1.138856e-10	3.238359e-06	0.1	1.138856e-10	3.27619e-06	0.1	1.138856e-10	7.338909e-11	0.1	1.138856e-10	7.480319e-07	0.1	1.138856e-10	8.004084e-12	0.1	1.138856e-10	2.755475e-16	0.1	1.138856e-10	2.968245e-12	0.1	1.138856e-10	2.95364e-19	0.1
1.246504e-10	2.0309850651244002e-07	0.1	1.246504e-10	3.154894e-07	0.1	1.246504e-10	7.73433e-13	0.1	1.246504e-10	1.594507e-10	0.1	1.246504e-10	2.157939e-06	0.1	1.246504e-10	3.265442e-06	0.1	1.246504e-10	3.303589e-06	0.1	1.246504e-10	7.400303e-11	0.1	1.246504e-10	7.542877e-07	0.1	1.246504e-10	6.29258e-12	0.1	1.246504e-10	2.778521e-16	0.1	1.246504e-10	2.504039e-12	0.1	1.246504e-10	2.626281e-19	0.1
1.354151e-10	1.4506473328396e-07	0.1	1.354151e-10	3.173504e-07	0.1	1.354151e-10	7.780158e-13	0.1	1.354151e-10	1.603953e-10	0.1	1.354151e-10	2.17073e-06	0.1	1.354151e-10	3.284787e-06	0.1	1.354151e-10	3.323159e-06	0.1	1.354151e-10	7.444156e-11	0.1	1.354151e-10	7.587559e-07	0.1	1.354151e-10	4.910202e-12	0.1	1.354151e-10	2.794982e-16	0.1	1.354151e-10	2.099125e-12	0.1	1.354151e-10	2.323503e-19	0.1
