Batch	m_SP	7	W4_L	R	W3	P1	P2_L	P3	P4											
891.0246	0.98974829	0.1	891.0246	1.073365e-06	0.1	891.0246	6.551218e-06	0.1	891.0246	0.004348631	0.1	891.0246	0.0001281852205	0.1	891.0246	1.566609e-06	0.1	891.0246	5.157601e-14	0.1
1136.481	0.987229655	0.1	1136.481	1.366445e-06	0.1	1136.481	8.34015e-06	0.1	1136.481	0.005572242	0.1	1136.481	0.0001631858459	0.1	1136.481	1.994368e-06	0.1	1136.481	6.565872e-14	0.1
1578.304	0.982720101	0.1	1578.304	1.891184e-06	0.1	1578.304	1.154311e-05	0.1	1578.304	0.007763033	0.1	1578.304	0.0002258521531	0.1	1578.304	2.76024e-06	0.1	1578.304	9.087284e-14	0.1
2461.948	0.973793056	0.1	2461.948	2.929969e-06	0.1	2461.948	1.788375e-05	0.1	2461.948	0.01209997	0.1	2461.948	0.000349907719	0.1	2461.948	4.276379e-06	0.1	2461.948	1.407873e-13	0.1
3675.843	0.961725691	0.1	3675.843	4.334173e-06	0.1	3675.843	2.645488e-05	0.1	3675.843	0.01796253	0.1	3675.843	0.0005176029394	0.1	3675.843	6.325857e-06	0.1	3675.843	2.082603e-13	0.1
5318.916	0.9457434800000001	0.1	5318.916	6.193921e-06	0.1	5318.916	3.78066e-05	0.1	5318.916	0.025727	0.1	5318.916	0.000739700852	0.1	5318.916	9.040215e-06	0.1	5318.916	2.976226e-13	0.1
7144.968	0.928440074	0.1	7144.968	8.207404e-06	0.1	7144.968	5.009671e-05	0.1	7144.968	0.03413331	0.1	7144.968	0.0009801585039999998	0.1	7144.968	1.197896e-05	0.1	7144.968	3.943721e-13	0.1
10431.86	0.898453332	0.1	10431.86	1.169677e-05	0.1	10431.86	7.139545e-05	0.1	10431.86	0.04870143	0.1	10431.86	0.001396870697	0.1	10431.86	1.707179e-05	0.1	10431.86	5.620386e-13	0.1
12257.91	0.882407238	0.1	12257.91	1.356394e-05	0.1	12257.91	8.27925e-05	0.1	12257.91	0.0564969	0.1	12257.91	0.001619856024	0.1	12257.91	1.979698e-05	0.1	12257.91	6.517578e-13	0.1
14396.05	0.8641480859999999	0.1	14396.05	1.568864e-05	0.1	14396.05	9.576145e-05	0.1	14396.05	0.06536753	0.1	14396.05	0.0018735954620000001	0.1	14396.05	2.289804e-05	0.1	14396.05	7.538511e-13	0.1
16742.24	0.844741438	0.1	16742.24	1.794686e-05	0.1	16742.24	0.0001095454	0.1	16742.24	0.07479564	0.1	16742.24	0.002143280735	0.1	16742.24	2.619399e-05	0.1	16742.24	8.623606e-13	0.1
20168.51	0.817522648	0.1	20168.51	2.111415e-05	0.1	20168.51	0.0001288782	0.1	20168.51	0.08801908	0.1	20168.51	0.002521529661	0.1	20168.51	3.081674e-05	0.1	20168.51	1.014551e-12	0.1
24537.61	0.784620532	0.1	24537.61	2.494274e-05	0.1	24537.61	0.0001522476	0.1	24537.61	0.1040035	0.1	24537.61	0.002978754727	0.1	24537.61	3.640469e-05	0.1	24537.61	1.198518e-12	0.1
28840.27	0.7540498130000001	0.1	28840.27	2.850005e-05	0.1	28840.27	0.0001739611	0.1	28840.27	0.1188553	0.1	28840.27	0.003403581431	0.1	28840.27	4.15967e-05	0.1	28840.27	1.36945e-12	0.1
31529.44	0.735801994	0.1	31529.44	3.062344e-05	0.1	31529.44	0.000186922	0.1	31529.44	0.1277205	0.1	31529.44	0.003657163654	0.1	31529.44	4.469584e-05	0.1	31529.44	1.47148e-12	0.1
34218.6	0.718176462	0.1	34218.6	3.267441e-05	0.1	34218.6	0.000199441	0.1	34218.6	0.1362833	0.1	34218.6	0.003902099036	0.1	34218.6	4.76893e-05	0.1	34218.6	1.570031e-12	0.1
36523.85	0.703539917	0.1	36523.85	3.437756e-05	0.1	36523.85	0.0002098368	0.1	36523.85	0.1433939	0.1	36523.85	0.004105495541	0.1	36523.85	5.017509e-05	0.1	36523.85	1.651868e-12	0.1
39671.07	0.684228943	0.1	39671.07	3.662464e-05	0.1	39671.07	0.0002235528	0.1	39671.07	0.1527756	0.1	39671.07	0.004373849993	0.1	39671.07	5.345478e-05	0.1	39671.07	1.759842e-12	0.1
43199.22	0.663455067	0.1	43199.22	3.904197e-05	0.1	43199.22	0.000238308	0.1	43199.22	0.1628679	0.1	43199.22	0.004662536282	0.1	43199.22	5.698294e-05	0.1	43199.22	1.875997e-12	0.1
45404.31	0.650917251	0.1	45404.31	4.050091e-05	0.1	45404.31	0.0002472132	0.1	45404.31	0.168959	0.1	45404.31	0.004836768853999999	0.1	45404.31	5.911231e-05	0.1	45404.31	1.9461e-12	0.1
47945.35	0.636875113	0.1	47945.35	4.21349e-05	0.1	47945.35	0.0002571869	0.1	47945.35	0.1757809	0.1	47945.35	0.00503190605	0.1	47945.35	6.149717e-05	0.1	47945.35	2.024615e-12	0.1
50710.34	0.622068779	0.1	50710.34	4.385782e-05	0.1	50710.34	0.0002677035	0.1	50710.34	0.1829741	0.1	50710.34	0.0052376637879999995	0.1	50710.34	6.401183e-05	0.1	50710.34	2.107402e-12	0.1
52645.84	0.611986416	0.1	52645.84	4.503105e-05	0.1	52645.84	0.0002748647	0.1	52645.84	0.1878724	0.1	52645.84	0.005377773638	0.1	52645.84	6.572418e-05	0.1	52645.84	2.163776e-12	0.1
54359.68	0.603245908	0.1	54359.68	4.604813e-05	0.1	54359.68	0.0002810729	0.1	54359.68	0.1921187	0.1	54359.68	0.005499236954	0.1	54359.68	6.720864e-05	0.1	54359.68	2.212648e-12	0.1
56662.37	0.591770343	0.1	56662.37	4.738345e-05	0.1	56662.37	0.0002892236	0.1	56662.37	0.1976937	0.1	56662.37	0.005658707311	0.1	56662.37	6.915759e-05	0.1	56662.37	2.276811e-12	0.1
59065.38	0.5801117520000001	0.1	59065.38	4.874009e-05	0.1	59065.38	0.0002975043	0.1	59065.38	0.2033576	0.1	59065.38	0.005820721153	0.1	59065.38	7.113764e-05	0.1	59065.38	2.341999e-12	0.1
60400.39	0.573770235	0.1	60400.39	4.947801e-05	0.1	60400.39	0.0003020086	0.1	60400.39	0.2064385	0.1	60400.39	0.005908846821	0.1	60400.39	7.221467e-05	0.1	60400.39	2.377457e-12	0.1
61918.16	0.5666747520000001	0.1	61918.16	5.030366e-05	0.1	61918.16	0.0003070482	0.1	61918.16	0.2098856	0.1	61918.16	0.006007448834	0.1	61918.16	7.341972e-05	0.1	61918.16	2.41713e-12	0.1
63473.04	0.559529226	0.1	63473.04	5.113515e-05	0.1	63473.04	0.0003121236	0.1	63473.04	0.213357	0.1	63473.04	0.006106748802000001	0.1	63473.04	7.463331e-05	0.1	63473.04	2.457083e-12	0.1
64689.02	0.5540260170000001	0.1	64689.02	5.177551e-05	0.1	64689.02	0.0003160323	0.1	64689.02	0.2160306	0.1	64689.02	0.006183222516	0.1	64689.02	7.556793e-05	0.1	64689.02	2.487853e-12	0.1
66875.74	0.544312915	0.1	66875.74	5.290577e-05	0.1	66875.74	0.0003229312	0.1	66875.74	0.2207494	0.1	66875.74	0.00631820234	0.1	66875.74	7.721757e-05	0.1	66875.74	2.542163e-12	0.1
68625.11	0.5367074669999999	0.1	68625.11	5.379076e-05	0.1	68625.11	0.0003283331	0.1	68625.11	0.2244442	0.1	68625.11	0.006423891056	0.1	68625.11	7.850924e-05	0.1	68625.11	2.584687e-12	0.1
69875.49	0.531359203	0.1	69875.49	5.441311e-05	0.1	69875.49	0.0003321319	0.1	69875.49	0.2270426	0.1	69875.49	0.006498214826	0.1	69875.49	7.941759e-05	0.1	69875.49	2.614592e-12	0.1
71891.56	0.522885662	0.1	71891.56	5.539912e-05	0.1	71891.56	0.0003381504	0.1	71891.56	0.2311592	0.1	71891.56	0.006615967062	0.1	71891.56	8.08567e-05	0.1	71891.56	2.66197e-12	0.1
74458.05	0.5123591230000001	0.1	74458.05	5.662401e-05	0.1	74458.05	0.0003456271	0.1	74458.05	0.2362731	0.1	74458.05	0.006762248361	0.1	74458.05	8.264447e-05	0.1	74458.05	2.720827e-12	0.1
77024.55	0.502114394	0.1	77024.55	5.781613e-05	0.1	77024.55	0.0003529036	0.1	77024.55	0.2412502	0.1	77024.55	0.006904615299	0.1	77024.55	8.438439e-05	0.1	77024.55	2.778109e-12	0.1
78828.7	0.495075774	0.1	78828.7	5.863516e-05	0.1	78828.7	0.0003579029	0.1	78828.7	0.2446697	0.1	78828.7	0.007002428231	0.1	78828.7	8.55798e-05	0.1	78828.7	2.817465e-12	0.1
81379.12	0.48534793000000004	0.1	81379.12	5.976713e-05	0.1	81379.12	0.0003648124	0.1	81379.12	0.2493956	0.1	81379.12	0.007137611334	0.1	81379.12	8.723194e-05	0.1	81379.12	2.871857e-12	0.1
84116.11	0.47518854499999996	0.1	84116.11	6.094932e-05	0.1	84116.11	0.0003720283	0.1	84116.11	0.2543313	0.1	84116.11	0.00727879265	0.1	84116.11	8.895738e-05	0.1	84116.11	2.928662e-12	0.1
87161.2	0.46421311700000006	0.1	87161.2	6.222646e-05	0.1	87161.2	0.0003798239	0.1	87161.2	0.2596634	0.1	87161.2	0.00743131349	0.1	87161.2	9.082141e-05	0.1	87161.2	2.990029e-12	0.1
91137.89	0.45037677000000004	0.1	91137.89	6.38365e-05	0.1	91137.89	0.0003896514	0.1	91137.89	0.2663853	0.1	91137.89	0.00762359077	0.1	91137.89	9.317131e-05	0.1	91137.89	3.067393e-12	0.1
94065.09	0.4405357	0.1	94065.09	6.498165e-05	0.1	94065.09	0.0003966413	0.1	94065.09	0.2711663	0.1	94065.09	0.007760348029999999	0.1	94065.09	9.484269e-05	0.1	94065.09	3.122418e-12	0.1
97368.6	0.429763857	0.1	97368.6	6.623509e-05	0.1	97368.6	0.0004042922	0.1	97368.6	0.2763994	0.1	97368.6	0.007910038999999999	0.1	97368.6	9.667213e-05	0.1	97368.6	3.182647e-12	0.1
101236.6	0.417582564	0.1	101236.6	6.765255e-05	0.1	101236.6	0.0004129442	0.1	101236.6	0.2823173	0.1	101236.6	0.00807931679	0.1	101236.6	9.874095e-05	0.1	101236.6	3.250757e-12	0.1
105104.5	0.40584454499999995	0.1	105104.5	6.901843e-05	0.1	105104.5	0.0004212814	0.1	105104.5	0.2880199	0.1	105104.5	0.00824243614	0.1	105104.5	0.0001007345	0.1	105104.5	3.316389e-12	0.1
108972.5	0.394528137	0.1	108972.5	7.033525e-05	0.1	108972.5	0.0004293192	0.1	108972.5	0.2935176	0.1	108972.5	0.00839969547	0.1	108972.5	0.0001026564	0.1	108972.5	3.379663e-12	0.1
112840.4	0.38361318200000005	0.1	112840.4	7.160534e-05	0.1	112840.4	0.0004370717	0.1	112840.4	0.2988203	0.1	112840.4	0.00855137416	0.1	112840.4	0.0001045102	0.1	112840.4	3.440692e-12	0.1
117416.6	0.371192603	0.1	117416.6	7.305064e-05	0.1	117416.6	0.0004458937	0.1	117416.6	0.3048544	0.1	117416.6	0.0087239775	0.1	117416.6	0.0001066196	0.1	117416.6	3.51014e-12	0.1
120685.4	0.36263251199999996	0.1	120685.4	7.404673e-05	0.1	120685.4	0.0004519737	0.1	120685.4	0.3090131	0.1	120685.4	0.00884293439	0.1	120685.4	0.0001080735	0.1	120685.4	3.558002e-12	0.1
123954.1	0.354320636	0.1	123954.1	7.501392e-05	0.1	123954.1	0.0004578773	0.1	123954.1	0.3130511	0.1	123954.1	0.00895843954	0.1	123954.1	0.0001094851	0.1	123954.1	3.604477e-12	0.1
128530.3	0.34308335500000003	0.1	128530.3	7.632152e-05	0.1	128530.3	0.0004658588	0.1	128530.3	0.3185104	0.1	128530.3	0.00911459837	0.1	128530.3	0.0001113936	0.1	128530.3	3.667308e-12	0.1
131799.0	0.3353298819	0.1	131799.0	7.722375e-05	0.1	131799.0	0.0004713659	0.1	131799.0	0.3222772	0.1	131799.0	0.0092223459	0.1	131799.0	0.0001127104	0.1	131799.0	3.710661e-12	0.1
135331.4	0.3271956152	0.1	135331.4	7.817028e-05	0.1	135331.4	0.0004771434	0.1	135331.4	0.326229	0.1	135331.4	0.00933538368	0.1	135331.4	0.0001140919	0.1	135331.4	3.756142e-12	0.1
137688.1	0.3219052176	0.1	137688.1	7.878589e-05	0.1	137688.1	0.0004809011	0.1	137688.1	0.3287992	0.1	137688.1	0.00940890235	0.1	137688.1	0.0001149904	0.1	137688.1	3.785723e-12	0.1
140200.2	0.31638255319999997	0.1	140200.2	7.942852e-05	0.1	140200.2	0.0004848236	0.1	140200.2	0.3314821	0.1	140200.2	0.00948564744	0.1	140200.2	0.0001159283	0.1	140200.2	3.816602e-12	0.1
141926.8	0.3126550453	0.1	141926.8	7.986227e-05	0.1	141926.8	0.0004874712	0.1	141926.8	0.333293	0.1	141926.8	0.00953744736	0.1	141926.8	0.0001165614	0.1	141926.8	3.837444e-12	0.1
143748.9	0.3087799135	0.1	143748.9	8.03132e-05	0.1	143748.9	0.0004902236	0.1	143748.9	0.3351757	0.1	143748.9	0.0095912981	0.1	143748.9	0.0001172195	0.1	143748.9	3.859111e-12	0.1
145953.3	0.3041706728	0.1	145953.3	8.084954e-05	0.1	145953.3	0.0004934974	0.1	145953.3	0.3374149	0.1	145953.3	0.009655350810000001	0.1	145953.3	0.0001180024	0.1	145953.3	3.884883e-12	0.1
149921.3	0.2960857478	0.1	149921.3	8.179033e-05	0.1	149921.3	0.0004992399	0.1	149921.3	0.3413427	0.1	149921.3	0.00976770365	0.1	149921.3	0.0001193755	0.1	149921.3	3.930088e-12	0.1
152125.7	0.29170827260000004	0.1	152125.7	8.229972e-05	0.1	152125.7	0.0005023491	0.1	152125.7	0.3434694	0.1	152125.7	0.009828535939999999	0.1	152125.7	0.0001201189	0.1	152125.7	3.954565e-12	0.1
155523.9	0.28511423039999995	0.1	155523.9	8.306702e-05	0.1	155523.9	0.0005070327	0.1	155523.9	0.3466729	0.1	155523.9	0.009920170419999999	0.1	155523.9	0.0001212388	0.1	155523.9	3.991434e-12	0.1
159856.0	0.2769701354	0.1	159856.0	8.40147e-05	0.1	159856.0	0.0005128172	0.1	159856.0	0.3506295	0.1	159856.0	0.01003334838	0.1	159856.0	0.000122622	0.1	159856.0	4.036971e-12	0.1
164667.3	0.26825399730000005	0.1	164667.3	8.502893e-05	0.1	164667.3	0.000519008	0.1	164667.3	0.3548639	0.1	164667.3	0.01015446423	0.1	164667.3	0.0001241023	0.1	164667.3	4.085705e-12	0.1
168104.0	0.2622313961	0.1	168104.0	8.572975e-05	0.1	168104.0	0.0005232857	0.1	168104.0	0.3577898	0.1	168104.0	0.010238168839999999	0.1	168104.0	0.0001251252	0.1	168104.0	4.119381e-12	0.1
170172.6	0.2586848084	0.1	170172.6	8.614243e-05	0.1	170172.6	0.0005258047	0.1	170172.6	0.3595128	0.1	170172.6	0.010287446320000001	0.1	170172.6	0.0001257275	0.1	170172.6	4.13921e-12	0.1
172215.3	0.2552394108	0.1	172215.3	8.654336e-05	0.1	172215.3	0.0005282519	0.1	172215.3	0.3611866	0.1	172215.3	0.01033533188	0.1	172215.3	0.0001263127	0.1	172215.3	4.158475e-12	0.1
174460.5	0.251515714	0.1	174460.5	8.697666e-05	0.1	174460.5	0.0005308967	0.1	174460.5	0.3629957	0.1	174460.5	0.010387072729999999	0.1	174460.5	0.0001269451	0.1	174460.5	4.179295e-12	0.1
177350.4	0.2468186207	0.1	177350.4	8.752324e-05	0.1	177350.4	0.000534233	0.1	177350.4	0.3652777	0.1	177350.4	0.01045235211	0.1	177350.4	0.0001277428	0.1	177350.4	4.205559e-12	0.1
178955.9	0.2442543549	0.1	178955.9	8.782161e-05	0.1	178955.9	0.0005360542	0.1	178955.9	0.3665233	0.1	178955.9	0.010487980899999999	0.1	178955.9	0.0001281783	0.1	178955.9	4.219896e-12	0.1
180984.3	0.2410601791	0.1	180984.3	8.81933e-05	0.1	180984.3	0.000538323	0.1	180984.3	0.3680752	0.1	180984.3	0.01053237168	0.1	180984.3	0.0001287208	0.1	180984.3	4.237756e-12	0.1
183492.9	0.2371785283	0.1	183492.9	8.864499e-05	0.1	183492.9	0.0005410801	0.1	183492.9	0.369961	0.1	183492.9	0.01058631555	0.1	183492.9	0.0001293801	0.1	183492.9	4.25946e-12	0.1
186685.5	0.23234561509999999	0.1	186685.5	8.920736e-05	0.1	186685.5	0.0005445127	0.1	186685.5	0.3723089	0.1	186685.5	0.01065347751	0.1	186685.5	0.0001302009	0.1	186685.5	4.286482e-12	0.1
191007.1	0.2259887341	0.1	191007.1	8.994707e-05	0.1	191007.1	0.0005490278	0.1	191007.1	0.3753972	0.1	191007.1	0.01074180847	0.1	191007.1	0.0001312805	0.1	191007.1	4.322026e-12	0.1
193291.4	0.22271190100000002	0.1	193291.4	9.032837e-05	0.1	193291.4	0.0005513553	0.1	193291.4	0.3769891	0.1	193291.4	0.01078735082	0.1	193291.4	0.000131837	0.1	193291.4	4.340348e-12	0.1
195831.4	0.2191339528	0.1	195831.4	9.074472e-05	0.1	195831.4	0.0005538966	0.1	195831.4	0.3787273	0.1	195831.4	0.0108370689	0.1	195831.4	0.0001324447	0.1	195831.4	4.360353e-12	0.1
198928.7	0.2148624623	0.1	198928.7	9.124176e-05	0.1	198928.7	0.0005569305	0.1	198928.7	0.3808025	0.1	198928.7	0.01089643018	0.1	198928.7	0.0001331701	0.1	198928.7	4.384237e-12	0.1
200824.4	0.21229628069999998	0.1	200824.4	9.154037e-05	0.1	200824.4	0.0005587532	0.1	200824.4	0.3820492	0.1	200824.4	0.01093208901	0.1	200824.4	0.000133606	0.1	200824.4	4.398585e-12	0.1
202912.7	0.20951116	0.1	202912.7	9.186446e-05	0.1	202912.7	0.0005607314	0.1	202912.7	0.3834023	0.1	202912.7	0.010970792	0.1	202912.7	0.000134079	0.1	202912.7	4.414158e-12	0.1
204341.7	0.2076298657	0.1	204341.7	9.208337e-05	0.1	204341.7	0.0005620676	0.1	204341.7	0.3843162	0.1	204341.7	0.010996937799999999	0.1	204341.7	0.0001343985	0.1	204341.7	4.424677e-12	0.1
206046.9	0.2054109717	0.1	206046.9	9.234157e-05	0.1	206046.9	0.0005636436	0.1	206046.9	0.3853942	0.1	206046.9	0.011027770020000001	0.1	206046.9	0.0001347753	0.1	206046.9	4.437083e-12	0.1
207821.0	0.2031317242	0.1	207821.0	9.260679e-05	0.1	207821.0	0.0005652625	0.1	207821.0	0.3865015	0.1	207821.0	0.01105944339	0.1	207821.0	0.0001351624	0.1	207821.0	4.449828e-12	0.1
210571.9	0.19965574900000002	0.1	210571.9	9.301126e-05	0.1	210571.9	0.0005677314	0.1	210571.9	0.3881902	0.1	210571.9	0.011107749529999999	0.1	210571.9	0.0001357528	0.1	210571.9	4.469263e-12	0.1
213566.9	0.19594989329999998	0.1	213566.9	9.34425e-05	0.1	213566.9	0.0005703636	0.1	213566.9	0.3899906	0.1	213566.9	0.01115925005	0.1	213566.9	0.0001363822	0.1	213566.9	4.489984e-12	0.1
217135.9	0.1916378464	0.1	217135.9	9.394426e-05	0.1	217135.9	0.0005734263	0.1	217135.9	0.3920855	0.1	217135.9	0.011219172099999999	0.1	217135.9	0.0001371145	0.1	217135.9	4.514094e-12	0.1
220105.9	0.18813330920000002	0.1	220105.9	9.435206e-05	0.1	220105.9	0.0005759154	0.1	220105.9	0.393788	0.1	220105.9	0.01126786878	0.1	220105.9	0.0001377097	0.1	220105.9	4.533689e-12	0.1
222082.1	0.18584273910000002	0.1	222082.1	9.46186e-05	0.1	222082.1	0.0005775424	0.1	222082.1	0.3949009	0.1	222082.1	0.01129970237	0.1	222082.1	0.0001380987	0.1	222082.1	4.546497e-12	0.1
224537.6	0.1830411011	0.1	224537.6	9.49446e-05	0.1	224537.6	0.0005795323	0.1	224537.6	0.3962619	0.1	224537.6	0.01133863568	0.1	224537.6	0.0001385745	0.1	224537.6	4.562161e-12	0.1
226993.2	0.1802881228	0.1	226993.2	9.526495e-05	0.1	226993.2	0.0005814876	0.1	226993.2	0.3975994	0.1	226993.2	0.01137688806	0.1	226993.2	0.0001390421	0.1	226993.2	4.577554e-12	0.1
230330.2	0.17662316449999999	0.1	230330.2	9.569142e-05	0.1	230330.2	0.0005840908	0.1	230330.2	0.3993799	0.1	230330.2	0.0114278278	0.1	230330.2	0.0001396645	0.1	230330.2	4.598046e-12	0.1
235128.4	0.1715023444	0.1	235128.4	9.628729e-05	0.1	235128.4	0.0005877279	0.1	235128.4	0.4018677	0.1	235128.4	0.01149898524	0.1	235128.4	0.0001405342	0.1	235128.4	4.626678e-12	0.1
237527.5	0.16900595319999998	0.1	237527.5	9.657778e-05	0.1	237527.5	0.0005895011	0.1	237527.5	0.4030805	0.1	237527.5	0.011533672739999999	0.1	237527.5	0.0001409582	0.1	237527.5	4.640637e-12	0.1
238860.4	0.1676370408	0.1	238860.4	9.673707e-05	0.1	238860.4	0.0005904734	0.1	238860.4	0.4037455	0.1	238860.4	0.01155269879	0.1	238860.4	0.0001411907	0.1	238860.4	4.648291e-12	0.1
240759.0	0.16570888190000002	0.1	240759.0	9.696144e-05	0.1	240759.0	0.0005918429	0.1	240759.0	0.4046822	0.1	240759.0	0.01157949548	0.1	240759.0	0.0001415182	0.1	240759.0	4.659072e-12	0.1
243034.8	0.1634309783	0.1	243034.8	9.722651e-05	0.1	243034.8	0.0005934608	0.1	243034.8	0.4057889	0.1	243034.8	0.01161114883	0.1	243034.8	0.000141905	0.1	243034.8	4.671808e-12	0.1
245310.5	0.161188697	0.1	245310.5	9.748743e-05	0.1	245310.5	0.0005950534	0.1	245310.5	0.4068782	0.1	245310.5	0.011642311490000001	0.1	245310.5	0.0001422859	0.1	245310.5	4.684346e-12	0.1
248157.2	0.15843309110000003	0.1	248157.2	9.780808e-05	0.1	248157.2	0.0005970107	0.1	248157.2	0.4082169	0.1	248157.2	0.01168060393	0.1	248157.2	0.0001427539	0.1	248157.2	4.699753e-12	0.1
250072.2	0.15660951269999998	0.1	250072.2	9.802028e-05	0.1	250072.2	0.0005983059	0.1	250072.2	0.4091029	0.1	250072.2	0.01170593863	0.1	250072.2	0.0001430636	0.1	250072.2	4.70995e-12	0.1
252726.7	0.15412088370000002	0.1	252726.7	9.830986e-05	0.1	252726.7	0.0006000735	0.1	252726.7	0.4103119	0.1	252726.7	0.011740525980000001	0.1	252726.7	0.0001434862	0.1	252726.7	4.723864e-12	0.1
256585.8	0.15058254940000002	0.1	256585.8	9.872159e-05	0.1	256585.8	0.0006025867	0.1	256585.8	0.4120309	0.1	256585.8	0.01178969331	0.1	256585.8	0.0001440872	0.1	256585.8	4.743648e-12	0.1
260459.4	0.14712300130000003	0.1	260459.4	9.912416e-05	0.1	260459.4	0.0006050439	0.1	260459.4	0.4137116	0.1	260459.4	0.011837769140000001	0.1	260459.4	0.0001446747	0.1	260459.4	4.762992e-12	0.1
263226.3	0.1447067704	0.1	263226.3	9.940532e-05	0.1	263226.3	0.0006067601	0.1	263226.3	0.4148854	0.1	263226.3	0.01187135511	0.1	263226.3	0.0001450851	0.1	263226.3	4.776502e-12	0.1
266517.3	0.1418908914	0.1	266517.3	9.973299e-05	0.1	266517.3	0.0006087601	0.1	266517.3	0.4162535	0.1	266517.3	0.01191047869	0.1	266517.3	0.0001455633	0.1	266517.3	4.792247e-12	0.1
269429.5	0.13945031049999998	0.1	269429.5	0.000100017	0.1	269429.5	0.0006104936	0.1	269429.5	0.4174391	0.1	269429.5	0.01194439513	0.1	269429.5	0.0001459778	0.1	269429.5	4.805893e-12	0.1
271249.7	0.13794889740000002	0.1	271249.7	0.0001001917	0.1	271249.7	0.00061156	0.1	271249.7	0.4181685	0.1	271249.7	0.011965263700000001	0.1	271249.7	0.0001462328	0.1	271249.7	4.814288e-12	0.1
274346.8	0.1354356277	0.1	274346.8	0.0001004841	0.1	274346.8	0.0006133451	0.1	274346.8	0.4193895	0.1	274346.8	0.012000191529999999	0.1	274346.8	0.0001466597	0.1	274346.8	4.82834e-12	0.1
278922.8	0.1318154884	0.1	278922.8	0.0001009054	0.1	278922.8	0.0006159164	0.1	278922.8	0.4211483	0.1	278922.8	0.01205049041	0.1	278922.8	0.0001472745	0.1	278922.8	4.848582e-12	0.1
282583.6	0.1289971122	0.1	282583.6	0.0001012334	0.1	282583.6	0.0006179182	0.1	282583.6	0.4225175	0.1	282583.6	0.01208966404	0.1	282583.6	0.0001477532	0.1	282583.6	4.86434e-12	0.1
284871.5	0.1272697501	0.1	284871.5	0.0001014344	0.1	284871.5	0.0006191451	0.1	284871.5	0.4233567	0.1	284871.5	0.01211366691	0.1	284871.5	0.0001480465	0.1	284871.5	4.873999e-12	0.1
288825.8	0.12434477770000002	0.1	288825.8	0.0001017747	0.1	288825.8	0.0006212226	0.1	288825.8	0.4247777	0.1	288825.8	0.01215431256	0.1	288825.8	0.0001485433	0.1	288825.8	4.890353e-12	0.1
293173.6	0.1212144955	0.1	293173.6	0.000102139	0.1	293173.6	0.000623446	0.1	293173.6	0.4262984	0.1	293173.6	0.012197812130000001	0.1	293173.6	0.0001490749	0.1	293173.6	4.907856e-12	0.1
296134.7	0.119132585	0.1	296134.7	0.0001023812	0.1	296134.7	0.0006249247	0.1	296134.7	0.4273099	0.1	296134.7	0.01222674174	0.1	296134.7	0.0001494285	0.1	296134.7	4.919496e-12	0.1
297338.5	0.1182975863	0.1	297338.5	0.0001024784	0.1	297338.5	0.0006255178	0.1	297338.5	0.4277155	0.1	297338.5	0.012238347629999998	0.1	297338.5	0.0001495703	0.1	297338.5	4.924165e-12	0.1
298255.2	0.11766608220000001	0.1	298255.2	0.0001025519	0.1	298255.2	0.0006259663	0.1	298255.2	0.4280223	0.1	298255.2	0.012247119649999999	0.1	298255.2	0.0001496776	0.1	298255.2	4.927696e-12	0.1
299810.9	0.1166028179	0.1	299810.9	0.0001026756	0.1	299810.9	0.0006267215	0.1	299810.9	0.4285389	0.1	299810.9	0.01226189988	0.1	299810.9	0.0001498581	0.1	299810.9	4.933641e-12	0.1
302038.6	0.1150987071	0.1	302038.6	0.0001028506	0.1	302038.6	0.0006277898	0.1	302038.6	0.4292696	0.1	302038.6	0.012282798499999999	0.1	302038.6	0.0001501136	0.1	302038.6	4.942051e-12	0.1
305958.9	0.112503512	0.1	305958.9	0.0001031526	0.1	305958.9	0.0006296331	0.1	305958.9	0.4305304	0.1	305958.9	0.01231886788	0.1	305958.9	0.0001505544	0.1	305958.9	4.956562e-12	0.1
309319.1	0.11033029920000001	0.1	309319.1	0.0001034055	0.1	309319.1	0.0006311767	0.1	309319.1	0.4315862	0.1	309319.1	0.01234906923	0.1	309319.1	0.0001509234	0.1	309319.1	4.968713e-12	0.1
312786.9	0.1081358052	0.1	312786.9	0.0001036608	0.1	312786.9	0.0006327354	0.1	312786.9	0.4326523	0.1	312786.9	0.01237956099	0.1	312786.9	0.0001512962	0.1	312786.9	4.980983e-12	0.1
316809.1	0.1056502551	0.1	316809.1	0.0001039501	0.1	316809.1	0.0006345008	0.1	316809.1	0.4338598	0.1	316809.1	0.01241409829	0.1	316809.1	0.0001517183	0.1	316809.1	4.994881e-12	0.1
319043.7	0.1042964862	0.1	319043.7	0.0001041076	0.1	319043.7	0.0006354624	0.1	319043.7	0.4345175	0.1	319043.7	0.01243291405	0.1	319043.7	0.0001519482	0.1	319043.7	5.00245e-12	0.1
321422.5	0.1028761661	0.1	321422.5	0.0001042729	0.1	321422.5	0.0006364712	0.1	321422.5	0.4352075	0.1	321422.5	0.01245265107	0.1	321422.5	0.0001521894	0.1	321422.5	5.010392e-12	0.1
324378.3	0.10114072080000001	0.1	324378.3	0.0001044748	0.1	324378.3	0.0006377038	0.1	324378.3	0.4360506	0.1	324378.3	0.01247676409	0.1	324378.3	0.0001524842	0.1	324378.3	5.020095e-12	0.1
328516.4	0.09876456500000001	0.1	328516.4	0.0001047513	0.1	328516.4	0.0006393915	0.1	328516.4	0.437205	0.1	328516.4	0.01250978931	0.1	328516.4	0.0001528877	0.1	328516.4	5.033381e-12	0.1
331621.6	0.0970215279	0.1	331621.6	0.0001049541	0.1	331621.6	0.0006406295	0.1	331621.6	0.4380518	0.1	331621.6	0.012534012479999999	0.1	331621.6	0.0001531838	0.1	331621.6	5.043127e-12	0.1
335108.9	0.0951037688	0.1	335108.9	0.0001051773	0.1	335108.9	0.0006419917	0.1	335108.9	0.4389835	0.1	335108.9	0.01256065897	0.1	335108.9	0.0001535095	0.1	335108.9	5.05385e-12	0.1
337735.5	0.0936865176	0.1	337735.5	0.0001053422	0.1	337735.5	0.0006429983	0.1	337735.5	0.439672	0.1	337735.5	0.01258035593	0.1	337735.5	0.0001537502	0.1	337735.5	5.061774e-12	0.1
340308.7	0.09232034310000001	0.1	340308.7	0.0001055012	0.1	340308.7	0.0006439687	0.1	340308.7	0.4403357	0.1	340308.7	0.01259934193	0.1	340308.7	0.0001539822	0.1	340308.7	5.069413e-12	0.1
342667.8	0.0910867895	0.1	342667.8	0.0001056447	0.1	342667.8	0.0006448448	0.1	342667.8	0.440935	0.1	342667.8	0.0126164854	0.1	342667.8	0.0001541917	0.1	342667.8	5.07631e-12	0.1
344239.0	0.0902751078	0.1	344239.0	0.0001057392	0.1	344239.0	0.0006454213	0.1	344239.0	0.4413294	0.1	344239.0	0.012627760850000001	0.1	344239.0	0.0001543295	0.1	344239.0	5.080849e-12	0.1
346124.5	0.08931142950000001	0.1	346124.5	0.0001058513	0.1	346124.5	0.0006461058	0.1	346124.5	0.4417975	0.1	346124.5	0.01264115918	0.1	346124.5	0.0001544932	0.1	346124.5	5.086237e-12	0.1
347695.7	0.088516857	0.1	347695.7	0.0001059438	0.1	347695.7	0.0006466702	0.1	347695.7	0.4421835	0.1	347695.7	0.012652194299999999	0.1	347695.7	0.0001546282	0.1	347695.7	5.09068e-12	0.1
349686.8	0.087520916	0.1	349686.8	0.0001060597	0.1	349686.8	0.0006473776	0.1	349686.8	0.4426674	0.1	349686.8	0.01266603325	0.1	349686.8	0.0001547973	0.1	349686.8	5.096248e-12	0.1
352379.4	0.0861933023	0.1	352379.4	0.0001062141	0.1	352379.4	0.0006483205	0.1	352379.4	0.4433124	0.1	352379.4	0.01268448852	0.1	352379.4	0.0001550228	0.1	352379.4	5.103672e-12	0.1
355469.7	0.084696332	0.1	355469.7	0.0001063883	0.1	355469.7	0.0006493838	0.1	355469.7	0.4440396	0.1	355469.7	0.012705287000000001	0.1	355469.7	0.000155277	0.1	355469.7	5.112042e-12	0.1
359736.8	0.082675176	0.1	359736.8	0.0001066235	0.1	359736.8	0.0006508194	0.1	359736.8	0.4450215	0.1	359736.8	0.01273337546	0.1	359736.8	0.0001556203	0.1	359736.8	5.123343e-12	0.1
364062.1	0.0806793025	0.1	364062.1	0.0001068558	0.1	364062.1	0.000652237	0.1	364062.1	0.4459912	0.1	364062.1	0.012761113440000001	0.1	364062.1	0.0001559593	0.1	364062.1	5.134502e-12	0.1
368002.1	0.0789062592	0.1	368002.1	0.0001070621	0.1	368002.1	0.0006534963	0.1	368002.1	0.4468526	0.1	368002.1	0.01278574718	0.1	368002.1	0.0001562604	0.1	368002.1	5.144416e-12	0.1
370636.6	0.0777440807	0.1	370636.6	0.0001071973	0.1	370636.6	0.0006543218	0.1	370636.6	0.4474172	0.1	370636.6	0.01280189929	0.1	370636.6	0.0001564578	0.1	370636.6	5.150914e-12	0.1
374622.3	0.0760205897	0.1	374622.3	0.0001073979	0.1	374622.3	0.0006555459	0.1	374622.3	0.4482545	0.1	374622.3	0.01282585208	0.1	374622.3	0.0001567505	0.1	374622.3	5.160551e-12	0.1
376784.0	0.07510295370000002	0.1	376784.0	0.0001075047	0.1	376784.0	0.0006561977	0.1	376784.0	0.4487003	0.1	376784.0	0.012838599550000001	0.1	376784.0	0.0001569063	0.1	376784.0	5.165682e-12	0.1
379260.2	0.0740663459	0.1	379260.2	0.0001076253	0.1	379260.2	0.000656934	0.1	379260.2	0.4492039	0.1	379260.2	0.01285300927	0.1	379260.2	0.0001570824	0.1	379260.2	5.171478e-12	0.1
383557.7	0.07230343169999999	0.1	383557.7	0.0001078304	0.1	383557.7	0.0006581861	0.1	383557.7	0.4500603	0.1	383557.7	0.012877502820000001	0.1	383557.7	0.0001573818	0.1	383557.7	5.181335e-12	0.1
386243.7	0.07122440199999999	0.1	386243.7	0.000107956	0.1	386243.7	0.0006589525	0.1	386243.7	0.4505845	0.1	386243.7	0.01289250335	0.1	386243.7	0.000157565	0.1	386243.7	5.187368e-12	0.1
389364.2	0.0699922926	0.1	389364.2	0.0001080994	0.1	389364.2	0.0006598276	0.1	389364.2	0.4511831	0.1	389364.2	0.01290962679	0.1	389364.2	0.0001577743	0.1	389364.2	5.194257e-12	0.1
393328.9	0.06845956959999999	0.1	393328.9	0.0001082777	0.1	393328.9	0.0006609163	0.1	393328.9	0.4519277	0.1	393328.9	0.012930925959999999	0.1	393328.9	0.0001580346	0.1	393328.9	5.202827e-12	0.1
396892.8	0.0671122192	0.1	396892.8	0.0001084345	0.1	396892.8	0.0006618733	0.1	396892.8	0.4525823	0.1	396892.8	0.01294965159	0.1	396892.8	0.0001582634	0.1	396892.8	5.210361e-12	0.1
399235.3	0.0662420195	0.1	399235.3	0.0001085357	0.1	399235.3	0.0006624913	0.1	399235.3	0.4530051	0.1	399235.3	0.01296173815	0.1	399235.3	0.0001584112	0.1	399235.3	5.215226e-12	0.1
402037.8	0.06521662389999999	0.1	402037.8	0.0001086551	0.1	402037.8	0.0006632197	0.1	402037.8	0.4535032	0.1	402037.8	0.012975987659999999	0.1	402037.8	0.0001585854	0.1	402037.8	5.22096e-12	0.1
404268.1	0.0644126343	0.1	404268.1	0.0001087486	0.1	404268.1	0.0006637907	0.1	404268.1	0.4538938	0.1	404268.1	0.012987162960000001	0.1	404268.1	0.0001587219	0.1	404268.1	5.225455e-12	0.1
406889.9	0.0634809278	0.1	406889.9	0.000108857	0.1	406889.9	0.0006644525	0.1	406889.9	0.4543465	0.1	406889.9	0.01300011069	0.1	406889.9	0.0001588802	0.1	406889.9	5.230664e-12	0.1
410313.6	0.0622857344	0.1	410313.6	0.0001089961	0.1	410313.6	0.0006653014	0.1	410313.6	0.4549271	0.1	410313.6	0.01301672343	0.1	410313.6	0.0001590831	0.1	410313.6	5.237347e-12	0.1
413423.6	0.061220654900000004	0.1	413423.6	0.0001091201	0.1	413423.6	0.0006660579	0.1	413423.6	0.4554445	0.1	413423.6	0.0130315237	0.1	413423.6	0.000159264	0.1	413423.6	5.243302e-12	0.1
416533.6	0.060174840599999994	0.1	416533.6	0.0001092417	0.1	416533.6	0.0006668007	0.1	416533.6	0.4559526	0.1	416533.6	0.0130460536	0.1	416533.6	0.0001594416	0.1	416533.6	5.24915e-12	0.1
420423.7	0.058893188900000004	0.1	420423.7	0.0001093909	0.1	420423.7	0.000667711	0.1	420423.7	0.4565753	0.1	420423.7	0.01306386799	0.1	420423.7	0.0001596593	0.1	420423.7	5.256316e-12	0.1
424631.0	0.0575393999	0.1	424631.0	0.0001095484	0.1	424631.0	0.0006686726	0.1	424631.0	0.457233	0.1	424631.0	0.013082673749999999	0.1	424631.0	0.0001598892	0.1	424631.0	5.263886e-12	0.1
427558.1	0.05661693	0.1	427558.1	0.0001096558	0.1	427558.1	0.0006693278	0.1	427558.1	0.4576811	0.1	427558.1	0.0130954913	0.1	427558.1	0.0001600459	0.1	427558.1	5.269043e-12	0.1
431284.9	0.05546494080000001	0.1	431284.9	0.0001097898	0.1	431284.9	0.000670146	0.1	431284.9	0.4582408	0.1	431284.9	0.013111503220000001	0.1	431284.9	0.0001602416	0.1	431284.9	5.275485e-12	0.1
433414.8	0.054817661399999995	0.1	433414.8	0.0001098651	0.1	433414.8	0.0006706057	0.1	433414.8	0.4585552	0.1	433414.8	0.013120495539999999	0.1	433414.8	0.0001603515	0.1	433414.8	5.279104e-12	0.1
436396.7	0.0539247765	0.1	436396.7	0.000109969	0.1	436396.7	0.0006712399	0.1	436396.7	0.458989	0.1	436396.7	0.01313290253	0.1	436396.7	0.0001605031	0.1	436396.7	5.284096e-12	0.1
438526.6	0.0532963813	0.1	438526.6	0.0001100421	0.1	438526.6	0.0006716863	0.1	438526.6	0.4592943	0.1	438526.6	0.01314164448	0.1	438526.6	0.0001606099	0.1	438526.6	5.28761e-12	0.1
440656.5	0.0526756682	0.1	440656.5	0.0001101144	0.1	440656.5	0.0006721271	0.1	440656.5	0.4595959	0.1	440656.5	0.0131502663	0.1	440656.5	0.0001607153	0.1	440656.5	5.29108e-12	0.1
442745.2	0.0520743308	0.1	442745.2	0.0001101844	0.1	442745.2	0.0006725543	0.1	442745.2	0.459888	0.1	442745.2	0.01315861774	0.1	442745.2	0.0001608174	0.1	442745.2	5.294443e-12	0.1
444669.1	0.051526818	0.1	444669.1	0.0001102481	0.1	444669.1	0.0006729431	0.1	444669.1	0.460154	0.1	444669.1	0.01316622816	0.1	444669.1	0.0001609104	0.1	444669.1	5.297504e-12	0.1
447747.3	0.0506633175	0.1	447747.3	0.0001103485	0.1	447747.3	0.0006735565	0.1	447747.3	0.4605735	0.1	447747.3	0.01317823459	0.1	447747.3	0.000161057	0.1	447747.3	5.302332e-12	0.1
449671.2	0.0501313593	0.1	449671.2	0.0001104104	0.1	449671.2	0.0006739343	0.1	449671.2	0.4608319	0.1	449671.2	0.01318562471	0.1	449671.2	0.0001611474	0.1	449671.2	5.305307e-12	0.1
451835.0	0.0495400206	0.1	451835.0	0.0001104793	0.1	451835.0	0.0006743543	0.1	451835.0	0.4611192	0.1	451835.0	0.01319383596	0.1	451835.0	0.0001612478	0.1	451835.0	5.308613e-12	0.1
454619.5	0.048789805500000005	0.1	454619.5	0.0001105665	0.1	454619.5	0.0006748872	0.1	454619.5	0.4614837	0.1	454619.5	0.01320427024	0.1	454619.5	0.0001613752	0.1	454619.5	5.312808e-12	0.1
457795.1	0.0479486993	0.1	457795.1	0.0001106644	0.1	457795.1	0.0006754846	0.1	457795.1	0.4618923	0.1	457795.1	0.01321595624	0.1	457795.1	0.0001615181	0.1	457795.1	5.317511e-12	0.1
460970.7	0.0471227366	0.1	460970.7	0.0001107605	0.1	460970.7	0.0006760712	0.1	460970.7	0.4622936	0.1	460970.7	0.013227431960000001	0.1	460970.7	0.0001616584	0.1	460970.7	5.322129e-12	0.1
463363.0	0.046510367500000004	0.1	463363.0	0.0001108318	0.1	463363.0	0.0006765062	0.1	463363.0	0.4625911	0.1	463363.0	0.01323594361	0.1	463363.0	0.0001617624	0.1	463363.0	5.325553e-12	0.1
465914.2	0.0458664377	0.1	465914.2	0.0001109067	0.1	465914.2	0.0006769635	0.1	465914.2	0.4629039	0.1	465914.2	0.013244885860000001	0.1	465914.2	0.0001618717	0.1	465914.2	5.329153e-12	0.1
468693.6	0.045175492899999996	0.1	468693.6	0.0001109871	0.1	468693.6	0.0006774543	0.1	468693.6	0.4632396	0.1	468693.6	0.013254489009999999	0.1	468693.6	0.0001619891	0.1	468693.6	5.333017e-12	0.1
471110.3	0.0445835324	0.1	471110.3	0.000111056	0.1	471110.3	0.0006778748	0.1	471110.3	0.4635272	0.1	471110.3	0.01326272027	0.1	471110.3	0.0001620896	0.1	471110.3	5.336326e-12	0.1
474174.2	0.04384468	0.1	474174.2	0.000111142	0.1	474174.2	0.0006783995	0.1	474174.2	0.4638861	0.1	474174.2	0.013272984330000001	0.1	474174.2	0.0001622151	0.1	474174.2	5.340458e-12	0.1
476012.5	0.0434075141	0.1	476012.5	0.0001111929	0.1	476012.5	0.0006787101	0.1	476012.5	0.4640985	0.1	476012.5	0.01327906265	0.1	476012.5	0.0001622893	0.1	476012.5	5.342902e-12	0.1
478150.0	0.0429048803	0.1	478150.0	0.0001112513	0.1	478150.0	0.0006790671	0.1	478150.0	0.4643427	0.1	478150.0	0.013286042219999999	0.1	478150.0	0.0001623747	0.1	478150.0	5.345712e-12	0.1
480691.2	0.042315186299999995	0.1	480691.2	0.00011132	0.1	480691.2	0.0006794859	0.1	480691.2	0.4646292	0.1	480691.2	0.013294243439999999	0.1	480691.2	0.0001624749	0.1	480691.2	5.34901e-12	0.1
483740.4	0.0416187356	0.1	483740.4	0.000111401	0.1	483740.4	0.0006799806	0.1	483740.4	0.4649675	0.1	483740.4	0.013303916689999999	0.1	483740.4	0.0001625931	0.1	483740.4	5.352904e-12	0.1
487764.0	0.0407179279	0.1	487764.0	0.0001115058	0.1	487764.0	0.0006806204	0.1	487764.0	0.4654052	0.1	487764.0	0.01331643383	0.1	487764.0	0.0001627461	0.1	487764.0	5.35794e-12	0.1
492636.8	0.039654031699999995	0.1	492636.8	0.0001116296	0.1	492636.8	0.000681376	0.1	492636.8	0.465922	0.1	492636.8	0.01333122407	0.1	492636.8	0.0001629268	0.1	492636.8	5.363889e-12	0.1
497796.8	0.0385588457	0.1	497796.8	0.0001117571	0.1	497796.8	0.0006821539	0.1	497796.8	0.4664541	0.1	497796.8	0.01334644491	0.1	497796.8	0.0001631128	0.1	497796.8	5.370013e-12	0.1
501284.6	0.0378363803	0.1	501284.6	0.0001118411	0.1	501284.6	0.0006826671	0.1	501284.6	0.4668051	0.1	501284.6	0.01335647866	0.1	501284.6	0.0001632355	0.1	501284.6	5.374052e-12	0.1
505275.0	0.037027005300000006	0.1	505275.0	0.0001119353	0.1	505275.0	0.0006832419	0.1	505275.0	0.4671983	0.1	505275.0	0.01336772406	0.1	505275.0	0.000163373	0.1	505275.0	5.378578e-12	0.1
509345.7	0.036219806400000006	0.1	509345.7	0.0001120292	0.1	509345.7	0.0006838153	0.1	509345.7	0.4675904	0.1	509345.7	0.01337894942	0.1	509345.7	0.0001635101	0.1	509345.7	5.383091e-12	0.1
512397.6	0.035626562300000005	0.1	512397.6	0.0001120983	0.1	512397.6	0.0006842366	0.1	512397.6	0.4678786	0.1	512397.6	0.01338719071	0.1	512397.6	0.0001636108	0.1	512397.6	5.386408e-12	0.1
516641.8	0.034818240300000004	0.1	516641.8	0.0001121923	0.1	516641.8	0.0006848108	0.1	516641.8	0.4682713	0.1	516641.8	0.01339842609	0.1	516641.8	0.0001637481	0.1	516641.8	5.390928e-12	0.1
520886.0	0.03402886265	0.1	520886.0	0.0001122842	0.1	520886.0	0.0006853714	0.1	520886.0	0.4686548	0.1	520886.0	0.01340939111	0.1	520886.0	0.0001638822	0.1	520886.0	5.395341e-12	0.1
524516.4	0.03336831513	0.1	524516.4	0.000112361	0.1	524516.4	0.0006858406	0.1	524516.4	0.4689757	0.1	524516.4	0.013418573679999999	0.1	524516.4	0.0001639944	0.1	524516.4	5.399035e-12	0.1
527737.6	0.032793303329999995	0.1	527737.6	0.000112428	0.1	527737.6	0.000686249	0.1	527737.6	0.4692551	0.1	527737.6	0.013426564620000001	0.1	527737.6	0.000164092	0.1	527737.6	5.40225e-12	0.1
532110.2	0.03202905793	0.1	532110.2	0.0001125169	0.1	532110.2	0.0006867918	0.1	532110.2	0.4696264	0.1	532110.2	0.01343717916	0.1	532110.2	0.0001642218	0.1	532110.2	5.406523e-12	0.1
535194.4	0.031501071230000004	0.1	535194.4	0.0001125783	0.1	535194.4	0.0006871669	0.1	535194.4	0.4698829	0.1	535194.4	0.01344451921	0.1	535194.4	0.0001643115	0.1	535194.4	5.409475e-12	0.1
537250.5	0.03115408443	0.1	537250.5	0.0001126187	0.1	537250.5	0.0006874133	0.1	537250.5	0.4700514	0.1	537250.5	0.01344934581	0.1	537250.5	0.0001643704	0.1	537250.5	5.411415e-12	0.1
538681.3	0.03091494749	0.1	538681.3	0.0001126465	0.1	538681.3	0.0006875832	0.1	538681.3	0.4701676	0.1	538681.3	0.01345266036	0.1	538681.3	0.000164411	0.1	538681.3	5.412752e-12	0.1
540694.7	0.030581629989999998	0.1	540694.7	0.0001126853	0.1	540694.7	0.0006878199	0.1	540694.7	0.4703296	0.1	540694.7	0.01345729671	0.1	540694.7	0.0001644676	0.1	540694.7	5.414616e-12	0.1
544197.3	0.03001054951	0.1	544197.3	0.0001127518	0.1	544197.3	0.0006882255	0.1	544197.3	0.470607	0.1	544197.3	0.01346523757	0.1	544197.3	0.0001645646	0.1	544197.3	5.417809e-12	0.1
548258.0	0.02936221705	0.1	548258.0	0.0001128272	0.1	548258.0	0.000688686	0.1	548258.0	0.470922	0.1	548258.0	0.01347423991	0.1	548258.0	0.0001646747	0.1	548258.0	5.421434e-12	0.1
550658.1	0.028985795730000003	0.1	550658.1	0.000112871	0.1	550658.1	0.0006889534	0.1	550658.1	0.4711048	0.1	550658.1	0.01347947707	0.1	550658.1	0.0001647387	0.1	550658.1	5.423539e-12	0.1
553519.0	0.028543585420000003	0.1	553519.0	0.0001129225	0.1	553519.0	0.0006892675	0.1	553519.0	0.4713197	0.1	553519.0	0.01348561549	0.1	553519.0	0.0001648138	0.1	553519.0	5.426011e-12	0.1
555644.7	0.028219484429999997	0.1	555644.7	0.0001129602	0.1	555644.7	0.0006894977	0.1	555644.7	0.4714771	0.1	555644.7	0.01349012165	0.1	555644.7	0.0001648688	0.1	555644.7	5.427824e-12	0.1
558617.6	0.027772590639999997	0.1	558617.6	0.0001130122	0.1	558617.6	0.0006898151	0.1	558617.6	0.4716942	0.1	558617.6	0.01349633016	0.1	558617.6	0.0001649447	0.1	558617.6	5.430322e-12	0.1
562710.8	0.0271691171	0.1	562710.8	0.0001130824	0.1	562710.8	0.0006902437	0.1	562710.8	0.4719874	0.1	562710.8	0.01350472164	0.1	562710.8	0.0001650472	0.1	562710.8	5.433697e-12	0.1
565409.9	0.026778585209999997	0.1	565409.9	0.0001131279	0.1	565409.9	0.0006905211	0.1	565409.9	0.4721771	0.1	565409.9	0.013510149070000001	0.1	565409.9	0.0001651135	0.1	565409.9	5.43588e-12	0.1
568582.7	0.02632684753	0.1	568582.7	0.0001131804	0.1	568582.7	0.000690842	0.1	568582.7	0.4723966	0.1	568582.7	0.013516427670000001	0.1	568582.7	0.0001651903	0.1	568582.7	5.438406e-12	0.1
572980.0	0.025713646030000002	0.1	572980.0	0.0001132518	0.1	572980.0	0.0006912775	0.1	572980.0	0.4726945	0.1	572980.0	0.01352494933	0.1	572980.0	0.0001652944	0.1	572980.0	5.441835e-12	0.1
576902.1	0.02517908043	0.1	576902.1	0.000113314	0.1	576902.1	0.0006916572	0.1	576902.1	0.4729542	0.1	576902.1	0.01353236951	0.1	576902.1	0.0001653852	0.1	576902.1	5.444824e-12	0.1
579638.7	0.02481283834	0.1	579638.7	0.0001133566	0.1	579638.7	0.0006919173	0.1	579638.7	0.4731321	0.1	579638.7	0.01353746647	0.1	579638.7	0.0001654474	0.1	579638.7	5.446871e-12	0.1
581349.1	0.024586718759999997	0.1	581349.1	0.0001133829	0.1	581349.1	0.0006920779	0.1	581349.1	0.473242	0.1	581349.1	0.01354060078	0.1	581349.1	0.0001654858	0.1	581349.1	5.448136e-12	0.1
583384.8	0.02432033354	0.1	583384.8	0.0001134139	0.1	583384.8	0.0006922671	0.1	583384.8	0.4733714	0.1	583384.8	0.013544305849999999	0.1	583384.8	0.000165531	0.1	583384.8	5.449625e-12	0.1
585988.8	0.02398388707	0.1	585988.8	0.0001134531	0.1	585988.8	0.0006925061	0.1	585988.8	0.4735349	0.1	585988.8	0.01354898225	0.1	585988.8	0.0001655882	0.1	585988.8	5.451506e-12	0.1
589314.3	0.02356113264	0.1	589314.3	0.0001135022	0.1	589314.3	0.0006928064	0.1	589314.3	0.4737402	0.1	589314.3	0.01355486029	0.1	589314.3	0.00016566	0.1	589314.3	5.45387e-12	0.1
591109.4	0.023336106230000004	0.1	591109.4	0.0001135284	0.1	591109.4	0.0006929662	0.1	591109.4	0.4738496	0.1	591109.4	0.01355798457	0.1	591109.4	0.0001656982	0.1	591109.4	5.455128e-12	0.1
593234.5	0.02307255413	0.1	593234.5	0.0001135591	0.1	593234.5	0.0006931534	0.1	593234.5	0.4739776	0.1	593234.5	0.01356164959	0.1	593234.5	0.000165743	0.1	593234.5	5.456602e-12	0.1
597208.2	0.02258786679	0.1	597208.2	0.0001136155	0.1	597208.2	0.0006934977	0.1	597208.2	0.4742131	0.1	597208.2	0.01356837881	0.1	597208.2	0.0001658253	0.1	597208.2	5.459312e-12	0.1
601591.9	0.022065228450000002	0.1	601591.9	0.0001136763	0.1	601591.9	0.0006938689	0.1	601591.9	0.474467	0.1	601591.9	0.01357564876	0.1	601591.9	0.000165914	0.1	601591.9	5.462234e-12	0.1
603773.2	0.02180978966	0.1	603773.2	0.000113706	0.1	603773.2	0.0006940503	0.1	603773.2	0.4745911	0.1	603773.2	0.01357919362	0.1	603773.2	0.0001659574	0.1	603773.2	5.463662e-12	0.1
605954.6	0.021557367549999998	0.1	605954.6	0.0001137354	0.1	605954.6	0.0006942296	0.1	605954.6	0.4747137	0.1	605954.6	0.01358269842	0.1	605954.6	0.0001660003	0.1	605954.6	5.465074e-12	0.1
607960.7	0.02132785423	0.1	607960.7	0.0001137621	0.1	607960.7	0.0006943926	0.1	607960.7	0.4748252	0.1	607960.7	0.01358589279	0.1	607960.7	0.0001660393	0.1	607960.7	5.466357e-12	0.1
610129.5	0.02108252651	0.1	610129.5	0.0001137907	0.1	610129.5	0.0006945668	0.1	610129.5	0.4749444	0.1	610129.5	0.01358929746	0.1	610129.5	0.0001660809	0.1	610129.5	5.467729e-12	0.1
612542.3	0.02081298921	0.1	612542.3	0.000113822	0.1	612542.3	0.0006947583	0.1	612542.3	0.4750753	0.1	612542.3	0.01359304258	0.1	612542.3	0.0001661267	0.1	612542.3	5.469236e-12	0.1
615811.5	0.0204533812	0.1	615811.5	0.0001138639	0.1	615811.5	0.0006950137	0.1	615811.5	0.47525	0.1	615811.5	0.01359803943	0.1	615811.5	0.0001661878	0.1	615811.5	5.471247e-12	0.1
619838.7	0.02001908661	0.1	619838.7	0.0001139144	0.1	619838.7	0.0006953222	0.1	619838.7	0.475461	0.1	619838.7	0.01360407769	0.1	619838.7	0.0001662615	0.1	619838.7	5.473675e-12	0.1
622472.7	0.019740135279999998	0.1	622472.7	0.0001139469	0.1	622472.7	0.0006955203	0.1	622472.7	0.4755966	0.1	622472.7	0.013607953	0.1	622472.7	0.0001663089	0.1	622472.7	5.475235e-12	0.1
627740.7	0.0191940546	0.1	627740.7	0.0001140104	0.1	627740.7	0.0006959082	0.1	627740.7	0.4758618	0.1	627740.7	0.01361554339	0.1	627740.7	0.0001664017	0.1	627740.7	5.478288e-12	0.1
630901.4	0.01887382568	0.1	630901.4	0.0001140477	0.1	630901.4	0.0006961356	0.1	630901.4	0.4760174	0.1	630901.4	0.01361999948	0.1	630901.4	0.0001664561	0.1	630901.4	5.480079e-12	0.1
633923.4	0.018572742799999997	0.1	633923.4	0.0001140827	0.1	633923.4	0.0006963495	0.1	633923.4	0.4761637	0.1	633923.4	0.013624175209999999	0.1	633923.4	0.0001665072	0.1	633923.4	5.481762e-12	0.1
637701.0	0.01820323734	0.1	637701.0	0.0001141257	0.1	637701.0	0.0006966119	0.1	637701.0	0.4763432	0.1	637701.0	0.01362931224	0.1	637701.0	0.0001665699	0.1	637701.0	5.483828e-12	0.1
642173.8	0.017775396290000002	0.1	642173.8	0.0001141755	0.1	642173.8	0.0006969158	0.1	642173.8	0.4765511	0.1	642173.8	0.01363526038	0.1	642173.8	0.0001666426	0.1	642173.8	5.48622e-12	0.1
644956.0	0.01751443867	0.1	644956.0	0.0001142059	0.1	644956.0	0.0006971012	0.1	644956.0	0.4766778	0.1	644956.0	0.013638885350000001	0.1	644956.0	0.0001666869	0.1	644956.0	5.487679e-12	0.1
648294.6	0.01720643188	0.1	648294.6	0.0001142417	0.1	648294.6	0.0006973199	0.1	648294.6	0.4768275	0.1	648294.6	0.01364316121	0.1	648294.6	0.0001667392	0.1	648294.6	5.489401e-12	0.1
651512.1	0.01691481717	0.1	651512.1	0.0001142756	0.1	651512.1	0.0006975271	0.1	651512.1	0.4769691	0.1	651512.1	0.01364721676	0.1	651512.1	0.0001667888	0.1	651512.1	5.491032e-12	0.1
654798.1	0.0166221705	0.1	654798.1	0.0001143097	0.1	654798.1	0.0006977349	0.1	654798.1	0.4771113	0.1	654798.1	0.01365128233	0.1	654798.1	0.0001668385	0.1	654798.1	5.492668e-12	0.1
657462.1	0.016388703839999998	0.1	657462.1	0.0001143369	0.1	657462.1	0.0006979007	0.1	657462.1	0.4772247	0.1	657462.1	0.01365452677	0.1	657462.1	0.0001668781	0.1	657462.1	5.493974e-12	0.1
661143.6	0.01607152971	0.1	661143.6	0.0001143738	0.1	661143.6	0.000698126	0.1	661143.6	0.4773788	0.1	661143.6	0.01365893281	0.1	661143.6	0.000166932	0.1	661143.6	5.495747e-12	0.1
665497.7	0.01570444822	0.1	665497.7	0.0001144165	0.1	665497.7	0.0006983867	0.1	665497.7	0.4775572	0.1	665497.7	0.01366403979	0.1	665497.7	0.0001669943	0.1	665497.7	5.4978e-12	0.1
669838.2	0.015346986360000002	0.1	669838.2	0.0001144581	0.1	669838.2	0.0006986406	0.1	669838.2	0.4777308	0.1	669838.2	0.013669006590000001	0.1	669838.2	0.000167055	0.1	669838.2	5.499798e-12	0.1
674246.8	0.01499236566	0.1	674246.8	0.0001144993	0.1	674246.8	0.0006988925	0.1	674246.8	0.4779031	0.1	674246.8	0.01367393334	0.1	674246.8	0.0001671153	0.1	674246.8	5.501781e-12	0.1
678225.0	0.014679504929999998	0.1	678225.0	0.0001145357	0.1	678225.0	0.0006991147	0.1	678225.0	0.4780551	0.1	678225.0	0.01367827929	0.1	678225.0	0.0001671684	0.1	678225.0	5.50353e-12	0.1
680929.3	0.01447061686	0.1	680929.3	0.00011456	0.1	680929.3	0.0006992631	0.1	680929.3	0.4781566	0.1	680929.3	0.01368118327	0.1	680929.3	0.0001672039	0.1	680929.3	5.504698e-12	0.1
684505.4	0.01419900763	0.1	684505.4	0.0001145917	0.1	684505.4	0.000699456	0.1	684505.4	0.4782885	0.1	684505.4	0.01368495844	0.1	684505.4	0.00016725	0.1	684505.4	5.506217e-12	0.1
687447.6	0.013979425850000001	0.1	687447.6	0.0001146172	0.1	687447.6	0.000699612	0.1	687447.6	0.4783952	0.1	687447.6	0.013688012610000001	0.1	687447.6	0.0001672873	0.1	687447.6	5.507445e-12	0.1
689674.6	0.01381551399	0.1	689674.6	0.0001146363	0.1	689674.6	0.0006997284	0.1	689674.6	0.4784748	0.1	689674.6	0.01369028573	0.1	689674.6	0.0001673151	0.1	689674.6	5.508361e-12	0.1
692081.3	0.01364056442	0.1	692081.3	0.0001146566	0.1	692081.3	0.0006998527	0.1	692081.3	0.4785598	0.1	692081.3	0.01369271906	0.1	692081.3	0.0001673448	0.1	692081.3	5.50934e-12	0.1
695204.7	0.01341685379	0.1	695204.7	0.0001146827	0.1	695204.7	0.0007000116	0.1	695204.7	0.4786685	0.1	695204.7	0.01369582332	0.1	695204.7	0.0001673828	0.1	695204.7	5.51059e-12	0.1
698319.9	0.01319744149	0.1	698319.9	0.0001147082	0.1	698319.9	0.0007001674	0.1	698319.9	0.4787751	0.1	698319.9	0.01369887749	0.1	698319.9	0.0001674201	0.1	698319.9	5.511817e-12	0.1
701870.6	0.012951773780000002	0.1	701870.6	0.0001147368	0.1	701870.6	0.0007003419	0.1	701870.6	0.4788945	0.1	701870.6	0.01370229217	0.1	701870.6	0.0001674618	0.1	701870.6	5.513191e-12	0.1
705711.8	0.012691225320000001	0.1	705711.8	0.0001147671	0.1	705711.8	0.000700527	0.1	705711.8	0.479021	0.1	705711.8	0.01370590713	0.1	705711.8	0.0001675061	0.1	705711.8	5.514648e-12	0.1
710499.4	0.01237388972	0.1	710499.4	0.000114804	0.1	710499.4	0.0007007523	0.1	710499.4	0.4791752	0.1	710499.4	0.013710323160000001	0.1	710499.4	0.00016756	0.1	710499.4	5.516422e-12	0.1
713159.2	0.01220107429	0.1	713159.2	0.0001148241	0.1	713159.2	0.0007008751	0.1	713159.2	0.4792592	0.1	713159.2	0.01371272645	0.1	713159.2	0.0001675893	0.1	713159.2	5.517388e-12	0.1
715787.3	0.01203271967	0.1	715787.3	0.0001148437	0.1	715787.3	0.0007009947	0.1	715787.3	0.479341	0.1	715787.3	0.01371505966	0.1	715787.3	0.0001676179	0.1	715787.3	5.51833e-12	0.1
718902.1	0.01183622621	0.1	718902.1	0.0001148666	0.1	718902.1	0.0007011342	0.1	718902.1	0.4794364	0.1	718902.1	0.013717793399999999	0.1	718902.1	0.0001676513	0.1	718902.1	5.519428e-12	0.1
723005.2	0.01158233588	0.1	723005.2	0.0001148961	0.1	723005.2	0.0007013146	0.1	723005.2	0.4795598	0.1	723005.2	0.01372131823	0.1	723005.2	0.0001676944	0.1	723005.2	5.520848e-12	0.1
727221.1	0.01132719896	0.1	727221.1	0.0001149258	0.1	727221.1	0.0007014958	0.1	727221.1	0.4796837	0.1	727221.1	0.01372486308	0.1	727221.1	0.0001677377	0.1	727221.1	5.522274e-12	0.1
728265.0	0.011264906009999999	0.1	728265.0	0.0001149331	0.1	728265.0	0.00070154	0.1	728265.0	0.479714	0.1	728265.0	0.013725734270000001	0.1	728265.0	0.0001677483	0.1	728265.0	5.522623e-12	0.1
730105.7	0.0111559059	0.1	730105.7	0.0001149458	0.1	730105.7	0.0007016174	0.1	730105.7	0.4797669	0.1	730105.7	0.01372724634	0.1	730105.7	0.0001677668	0.1	730105.7	5.523232e-12	0.1
732613.0	0.01100914932	0.1	732613.0	0.0001149628	0.1	732613.0	0.0007017217	0.1	732613.0	0.4798382	0.1	732613.0	0.01372928913	0.1	732613.0	0.0001677918	0.1	732613.0	5.524053e-12	0.1
735287.0	0.010854788890000001	0.1	735287.0	0.0001149808	0.1	735287.0	0.0007018313	0.1	735287.0	0.4799132	0.1	735287.0	0.01373143207	0.1	735287.0	0.000167818	0.1	735287.0	5.524916e-12	0.1
737960.9	0.010702613750000001	0.1	737960.9	0.0001149985	0.1	737960.9	0.0007019394	0.1	737960.9	0.4799871	0.1	737960.9	0.013733544969999999	0.1	737960.9	0.0001678438	0.1	737960.9	5.525767e-12	0.1
740771.3	0.010544997979999998	0.1	740771.3	0.0001150168	0.1	740771.3	0.0007020514	0.1	740771.3	0.4800637	0.1	740771.3	0.01373573797	0.1	740771.3	0.0001678706	0.1	740771.3	5.526648e-12	0.1
744127.5	0.010359842090000002	0.1	744127.5	0.0001150384	0.1	744127.5	0.0007021829	0.1	744127.5	0.4801537	0.1	744127.5	0.01373831149	0.1	744127.5	0.000167902	0.1	744127.5	5.527683e-12	0.1
748287.2	0.010134904929999999	0.1	748287.2	0.0001150646	0.1	748287.2	0.0007023426	0.1	748287.2	0.4802629	0.1	748287.2	0.01374143577	0.1	748287.2	0.0001679402	0.1	748287.2	5.528941e-12	0.1
