Batch	m_SP	13	P3	W1	W2	W3	W4	W5	W6	R	P1	P2	P4	P5	P6																							
6.833476e-13	9.89888301018e-06	0.1	6.833476e-13	5.068467e-119	0.1	6.833476e-13	1.28278e-12	0.1	6.833476e-13	9.519125e-11	0.1	6.833476e-13	5.068467e-119	0.1	6.833476e-13	5.46352e-08	0.1	6.833476e-13	5.090472e-11	0.1	6.833476e-13	8.68011e-09	0.1	6.833476e-13	8.105141e-09	0.1	6.833476e-13	2.60082e-08	0.1	6.833476e-13	2.595577e-11	0.1	6.833476e-13	3.416126e-09	0.1	6.833476e-13	4.627383e-13	0.1
2.367323e-12	9.6543374902065e-06	0.1	2.367323e-12	1.899493e-118	0.1	2.367323e-12	4.397045e-12	0.1	2.367323e-12	3.269645e-10	0.1	2.367323e-12	1.899493e-118	0.1	2.367323e-12	1.873371e-07	0.1	2.367323e-12	1.882627e-10	0.1	2.367323e-12	2.973796e-08	0.1	2.367323e-12	2.826291e-08	0.1	2.367323e-12	8.801597e-08	0.1	2.367323e-12	8.903294e-11	0.1	2.367323e-12	1.160234e-08	0.1	2.367323e-12	1.572692e-12	0.1
5.17118e-12	9.2606724662634e-06	0.1	5.17118e-12	4.662069e-118	0.1	5.17118e-12	9.437573e-12	0.1	5.17118e-12	7.041537e-10	0.1	5.17118e-12	4.662069e-118	0.1	5.17118e-12	4.023079e-07	0.1	5.17118e-12	4.526495e-10	0.1	5.17118e-12	6.377428e-08	0.1	5.17118e-12	6.235673e-08	0.1	5.17118e-12	1.849157e-07	0.1	5.17118e-12	1.913186e-10	0.1	5.17118e-12	2.452215e-08	0.1	5.17118e-12	3.327769e-12	0.1
9.004943e-12	8.748594763423199e-06	0.1	9.004943e-12	9.306655e-118	0.1	9.004943e-12	1.604695e-11	0.1	9.004943e-12	1.202713e-09	0.1	9.004943e-12	9.306655e-118	0.1	9.004943e-12	6.845558e-07	0.1	9.004943e-12	8.80355e-10	0.1	9.004943e-12	1.083156e-07	0.1	9.004943e-12	1.098902e-07	0.1	9.004943e-12	3.053097e-07	0.1	9.004943e-12	3.258152e-10	0.1	9.004943e-12	4.082109e-08	0.1	9.004943e-12	5.548357e-12	0.1
1.534086e-11	7.9644111692624e-06	0.1	1.534086e-11	1.90647e-117	0.1	1.534086e-11	2.629275e-11	0.1	1.534086e-11	1.984903e-09	0.1	1.534086e-11	1.90647e-117	0.1	1.534086e-11	1.12297e-06	0.1	1.534086e-11	1.733138e-09	0.1	1.534086e-11	1.771579e-07	0.1	1.534086e-11	1.90202e-07	0.1	1.534086e-11	4.763402e-07	0.1	1.534086e-11	5.351959e-10	0.1	1.534086e-11	6.455838e-08	0.1	1.534086e-11	8.797928e-12	0.1
2.641325e-11	6.761017332456601e-06	0.1	2.641325e-11	4.182845e-117	0.1	2.641325e-11	4.234564e-11	0.1	2.641325e-11	3.235012e-09	0.1	2.641325e-11	4.182845e-117	0.1	2.641325e-11	1.812237e-06	0.1	2.641325e-11	3.566753e-09	0.1	2.641325e-11	2.844922e-07	0.1	2.641325e-11	3.334171e-07	0.1	2.641325e-11	7.034311e-07	0.1	2.641325e-11	8.656065e-10	0.1	2.641325e-11	9.76289e-08	0.1	2.641325e-11	1.336775e-11	0.1
3.859926e-11	5.6482534333665e-06	0.1	3.859926e-11	7.432382e-117	0.1	3.859926e-11	5.760922e-11	0.1	3.859926e-11	4.454616e-09	0.1	3.859926e-11	7.432382e-117	0.1	3.859926e-11	2.470709e-06	0.1	3.859926e-11	5.931182e-09	0.1	3.859926e-11	3.859154e-07	0.1	3.859926e-11	4.913164e-07	0.1	3.859926e-11	8.68397e-07	0.1	3.859926e-11	1.182786e-09	0.1	3.859926e-11	1.237284e-07	0.1	3.859926e-11	1.703234e-11	0.1
5.245571e-11	4.606518406416e-06	0.1	5.245571e-11	1.19416e-116	0.1	5.245571e-11	7.234841e-11	0.1	5.245571e-11	5.665122e-09	0.1	5.245571e-11	1.19416e-116	0.1	5.245571e-11	3.110016e-06	0.1	5.245571e-11	8.863959e-09	0.1	5.245571e-11	4.832276e-07	0.1	5.245571e-11	6.665592e-07	0.1	5.245571e-11	9.744842e-07	0.1	5.245571e-11	1.492334e-09	0.1	5.245571e-11	1.430608e-07	0.1	5.245571e-11	1.981768e-11	0.1
6.631216e-11	3.7594161421674002e-06	0.1	6.631216e-11	1.71872e-116	0.1	6.631216e-11	8.473389e-11	0.1	6.631216e-11	6.711231e-09	0.1	6.631216e-11	1.71872e-116	0.1	6.631216e-11	3.650473e-06	0.1	6.631216e-11	1.189167e-08	0.1	6.631216e-11	5.644973e-07	0.1	6.631216e-11	8.33607e-07	0.1	6.631216e-11	1.017596e-06	0.1	6.631216e-11	1.755406e-09	0.1	6.631216e-11	1.539399e-07	0.1	6.631216e-11	2.146335e-11	0.1
8.016861e-11	3.0702053852044e-06	0.1	8.016861e-11	2.305453e-116	0.1	8.016861e-11	9.514319e-11	0.1	8.016861e-11	7.614362e-09	0.1	8.016861e-11	2.305453e-116	0.1	8.016861e-11	4.107581e-06	0.1	8.016861e-11	1.489327e-08	0.1	8.016861e-11	6.324342e-07	0.1	8.016861e-11	9.901041e-07	0.1	8.016861e-11	1.016594e-06	0.1	8.016861e-11	1.97903e-09	0.1	8.016861e-11	1.584827e-07	0.1	8.016861e-11	2.224472e-11	0.1
9.402506e-11	2.5091383918176e-06	0.1	9.402506e-11	2.944708e-116	0.1	9.402506e-11	1.038922e-10	0.1	9.402506e-11	8.393361e-09	0.1	9.402506e-11	2.944708e-116	0.1	9.402506e-11	4.494379e-06	0.1	9.402506e-11	1.778721e-08	0.1	9.402506e-11	6.892801e-07	0.1	9.402506e-11	1.134765e-06	0.1	9.402506e-11	9.856246e-07	0.1	9.402506e-11	2.169167e-09	0.1	9.402506e-11	1.583532e-07	0.1	9.402506e-11	2.237964e-11	0.1
1.090326e-10	2.018199781312e-06	0.1	1.090326e-10	3.686919e-116	0.1	1.090326e-10	1.118009e-10	0.1	1.090326e-10	9.116157e-09	0.1	1.090326e-10	3.686919e-116	0.1	1.090326e-10	4.846668e-06	0.1	1.090326e-10	2.074011e-08	0.1	1.090326e-10	7.404813e-07	0.1	1.090326e-10	1.277501e-06	0.1	1.090326e-10	9.303984e-07	0.1	1.090326e-10	2.343165e-09	0.1	1.090326e-10	1.544435e-07	0.1	1.090326e-10	2.199458e-11	0.1
1.257666e-10	1.5848426646836e-06	0.1	1.257666e-10	4.565414e-116	0.1	1.257666e-10	1.190287e-10	0.1	1.257666e-10	9.795516e-09	0.1	1.257666e-10	4.565414e-116	0.1	1.257666e-10	5.171574e-06	0.1	1.257666e-10	2.376598e-08	0.1	1.257666e-10	7.871572e-07	0.1	1.257666e-10	1.419643e-06	0.1	1.257666e-10	8.53647e-07	0.1	1.257666e-10	2.504433e-09	0.1	1.257666e-10	1.46963e-07	0.1	1.257666e-10	2.111367e-11	0.1
1.425007e-10	1.2459865495752e-06	0.1	1.425007e-10	5.488094e-116	0.1	1.425007e-10	1.24884e-10	0.1	1.425007e-10	1.036224e-08	0.1	1.425007e-10	5.488094e-116	0.1	1.425007e-10	5.437636e-06	0.1	1.425007e-10	2.648907e-08	0.1	1.425007e-10	8.249384e-07	0.1	1.425007e-10	1.544585e-06	0.1	1.425007e-10	7.698105e-07	0.1	1.425007e-10	2.637148e-09	0.1	1.425007e-10	1.374498e-07	0.1	1.425007e-10	1.992595e-11	0.1
1.592348e-10	9.807679402475e-07	0.1	1.592348e-10	6.446917e-116	0.1	1.592348e-10	1.296235e-10	0.1	1.592348e-10	1.083465e-08	0.1	1.592348e-10	6.446917e-116	0.1	1.592348e-10	5.655663e-06	0.1	1.592348e-10	2.890762e-08	0.1	1.592348e-10	8.555632e-07	0.1	1.592348e-10	1.653517e-06	0.1	1.592348e-10	6.850436e-07	0.1	1.592348e-10	2.746414e-09	0.1	1.592348e-10	1.268524e-07	0.1	1.592348e-10	1.856089e-11	0.1
1.766503e-10	7.655351541355199e-07	0.1	1.766503e-10	7.476125e-116	0.1	1.766503e-10	1.335945e-10	0.1	1.766503e-10	1.124276e-08	0.1	1.766503e-10	7.476125e-116	0.1	1.766503e-10	5.841011e-06	0.1	1.766503e-10	3.111395e-08	0.1	1.766503e-10	8.813293e-07	0.1	1.766503e-10	1.751415e-06	0.1	1.766503e-10	6.000169e-07	0.1	1.766503e-10	2.839721e-09	0.1	1.766503e-10	1.153945e-07	0.1	1.766503e-10	1.705226e-11	0.1
1.967916e-10	5.7582182938624e-07	0.1	1.967916e-10	8.698579e-116	0.1	1.967916e-10	1.372066e-10	0.1	1.967916e-10	1.162725e-08	0.1	1.967916e-10	8.698579e-116	0.1	1.967916e-10	6.012833e-06	0.1	1.967916e-10	3.32995e-08	0.1	1.967916e-10	9.049656e-07	0.1	1.967916e-10	1.84715e-06	0.1	1.967916e-10	5.090135e-07	0.1	1.967916e-10	2.926623e-09	0.1	1.967916e-10	1.022629e-07	0.1	1.967916e-10	1.529028e-11	0.1
2.169329e-10	4.3397480165284e-07	0.1	2.169329e-10	9.948509e-116	0.1	2.169329e-10	1.399868e-10	0.1	2.169329e-10	1.193552e-08	0.1	2.169329e-10	9.948509e-116	0.1	2.169329e-10	6.148411e-06	0.1	2.169329e-10	3.513253e-08	0.1	2.169329e-10	9.234242e-07	0.1	2.169329e-10	1.926595e-06	0.1	2.169329e-10	4.276884e-07	0.1	2.169329e-10	2.99552e-09	0.1	2.169329e-10	8.97457e-08	0.1	2.169329e-10	1.358139e-11	0.1
2.370742e-10	3.277387721153e-07	0.1	2.370742e-10	1.12201e-115	0.1	2.370742e-10	1.421155e-10	0.1	2.370742e-10	1.218257e-08	0.1	2.370742e-10	1.12201e-115	0.1	2.370742e-10	6.255499e-06	0.1	2.370742e-10	3.665733e-08	0.1	2.370742e-10	9.37869e-07	0.1	2.370742e-10	1.992166e-06	0.1	2.370742e-10	3.566016e-07	0.1	2.370742e-10	3.050184e-09	0.1	2.370742e-10	7.814042e-08	0.1	2.370742e-10	1.197196e-11	0.1
2.597413e-10	2.395527857733e-07	0.1	2.597413e-10	1.267142e-115	0.1	2.597413e-10	1.439061e-10	0.1	2.597413e-10	1.24024e-08	0.1	2.597413e-10	1.267142e-115	0.1	2.597413e-10	6.349454e-06	0.1	2.597413e-10	3.805836e-08	0.1	2.597413e-10	9.504326e-07	0.1	2.597413e-10	2.052077e-06	0.1	2.597413e-10	2.884807e-07	0.1	2.597413e-10	3.098361e-09	0.1	2.597413e-10	6.634966e-08	0.1	2.597413e-10	1.031099e-11	0.1
2.840923e-10	1.7159795203738002e-07	0.1	2.840923e-10	1.424898e-115	0.1	2.840923e-10	1.452835e-10	0.1	2.840923e-10	1.258481e-08	0.1	2.840923e-10	1.424898e-115	0.1	2.840923e-10	6.426322e-06	0.1	2.840923e-10	3.925377e-08	0.1	2.840923e-10	9.606271e-07	0.1	2.840923e-10	2.103026e-06	0.1	2.840923e-10	2.281158e-07	0.1	2.840923e-10	3.137964e-09	0.1	2.840923e-10	5.524283e-08	0.1	2.840923e-10	8.72012e-12	0.1
3.084433e-10	1.2333128433901e-07	0.1	3.084433e-10	1.584101e-115	0.1	3.084433e-10	1.462351e-10	0.1	3.084433e-10	1.272437e-08	0.1	3.084433e-10	1.584101e-115	0.1	3.084433e-10	6.484348e-06	0.1	3.084433e-10	4.018834e-08	0.1	3.084433e-10	9.682688e-07	0.1	3.084433e-10	2.142842e-06	0.1	3.084433e-10	1.793361e-07	0.1	3.084433e-10	3.168004e-09	0.1	3.084433e-10	4.570342e-08	0.1	3.084433e-10	7.330384e-12	0.1
