Batch	m_SP	5	P3	W4_L	R	P1	P2_L	
8.801356000000e-12	9.737739621630e-06	1.000000000000e-01	8.801356000000e-12	2.596221300000e-07	1.000000000000e-01	8.801356000000e-12	1.706770000000e-10	1.000000000000e-01	8.801356000000e-12	1.077467000000e-09	1.000000000000e-01	8.801356000000e-12	1.235461220000e-09	1.000000000000e-01
1.884179000000e-11	9.447052528530e-06	1.000000000000e-01	1.884179000000e-11	5.475178000000e-07	1.000000000000e-01	1.884179000000e-11	3.599287000000e-10	1.000000000000e-01	1.884179000000e-11	2.282794000000e-09	1.000000000000e-01	1.884179000000e-11	2.564975750000e-09	1.000000000000e-01
4.207644000000e-11	8.807212926990e-06	1.000000000000e-01	4.207644000000e-11	1.181306330000e-06	1.000000000000e-01	4.207644000000e-11	7.765099000000e-10	1.000000000000e-01	4.207644000000e-11	4.976856000000e-09	1.000000000000e-01	4.207644000000e-11	5.335587500000e-09	1.000000000000e-01
8.389880000000e-11	7.762729371930e-06	1.000000000000e-01	8.389880000000e-11	2.216206340000e-06	1.000000000000e-01	8.389880000000e-11	1.456585000000e-09	1.000000000000e-01	8.389880000000e-11	9.504777000000e-09	1.000000000000e-01	8.389880000000e-11	9.363428000000e-09	1.000000000000e-01
1.364861000000e-10	6.623366765670e-06	1.000000000000e-01	1.364861000000e-10	3.345579700000e-06	1.000000000000e-01	1.364861000000e-10	2.198504000000e-09	1.000000000000e-01	1.364861000000e-10	1.464992000000e-08	1.000000000000e-01	1.364861000000e-10	1.297303700000e-08	1.000000000000e-01
1.931521000000e-10	5.582085178590e-06	1.000000000000e-01	1.931521000000e-10	4.378223400000e-06	1.000000000000e-01	1.931521000000e-10	2.876626000000e-09	1.000000000000e-01	1.931521000000e-10	1.956952000000e-08	1.000000000000e-01	1.931521000000e-10	1.544320980000e-08	1.000000000000e-01
2.590398000000e-10	4.575364245900e-06	1.000000000000e-01	2.590398000000e-10	5.377124900000e-06	1.000000000000e-01	2.590398000000e-10	3.532319000000e-09	1.000000000000e-01	2.590398000000e-10	2.455955000000e-08	1.000000000000e-01	2.590398000000e-10	1.693914550000e-08	1.000000000000e-01
3.310753000000e-10	3.681254187090e-06	1.000000000000e-01	3.310753000000e-10	6.264817200000e-06	1.000000000000e-01	3.310753000000e-10	4.114746000000e-09	1.000000000000e-01	3.310753000000e-10	2.922381000000e-08	1.000000000000e-01	3.310753000000e-10	1.737900420000e-08	1.000000000000e-01
4.031108000000e-10	2.961870381000e-06	1.000000000000e-01	4.031108000000e-10	6.979483100000e-06	1.000000000000e-01	4.031108000000e-10	4.583423000000e-09	1.000000000000e-01	4.031108000000e-10	3.317109000000e-08	1.000000000000e-01	4.031108000000e-10	1.698760680000e-08	1.000000000000e-01
4.751463000000e-10	2.383067169090e-06	1.000000000000e-01	4.751463000000e-10	7.554845600000e-06	1.000000000000e-01	4.751463000000e-10	4.960567000000e-09	1.000000000000e-01	4.751463000000e-10	3.650234000000e-08	1.000000000000e-01	4.751463000000e-10	1.607621510000e-08	1.000000000000e-01
5.501458000000e-10	1.900294996860e-06	1.000000000000e-01	5.501458000000e-10	8.035050200000e-06	1.000000000000e-01	5.501458000000e-10	5.275186000000e-09	1.000000000000e-01	5.501458000000e-10	3.941192000000e-08	1.000000000000e-01	5.501458000000e-10	1.481163820000e-08	1.000000000000e-01
6.370016000000e-10	1.462054379310e-06	1.000000000000e-01	6.370016000000e-10	8.471258700000e-06	1.000000000000e-01	6.370016000000e-10	5.560832000000e-09	1.000000000000e-01	6.370016000000e-10	4.218244000000e-08	1.000000000000e-01	6.370016000000e-10	1.316455820000e-08	1.000000000000e-01
7.238575000000e-10	1.124879638601e-06	1.000000000000e-01	7.238575000000e-10	8.807116700000e-06	1.000000000000e-01	7.238575000000e-10	5.780645000000e-09	1.000000000000e-01	7.238575000000e-10	4.442052000000e-08	1.000000000000e-01	7.238575000000e-10	1.148488440000e-08	1.000000000000e-01
8.107133000000e-10	8.654633587318e-07	1.000000000000e-01	8.107133000000e-10	9.065710200000e-06	1.000000000000e-01	8.107133000000e-10	5.949797000000e-09	1.000000000000e-01	8.107133000000e-10	4.622368000000e-08	1.000000000000e-01	8.107133000000e-10	9.876905700000e-09	1.000000000000e-01
8.975691000000e-10	6.658727746171e-07	1.000000000000e-01	8.975691000000e-10	9.264813100000e-06	1.000000000000e-01	8.975691000000e-10	6.079966000000e-09	1.000000000000e-01	8.975691000000e-10	4.767292000000e-08	1.000000000000e-01	8.975691000000e-10	8.398046600000e-09	1.000000000000e-01
9.986624000000e-10	4.907613432604e-07	1.000000000000e-01	9.986624000000e-10	9.439634600000e-06	1.000000000000e-01	9.986624000000e-10	6.194196000000e-09	1.000000000000e-01	9.986624000000e-10	4.900224000000e-08	1.000000000000e-01	9.986624000000e-10	6.873808100000e-09	1.000000000000e-01
1.103315000000e-09	3.578356858231e-07	1.000000000000e-01	1.103315000000e-09	9.572455600000e-06	1.000000000000e-01	1.103315000000e-09	6.280929000000e-09	1.000000000000e-01	1.103315000000e-09	5.005914000000e-08	1.000000000000e-01	1.103315000000e-09	5.528141500000e-09	1.000000000000e-01
1.207968000000e-09	2.609137647444e-07	1.000000000000e-01	1.207968000000e-09	9.669385000000e-06	1.000000000000e-01	1.207968000000e-09	6.344186000000e-09	1.000000000000e-01	1.207968000000e-09	5.086493000000e-08	1.000000000000e-01	1.207968000000e-09	4.407330900000e-09	1.000000000000e-01
1.316831000000e-09	1.878412027847e-07	1.000000000000e-01	1.316831000000e-09	9.742528300000e-06	1.000000000000e-01	1.316831000000e-09	6.391892000000e-09	1.000000000000e-01	1.316831000000e-09	5.149915000000e-08	1.000000000000e-01	1.316831000000e-09	3.455492500000e-09	1.000000000000e-01
1.442535000000e-09	1.285310018238e-07	1.000000000000e-01	1.442535000000e-09	9.801954800000e-06	1.000000000000e-01	1.442535000000e-09	6.430625000000e-09	1.000000000000e-01	1.442535000000e-09	5.203730000000e-08	1.000000000000e-01	1.442535000000e-09	2.588481000000e-09	1.000000000000e-01
