Batch	m_SP	7	P1	R	W4_L	W3	P2_L	P3	P4											
0.0008764929	9.876614245188599e-06	0.1	0.0008764929	3.529621e-09	0.1	0.0008764929	1.3269233999999999e-110	0.1	0.0008764929	3.741924e-09	0.1	0.0008764929	9.898406900000001e-08	0.1	0.0008764929	6.369242e-09	0.1	0.0008764929	1.065962e-08	0.1
0.002428888	9.6619764806172e-06	0.1	0.002428888	9.674723e-09	0.1	0.002428888	3.637074e-110	0.1	0.002428888	1.025655e-08	0.1	0.002428888	2.71313885e-07	0.1	0.002428888	1.745816e-08	0.1	0.002428888	2.921784e-08	0.1
0.004994134	9.3174723019796e-06	0.1	0.004994134	1.953827e-08	0.1	0.004994134	7.344969e-110	0.1	0.004994134	2.071281e-08	0.1	0.004994134	5.479116410000001e-07	0.1	0.004994134	3.525709e-08	0.1	0.004994134	5.90046e-08	0.1
0.009269544	8.770380770635199e-06	0.1	0.009269544	3.520271e-08	0.1	0.009269544	1.3233336e-109	0.1	0.009269544	3.731801e-08	0.1	0.009269544	9.8716724e-07	0.1	0.009269544	6.352387e-08	0.1	0.009269544	1.063078e-07	0.1
0.01447541	8.147408859441e-06	0.1	0.01447541	5.30396e-08	0.1	0.01447541	1.9938393000000002e-109	0.1	0.01447541	5.622627e-08	0.1	0.01447541	1.48734541e-06	0.1	0.01447541	9.571085e-08	0.1	0.01447541	1.601718e-07	0.1
0.0161258	7.9593044872e-06	0.1	0.0161258	5.842538e-08	0.1	0.0161258	2.1962976e-109	0.1	0.0161258	6.19356e-08	0.1	0.0161258	1.6383733199999998e-06	0.1	0.0161258	1.054296e-07	0.1	0.0161258	1.76436e-07	0.1
0.01902107	7.6397430300049e-06	0.1	0.01902107	6.7575e-08	0.1	0.01902107	2.5402428e-109	0.1	0.01902107	7.163485e-08	0.1	0.01902107	1.8949468e-06	0.1	0.01902107	1.219402e-07	0.1	0.01902107	2.040663e-07	0.1
0.02222757	7.300783008975e-06	0.1	0.02222757	7.728004e-08	0.1	0.02222757	2.9050677e-109	0.1	0.02222757	8.192291e-08	0.1	0.02222757	2.16709507e-06	0.1	0.02222757	1.394531e-07	0.1	0.02222757	2.333739e-07	0.1
0.02671666	6.8513532460967e-06	0.1	0.02671666	9.0148e-08	0.1	0.02671666	3.388791e-109	0.1	0.02671666	9.556391e-08	0.1	0.02671666	2.52793852e-06	0.1	0.02671666	1.626736e-07	0.1	0.02671666	2.72233e-07	0.1
0.03355771	6.2190867973435995e-06	0.1	0.03355771	1.082509e-07	0.1	0.03355771	4.069305e-109	0.1	0.03355771	1.147544e-07	0.1	0.03355771	3.0355822600000002e-06	0.1	0.03355771	1.953407e-07	0.1	0.03355771	3.269009e-07	0.1
0.04211103	5.510007654747201e-06	0.1	0.04211103	1.285532e-07	0.1	0.04211103	4.832493e-109	0.1	0.04211103	1.362763e-07	0.1	0.04211103	3.60489751e-06	0.1	0.04211103	2.319764e-07	0.1	0.04211103	3.882104e-07	0.1
0.04681535	5.1550912190451e-06	0.1	0.04681535	1.387151e-07	0.1	0.04681535	5.214491999999999e-109	0.1	0.04681535	1.470487e-07	0.1	0.04681535	3.88985878e-06	0.1	0.04681535	2.503138e-07	0.1	0.04681535	4.188978e-07	0.1
0.04952342	4.9612460763319995e-06	0.1	0.04952342	1.442652e-07	0.1	0.04952342	5.423130000000001e-109	0.1	0.04952342	1.529323e-07	0.1	0.04952342	4.045496739999999e-06	0.1	0.04952342	2.603291e-07	0.1	0.04952342	4.356584e-07	0.1
0.0530861	4.7172857679092995e-06	0.1	0.0530861	1.512503e-07	0.1	0.0530861	5.685708e-109	0.1	0.0530861	1.60337e-07	0.1	0.0530861	4.24137119e-06	0.1	0.0530861	2.729337e-07	0.1	0.0530861	4.56752e-07	0.1
0.05664878	4.4853223735176996e-06	0.1	0.05664878	1.578918e-07	0.1	0.05664878	5.935374e-109	0.1	0.05664878	1.673775e-07	0.1	0.05664878	4.4276145e-06	0.1	0.05664878	2.849185e-07	0.1	0.05664878	4.768085e-07	0.1
0.06377414	4.0550529291514005e-06	0.1	0.06377414	1.702113e-07	0.1	0.06377414	6.398477999999999e-109	0.1	0.06377414	1.80437e-07	0.1	0.06377414	4.77307644e-06	0.1	0.06377414	3.071491e-07	0.1	0.06377414	5.140112e-07	0.1
0.07267638	3.5750130838498e-06	0.1	0.07267638	1.839557e-07	0.1	0.07267638	6.91515e-109	0.1	0.07267638	1.950072e-07	0.1	0.07267638	5.15849918e-06	0.1	0.07267638	3.319513e-07	0.1	0.07267638	5.555173e-07	0.1
0.08566369	2.9747420234944e-06	0.1	0.08566369	2.011427e-07	0.1	0.08566369	7.561230000000001e-109	0.1	0.08566369	2.132267e-07	0.1	0.08566369	5.64045687e-06	0.1	0.08566369	3.629654e-07	0.1	0.08566369	6.074191e-07	0.1
0.1010782	2.3916723841764e-06	0.1	0.1010782	2.178371e-07	0.1	0.1010782	8.188797e-109	0.1	0.1010782	2.309241e-07	0.1	0.1010782	6.1086026999999995e-06	0.1	0.1010782	3.930908e-07	0.1	0.1010782	6.578336e-07	0.1
0.1164928	1.9228897719528004e-06	0.1	0.1164928	2.312593e-07	0.1	0.1164928	8.693355000000001e-109	0.1	0.1164928	2.451526e-07	0.1	0.1164928	6.4849893e-06	0.1	0.1164928	4.173114e-07	0.1	0.1164928	6.983666e-07	0.1
0.1203464	1.8208214067133999e-06	0.1	0.1203464	2.341817e-07	0.1	0.1203464	8.803212e-109	0.1	0.1203464	2.482506e-07	0.1	0.1203464	6.5669393e-06	0.1	0.1203464	4.225849e-07	0.1	0.1203464	7.071917e-07	0.1
0.12609	1.6786646156205e-06	0.1	0.12609	2.38252e-07	0.1	0.12609	8.956218e-109	0.1	0.12609	2.525654e-07	0.1	0.12609	6.6810774e-06	0.1	0.12609	4.299297e-07	0.1	0.12609	7.194832e-07	0.1
0.1347234	1.4855848133004e-06	0.1	0.1347234	2.437802e-07	0.1	0.1347234	9.164034e-109	0.1	0.1347234	2.584258e-07	0.1	0.1347234	6.836101e-06	0.1	0.1347234	4.399056e-07	0.1	0.1347234	7.361777e-07	0.1
0.1458017	1.2699985045930001e-06	0.1	0.1458017	2.499529e-07	0.1	0.1458017	9.396072e-109	0.1	0.1458017	2.649693e-07	0.1	0.1458017	7.0091956e-06	0.1	0.1458017	4.510443e-07	0.1	0.1458017	7.548182e-07	0.1
0.1619308	1.0107970977407999e-06	0.1	0.1619308	2.573744e-07	0.1	0.1619308	9.675057e-109	0.1	0.1619308	2.728366e-07	0.1	0.1619308	7.217309300000001e-06	0.1	0.1619308	4.644365e-07	0.1	0.1619308	7.772299e-07	0.1
0.1720115	8.7639882339236e-07	0.1	0.1720115	2.612225e-07	0.1	0.1720115	9.819710999999999e-109	0.1	0.1720115	2.769159e-07	0.1	0.1720115	7.3252179e-06	0.1	0.1720115	4.713804e-07	0.1	0.1720115	7.888506e-07	0.1
0.1858891	7.201147175604e-07	0.1	0.1858891	2.656972e-07	0.1	0.1858891	9.987924e-109	0.1	0.1858891	2.816595e-07	0.1	0.1858891	7.4506991e-06	0.1	0.1858891	4.794552e-07	0.1	0.1858891	8.023636e-07	0.1
0.2007159	5.8380414912777e-07	0.1	0.2007159	2.696001e-07	0.1	0.2007159	1.0134639e-108	0.1	0.2007159	2.857968e-07	0.1	0.2007159	7.5601428e-06	0.1	0.2007159	4.86498e-07	0.1	0.2007159	8.141496e-07	0.1
0.2155427	4.7329581254592e-07	0.1	0.2155427	2.727642e-07	0.1	0.2155427	1.025358e-108	0.1	0.2155427	2.89151e-07	0.1	0.2155427	7.6488705e-06	0.1	0.2155427	4.922076e-07	0.1	0.2155427	8.237046e-07	0.1
0.2303695	3.837055943391e-07	0.1	0.2303695	2.753293e-07	0.1	0.2303695	1.0350009e-108	0.1	0.2303695	2.918702e-07	0.1	0.2303695	7.7208028e-06	0.1	0.2303695	4.968365e-07	0.1	0.2303695	8.31451e-07	0.1
0.2451963	3.11073965048e-07	0.1	0.2451963	2.774089e-07	0.1	0.2451963	1.0428183e-108	0.1	0.2451963	2.940747e-07	0.1	0.2451963	7.7791195e-06	0.1	0.2451963	5.005891e-07	0.1	0.2451963	8.37731e-07	0.1
0.2600231	2.5219078218385005e-07	0.1	0.2600231	2.790949e-07	0.1	0.2600231	1.0491561e-108	0.1	0.2600231	2.95862e-07	0.1	0.2600231	7.826396199999999e-06	0.1	0.2600231	5.036314e-07	0.1	0.2600231	8.428223e-07	0.1
0.2748499	2.044536130768e-07	0.1	0.2748499	2.804617e-07	0.1	0.2748499	1.0542939e-108	0.1	0.2748499	2.973109e-07	0.1	0.2748499	7.8647253e-06	0.1	0.2748499	5.060979e-07	0.1	0.2748499	8.469499e-07	0.1
0.2896767	1.6575256776190003e-07	0.1	0.2896767	2.815698e-07	0.1	0.2896767	1.0584594e-108	0.1	0.2896767	2.984856e-07	0.1	0.2896767	7.8957986e-06	0.1	0.2896767	5.080975e-07	0.1	0.2896767	8.502962e-07	0.1
0.3064076	1.3080433618476e-07	0.1	0.3064076	2.825704e-07	0.1	0.3064076	1.0622211e-108	0.1	0.3064076	2.995463e-07	0.1	0.3064076	7.923857799999999e-06	0.1	0.3064076	5.099032e-07	0.1	0.3064076	8.53318e-07	0.1
0.3253295	1.0007293853196e-07	0.1	0.3253295	2.834503e-07	0.1	0.3253295	1.0655286e-108	0.1	0.3253295	3.004791e-07	0.1	0.3253295	7.948532699999999e-06	0.1	0.3253295	5.114909e-07	0.1	0.3253295	8.559751e-07	0.1
