Batch	m_SP	7	W3	W4_L	R	P1	P2_L	P3	P4											
1.347868e-07	0.9892173	0.1	1.347868e-07	4.086995e-05	0.1	1.347868e-07	9.49384e-07	0.1	1.347868e-07	0.00430093	0.1	1.347868e-07	1.62114582e-05	0.1	1.347868e-07	1.083903e-06	0.1	1.347868e-07	0.0006658073	0.1
1.471708e-07	0.9883208	0.1	1.471708e-07	4.4783525e-05	0.1	1.471708e-07	1.056007e-06	0.1	1.471708e-07	0.004744695	0.1	1.471708e-07	1.74159144e-05	0.1	1.471708e-07	1.177723e-06	0.1	1.471708e-07	0.000665376	0.1
1.604988e-07	0.987356	0.1	1.604988e-07	4.9015968999999995e-05	0.1	1.604988e-07	1.174337e-06	0.1	1.604988e-07	0.005222925	0.1	1.604988e-07	1.86330853e-05	0.1	1.604988e-07	1.275482e-06	0.1	1.604988e-07	0.0006648985	0.1
1.749557e-07	0.9863102	0.1	1.749557e-07	5.3630983e-05	0.1	1.749557e-07	1.30689e-06	0.1	1.749557e-07	0.005741942	0.1	1.749557e-07	1.98603627e-05	0.1	1.749557e-07	1.377557e-06	0.1	1.749557e-07	0.0006643753	0.1
1.91106e-07	0.9851431	0.1	1.91106e-07	5.8815137999999996e-05	0.1	1.91106e-07	1.460132e-06	0.1	1.91106e-07	0.00632167	0.1	1.91106e-07	2.11186267e-05	0.1	1.91106e-07	1.486569e-06	0.1	1.91106e-07	0.000663789	0.1
2.072563e-07	0.9839775	0.1	2.072563e-07	6.4027181e-05	0.1	2.072563e-07	1.618797e-06	0.1	2.072563e-07	0.006900999	0.1	2.072563e-07	2.22617458e-05	0.1	2.072563e-07	1.590262e-06	0.1	2.072563e-07	0.0006632027	0.1
2.262112e-07	0.9826117	0.1	2.262112e-07	7.0175568e-05	0.1	2.262112e-07	1.811872e-06	0.1	2.262112e-07	0.007580156	0.1	2.262112e-07	2.34641824e-05	0.1	2.262112e-07	1.705313e-06	0.1	2.262112e-07	0.0006625153	0.1
2.458674e-07	0.9811982	0.1	2.458674e-07	7.658059599999999e-05	0.1	2.458674e-07	2.019812e-06	0.1	2.458674e-07	0.008283344	0.1	2.458674e-07	2.45637348e-05	0.1	2.458674e-07	1.817371e-06	0.1	2.458674e-07	0.0006618037	0.1
2.687806e-07	0.9795541	0.1	2.687806e-07	8.407426100000001e-05	0.1	2.687806e-07	2.271957e-06	0.1	2.687806e-07	0.00910148	0.1	2.687806e-07	2.56743871e-05	0.1	2.687806e-07	1.939341e-06	0.1	2.687806e-07	0.0006609758	0.1
2.925081e-07	0.9778558	0.1	2.925081e-07	9.1852326e-05	0.1	2.925081e-07	2.543879e-06	0.1	2.925081e-07	0.009946794	0.1	2.925081e-07	2.66534838e-05	0.1	2.925081e-07	2.05677e-06	0.1	2.925081e-07	0.0006601206	0.1
3.211543e-07	0.9758113	0.1	3.211543e-07	0.000101248139	0.1	3.211543e-07	2.886409e-06	0.1	3.211543e-07	0.01096468	0.1	3.211543e-07	2.76383032e-05	0.1	3.211543e-07	2.188039e-06	0.1	3.211543e-07	0.0006590907	0.1
3.523193e-07	0.9735941	0.1	3.523193e-07	0.000111452647	0.1	3.523193e-07	3.276128e-06	0.1	3.523193e-07	0.01206869	0.1	3.523193e-07	2.85084596e-05	0.1	3.523193e-07	2.319849e-06	0.1	3.523193e-07	0.0006579737	0.1
3.872626e-07	0.9711171	0.1	3.872626e-07	0.00012284365	0.1	3.872626e-07	3.733326e-06	0.1	3.872626e-07	0.01330233	0.1	3.872626e-07	2.92880315e-05	0.1	3.872626e-07	2.456582e-06	0.1	3.872626e-07	0.0006567255	0.1
4.311494e-07	0.9680193	0.1	4.311494e-07	0.00013703436500000002	0.1	4.311494e-07	4.336188e-06	0.1	4.311494e-07	0.01484536	0.1	4.311494e-07	3.00484738e-05	0.1	4.311494e-07	2.615451e-06	0.1	4.311494e-07	0.0006551641	0.1
4.830164e-07	0.964377	0.1	4.830164e-07	0.00015359029	0.1	4.830164e-07	5.086898e-06	0.1	4.830164e-07	0.01665987	0.1	4.830164e-07	3.07291228e-05	0.1	4.830164e-07	2.789484e-06	0.1	4.830164e-07	0.0006533277	0.1
5.443391e-07	0.9600967	0.1	5.443391e-07	0.0001728117	0.1	5.443391e-07	6.022896e-06	0.1	5.443391e-07	0.01879248	0.1	5.443391e-07	3.1339119e-05	0.1	5.443391e-07	2.981383e-06	0.1	5.443391e-07	0.0006511688	0.1
6.222039e-07	0.9547019	0.1	6.222039e-07	0.00019661700199999997	0.1	6.222039e-07	7.277236e-06	0.1	6.222039e-07	0.02148067	0.1	6.222039e-07	3.1936453e-05	0.1	6.222039e-07	3.2092e-06	0.1	6.222039e-07	0.0006484465	0.1
7.034616e-07	0.9491195	0.1	7.034616e-07	0.000220719918	0.1	7.034616e-07	8.650929e-06	0.1	7.034616e-07	0.0242627	0.1	7.034616e-07	3.2443506e-05	0.1	7.034616e-07	3.43197e-06	0.1	7.034616e-07	0.000645628	0.1
7.982901e-07	0.9426653	0.1	7.982901e-07	0.00024790148999999996	0.1	7.982901e-07	1.031646e-05	0.1	7.982901e-07	0.02747959	0.1	7.982901e-07	3.2953752999999994e-05	0.1	7.982901e-07	3.675163e-06	0.1	7.982901e-07	0.0006423673	0.1
9.046572e-07	0.935502	0.1	9.046572e-07	0.00027721936	0.1	9.046572e-07	1.223435e-05	0.1	9.046572e-07	0.03105028	0.1	9.046572e-07	3.3464546e-05	0.1	9.046572e-07	3.928186e-06	0.1	9.046572e-07	0.0006387459	0.1
1.025124e-06	0.9274853	0.1	1.025124e-06	0.00030900567000000003	0.1	1.025124e-06	1.442702e-05	0.1	1.025124e-06	0.03504695	0.1	1.025124e-06	3.3990433e-05	0.1	1.025124e-06	4.191474e-06	0.1	1.025124e-06	0.0006346899	0.1
1.171221e-06	0.9178974	0.1	1.171221e-06	0.00034566516	0.1	1.171221e-06	1.705035e-05	0.1	1.171221e-06	0.03982767	0.1	1.171221e-06	3.45709e-05	0.1	1.171221e-06	4.480963e-06	0.1	1.171221e-06	0.0006298345	0.1
1.35603e-06	0.9059754	0.1	1.35603e-06	0.00038930068	0.1	1.35603e-06	2.02092e-05	0.1	1.35603e-06	0.0457734	0.1	1.35603e-06	3.5230679000000004e-05	0.1	1.35603e-06	4.806708e-06	0.1	1.35603e-06	0.0006237902	0.1
1.569142e-06	0.8925065	0.1	1.569142e-06	0.00043614492000000003	0.1	1.569142e-06	2.350903e-05	0.1	1.569142e-06	0.05249217	0.1	1.569142e-06	3.5902871999999995e-05	0.1	1.569142e-06	5.135471e-06	0.1	1.569142e-06	0.0006169523	0.1
1.810192e-06	0.8776214	0.1	1.810192e-06	0.00048502616	0.1	1.810192e-06	2.670774e-05	0.1	1.810192e-06	0.05991949	0.1	1.810192e-06	3.6563761e-05	0.1	1.810192e-06	5.457507e-06	0.1	1.810192e-06	0.0006093835	0.1
2.133052e-06	0.8582442	0.1	2.133052e-06	0.00054422738	0.1	2.133052e-06	3.010175e-05	0.1	2.133052e-06	0.06959143	0.1	2.133052e-06	3.7305337e-05	0.1	2.133052e-06	5.821111e-06	0.1	2.133052e-06	0.0005995109	0.1
2.455912e-06	0.8394816	0.1	2.455912e-06	0.00059678196	0.1	2.455912e-06	3.262318e-05	0.1	2.455912e-06	0.07895991	0.1	2.455912e-06	3.7903926e-05	0.1	2.455912e-06	6.121092e-06	0.1	2.455912e-06	0.0005899296	0.1
2.778772e-06	0.8213064	0.1	2.778772e-06	0.00064317298	0.1	2.778772e-06	3.448285e-05	0.1	2.778772e-06	0.08803814	0.1	2.778772e-06	3.8378429e-05	0.1	2.778772e-06	6.368736e-06	0.1	2.778772e-06	0.0005806266	0.1
3.148047e-06	0.8012055	0.1	3.148047e-06	0.00068926442	0.1	3.148047e-06	3.60345e-05	0.1	3.148047e-06	0.09808157	0.1	3.148047e-06	3.8789505e-05	0.1	3.148047e-06	6.598963e-06	0.1	3.148047e-06	0.000570312	0.1
3.494139e-06	0.7830013	0.1	3.494139e-06	0.00072629154	0.1	3.494139e-06	3.709945e-05	0.1	3.494139e-06	0.1071801	0.1	3.494139e-06	3.9064846000000005e-05	0.1	3.494139e-06	6.772103e-06	0.1	3.494139e-06	0.0005609461	0.1
3.759043e-06	0.7694649	0.1	3.759043e-06	0.00075095099	0.1	3.759043e-06	3.772985e-05	0.1	3.759043e-06	0.1139474	0.1	3.759043e-06	3.9213209000000004e-05	0.1	3.759043e-06	6.881102e-06	0.1	3.759043e-06	0.0005539658	0.1
4.110667e-06	0.752007	0.1	4.110667e-06	0.00077919721	0.1	4.110667e-06	3.837903e-05	0.1	4.110667e-06	0.1226771	0.1	4.110667e-06	3.933741e-05	0.1	4.110667e-06	6.998912e-06	0.1	4.110667e-06	0.0005449424	0.1
4.557034e-06	0.7306453	0.1	4.557034e-06	0.0008084392	0.1	4.557034e-06	3.896571e-05	0.1	4.557034e-06	0.1333621	0.1	4.557034e-06	3.9392456e-05	0.1	4.557034e-06	7.111134e-06	0.1	4.557034e-06	0.0005338677	0.1
5.112997e-06	0.7052203	0.1	5.112997e-06	0.0008358797400000001	0.1	5.112997e-06	3.941692e-05	0.1	5.112997e-06	0.1460836	0.1	5.112997e-06	3.9328687e-05	0.1	5.112997e-06	7.203368e-06	0.1	5.112997e-06	0.0005206354	0.1
5.738402e-06	0.6780828	0.1	5.738402e-06	0.0008567506699999999	0.1	5.738402e-06	3.96486e-05	0.1	5.738402e-06	0.1596667	0.1	5.738402e-06	3.9117836999999995e-05	0.1	5.738402e-06	7.257464e-06	0.1	5.738402e-06	0.0005064461	0.1
6.457487e-06	0.648652	0.1	6.457487e-06	0.0008701325	0.1	6.457487e-06	3.964962e-05	0.1	6.457487e-06	0.1744028	0.1	6.457487e-06	3.8736824e-05	0.1	6.457487e-06	7.270051e-06	0.1	6.457487e-06	0.0004909746	0.1
7.366111e-06	0.613941	0.1	7.366111e-06	0.00087443581	0.1	7.366111e-06	3.936164e-05	0.1	7.366111e-06	0.1917891	0.1	7.366111e-06	3.8102705000000004e-05	0.1	7.366111e-06	7.230386e-06	0.1	7.366111e-06	0.0004726053	0.1
8.422812e-06	0.5767095	0.1	8.422812e-06	0.00086647755	0.1	8.422812e-06	3.875215e-05	0.1	8.422812e-06	0.210445	0.1	8.422812e-06	3.7222888e-05	0.1	8.422812e-06	7.130292e-06	0.1	8.422812e-06	0.0004527384	0.1
9.516531e-06	0.5413412	0.1	9.516531e-06	0.00084814326	0.1	9.516531e-06	3.792384e-05	0.1	9.516531e-06	0.2281732	0.1	9.516531e-06	3.6216131000000005e-05	0.1	9.516531e-06	6.986989e-06	0.1	9.516531e-06	0.0004336886	0.1
1.061025e-05	0.5088385	0.1	1.061025e-05	0.00082312154	0.1	1.061025e-05	3.697569e-05	0.1	1.061025e-05	0.2444697	0.1	1.061025e-05	3.5159434e-05	0.1	1.061025e-05	6.818922e-06	0.1	1.061025e-05	0.0004160098	0.1
1.170397e-05	0.4788914	0.1	1.170397e-05	0.0007939866	0.1	1.170397e-05	3.596198e-05	0.1	1.170397e-05	0.2594883	0.1	1.170397e-05	3.4085212e-05	0.1	1.170397e-05	6.636728e-06	0.1	1.170397e-05	0.0003995556	0.1
1.279769e-05	0.4512326	0.1	1.279769e-05	0.0007625506299999999	0.1	1.279769e-05	3.491895e-05	0.1	1.279769e-05	0.2733619	0.1	1.279769e-05	3.3015013e-05	0.1	1.279769e-05	6.447594e-06	0.1	1.279769e-05	0.0003841999	0.1
1.406894e-05	0.4216546	0.1	1.406894e-05	0.00072477342	0.1	1.406894e-05	3.370144e-05	0.1	1.406894e-05	0.2882007	0.1	1.406894e-05	3.1794626e-05	0.1	1.406894e-05	6.225391e-06	0.1	1.406894e-05	0.0003675879	0.1
1.538458e-05	0.3936367	0.1	1.538458e-05	0.00068560514	0.1	1.538458e-05	3.246007e-05	0.1	1.538458e-05	0.3022589	0.1	1.538458e-05	3.057194e-05	0.1	1.538458e-05	5.997725e-06	0.1	1.538458e-05	0.0003516458	0.1
1.670021e-05	0.3679625	0.1	1.670021e-05	0.00064728173	0.1	1.670021e-05	3.125387e-05	0.1	1.670021e-05	0.3151426	0.1	1.670021e-05	2.9398597e-05	0.1	1.670021e-05	5.775745e-06	0.1	1.670021e-05	0.0003368362	0.1
1.806976e-05	0.3434518	0.1	1.806976e-05	0.00060888516	0.1	1.806976e-05	3.004565e-05	0.1	1.806976e-05	0.3274437	0.1	1.806976e-05	2.8233858e-05	0.1	1.806976e-05	5.55283e-06	0.1	1.806976e-05	0.0003224933	0.1
1.965495e-05	0.3175848	0.1	1.965495e-05	0.0005667889	0.1	1.965495e-05	2.871419e-05	0.1	1.965495e-05	0.3404266	0.1	1.965495e-05	2.6959398e-05	0.1	1.965495e-05	5.30669e-06	0.1	1.965495e-05	0.0003071092	0.1
2.124014e-05	0.2940933	0.1	2.124014e-05	0.00052742603	0.1	2.124014e-05	2.745698e-05	0.1	2.124014e-05	0.3522181	0.1	2.124014e-05	2.5762546e-05	0.1	2.124014e-05	5.073923e-06	0.1	2.124014e-05	0.0002928843	0.1
2.289348e-05	0.2718233	0.1	2.289348e-05	0.00048932108	0.1	2.289348e-05	2.62238e-05	0.1	2.289348e-05	0.3633972	0.1	2.289348e-05	2.4593208e-05	0.1	2.289348e-05	4.845353e-06	0.1	2.289348e-05	0.0002791419	0.1
2.481943e-05	0.2484059	0.1	2.481943e-05	0.00044860797000000004	0.1	2.481943e-05	2.488337e-05	0.1	2.481943e-05	0.375153	0.1	2.481943e-05	2.3326078e-05	0.1	2.481943e-05	4.596686e-06	0.1	2.481943e-05	0.0002643777	0.1
2.674538e-05	0.2273676	0.1	2.674538e-05	0.00041160199	0.1	2.674538e-05	2.363947e-05	0.1	2.674538e-05	0.3857151	0.1	2.674538e-05	2.2152917e-05	0.1	2.674538e-05	4.365769e-06	0.1	2.674538e-05	0.0002507933	0.1
2.891114e-05	0.2061815	0.1	2.891114e-05	0.00037403280999999996	0.1	2.891114e-05	2.234618e-05	0.1	2.891114e-05	0.3963519	0.1	2.891114e-05	2.0935269e-05	0.1	2.891114e-05	4.125557e-06	0.1	2.891114e-05	0.0002367524	0.1
3.123679e-05	0.1859576	0.1	3.123679e-05	0.00033796498	0.1	3.123679e-05	2.10696e-05	0.1	3.123679e-05	0.4065062	0.1	3.123679e-05	1.97349e-05	0.1	3.123679e-05	3.888345e-06	0.1	3.123679e-05	0.0002229486	0.1
3.356244e-05	0.1679948	0.1	3.356244e-05	0.00030581159000000004	0.1	3.356244e-05	1.989672e-05	0.1	3.356244e-05	0.4155258	0.1	3.356244e-05	1.8633074e-05	0.1	3.356244e-05	3.670323e-06	0.1	3.356244e-05	0.0002102967	0.1
3.588809e-05	0.1519905	0.1	3.588809e-05	0.00027709876	0.1	3.588809e-05	1.881608e-05	0.1	3.588809e-05	0.4235624	0.1	3.588809e-05	1.7618608e-05	0.1	3.588809e-05	3.469383e-06	0.1	3.588809e-05	0.0001986545	0.1
3.774861e-05	0.1404255	0.1	3.774861e-05	0.00025632347	0.1	3.774861e-05	1.801115e-05	0.1	3.774861e-05	0.4293701	0.1	3.774861e-05	1.6863337000000003e-05	0.1	3.774861e-05	3.319672e-06	0.1	3.774861e-05	0.0001899872	0.1
3.84463e-05	0.1363467	0.1	3.84463e-05	0.00024899209	0.1	3.84463e-05	1.77219e-05	0.1	3.84463e-05	0.4314185	0.1	3.84463e-05	1.6592011000000003e-05	0.1	3.84463e-05	3.265866e-06	0.1	3.84463e-05	0.000186873	0.1
3.926028e-05	0.131755	0.1	3.926028e-05	0.00024073645999999997	0.1	3.926028e-05	1.739267e-05	0.1	3.926028e-05	0.4337245	0.1	3.926028e-05	1.628322e-05	0.1	3.926028e-05	3.204617e-06	0.1	3.926028e-05	0.0001833284	0.1
4.055594e-05	0.1247978	0.1	4.055594e-05	0.00022822415000000004	0.1	4.055594e-05	1.68861e-05	0.1	4.055594e-05	0.4372186	0.1	4.055594e-05	1.5808202e-05	0.1	4.055594e-05	3.110364e-06	0.1	4.055594e-05	0.0001778741	0.1
4.238296e-05	0.1156708	0.1	4.238296e-05	0.00021180338899999998	0.1	4.238296e-05	1.620613e-05	0.1	4.238296e-05	0.4418026	0.1	4.238296e-05	1.5170746e-05	0.1	4.238296e-05	2.983823e-06	0.1	4.238296e-05	0.0001705514	0.1
4.509649e-05	0.1034448	0.1	4.509649e-05	0.000189798692	0.1	4.509649e-05	1.526412e-05	0.1	4.509649e-05	0.4479434	0.1	4.509649e-05	1.4287991e-05	0.1	4.509649e-05	2.808471e-06	0.1	4.509649e-05	0.0001604024	0.1
4.808347e-05	0.09159848	0.1	4.808347e-05	0.000168470113	0.1	4.808347e-05	1.431126e-05	0.1	4.808347e-05	0.4538941	0.1	4.808347e-05	1.3395541e-05	0.1	4.808347e-05	2.631037e-06	0.1	4.808347e-05	0.0001501291	0.1
5.148061e-05	0.07988501	0.1	5.148061e-05	0.000147374544	0.1	5.148061e-05	1.332188e-05	0.1	5.148061e-05	0.4597786	0.1	5.148061e-05	1.24694355e-05	0.1	5.148061e-05	2.446722e-06	0.1	5.148061e-05	0.0001394509	0.1
5.487775e-05	0.06976603	0.1	5.487775e-05	0.00012914564000000002	0.1	5.487775e-05	1.242064e-05	0.1	5.487775e-05	0.4648627	0.1	5.487775e-05	1.16264402e-05	0.1	5.487775e-05	2.278747e-06	0.1	5.487775e-05	0.0001297115	0.1
5.827489e-05	0.06100197	0.1	5.827489e-05	0.0001133533	0.1	5.827489e-05	1.159692e-05	0.1	5.827489e-05	0.4692667	0.1	5.827489e-05	1.0856593e-05	0.1	5.827489e-05	2.12514e-06	0.1	5.827489e-05	0.000120797	0.1
6.031317e-05	0.05630994	0.1	6.031317e-05	0.000104896528	0.1	6.031317e-05	1.113614e-05	0.1	6.031317e-05	0.4716247	0.1	6.031317e-05	1.0426260300000001e-05	0.1	6.031317e-05	2.039178e-06	0.1	6.031317e-05	0.000115804	0.1
6.133231e-05	0.05410814	0.1	6.133231e-05	0.000100927523	0.1	6.133231e-05	1.091448e-05	0.1	6.133231e-05	0.4727313	0.1	6.133231e-05	1.0219341100000001e-05	0.1	6.133231e-05	1.997814e-06	0.1	6.133231e-05	0.0001134003	0.1
6.251683e-05	0.05166237	0.1	6.251683e-05	9.6518261e-05	0.1	6.251683e-05	1.066383e-05	0.1	6.251683e-05	0.4739605	0.1	6.251683e-05	9.9854371e-06	0.1	6.251683e-05	1.951031e-06	0.1	6.251683e-05	0.0001106805	0.1
6.443953e-05	0.04793631	0.1	6.443953e-05	8.9799828e-05	0.1	6.443953e-05	1.027224e-05	0.1	6.443953e-05	0.4758334	0.1	6.443953e-05	9.6201863e-06	0.1	6.443953e-05	1.877921e-06	0.1	6.443953e-05	0.0001064279	0.1
6.730364e-05	0.04289869	0.1	6.730364e-05	8.0714258e-05	0.1	6.730364e-05	9.72178e-06	0.1	6.730364e-05	0.4783659	0.1	6.730364e-05	9.1071839e-06	0.1	6.730364e-05	1.775104e-06	0.1	6.730364e-05	0.0001004418	0.1
7.065391e-05	0.03769819	0.1	7.065391e-05	7.133154000000001e-05	0.1	7.065391e-05	9.1238e-06	0.1	7.065391e-05	0.4809806	0.1	7.065391e-05	8.5505593e-06	0.1	7.065391e-05	1.663342e-06	0.1	7.065391e-05	9.392632e-05	0.1
7.43283e-05	0.03273976	0.1	7.43283e-05	6.2381499e-05	0.1	7.43283e-05	8.519596e-06	0.1	7.43283e-05	0.483474	0.1	7.43283e-05	7.9889999e-06	0.1	7.43283e-05	1.55033e-06	0.1	7.43283e-05	8.732702e-05	0.1
7.800268e-05	0.02845193	0.1	7.800268e-05	5.4637819e-05	0.1	7.800268e-05	7.964199e-06	0.1	7.800268e-05	0.4856307	0.1	7.800268e-05	7.4737418e-06	0.1	7.800268e-05	1.446358e-06	0.1	7.800268e-05	8.124363e-05	0.1
8.167707e-05	0.0247396	0.1	8.167707e-05	4.7929562e-05	0.1	8.167707e-05	7.452971e-06	0.1	8.167707e-05	0.4874983	0.1	8.167707e-05	7.0004462e-06	0.1	8.167707e-05	1.350567e-06	0.1	8.167707e-05	7.562631e-05	0.1
8.424914e-05	0.02243976	0.1	8.424914e-05	4.3771442e-05	0.1	8.424914e-05	7.119213e-06	0.1	8.424914e-05	0.4886556	0.1	8.424914e-05	6.6920673e-06	0.1	8.424914e-05	1.287976e-06	0.1	8.424914e-05	7.194805e-05	0.1
8.516774e-05	0.02167245	0.1	8.516774e-05	4.2383682e-05	0.1	8.516774e-05	7.004539e-06	0.1	8.516774e-05	0.4890417	0.1	8.516774e-05	6.5862421999999995e-06	0.1	8.516774e-05	1.266461e-06	0.1	8.516774e-05	7.068199e-05	0.1
8.612512e-05	0.02090125	0.1	8.612512e-05	4.0988655e-05	0.1	8.612512e-05	6.887467e-06	0.1	8.612512e-05	0.4894299	0.1	8.612512e-05	6.4782773e-06	0.1	8.612512e-05	1.244489e-06	0.1	8.612512e-05	6.938816e-05	0.1
8.723765e-05	0.0200402	0.1	8.723765e-05	3.9430772e-05	0.1	8.723765e-05	6.754481e-06	0.1	8.723765e-05	0.4898632	0.1	8.723765e-05	6.3557308e-06	0.1	8.723765e-05	1.219524e-06	0.1	8.723765e-05	6.791677e-05	0.1
8.900288e-05	0.0187476	0.1	8.900288e-05	3.7091414e-05	0.1	8.900288e-05	6.550012e-06	0.1	8.900288e-05	0.4905139	0.1	8.900288e-05	6.1675262e-06	0.1	8.900288e-05	1.181122e-06	0.1	8.900288e-05	6.565075e-05	0.1
9.176944e-05	0.01689038	0.1	9.176944e-05	3.3728601000000004e-05	0.1	9.176944e-05	6.244995e-06	0.1	9.176944e-05	0.4914489	0.1	9.176944e-05	5.8872996e-06	0.1	9.176944e-05	1.123797e-06	0.1	9.176944e-05	6.226114e-05	0.1
9.493132e-05	0.01499556	0.1	9.493132e-05	3.0295416e-05	0.1	9.493132e-05	5.918133e-06	0.1	9.493132e-05	0.4924031	0.1	9.493132e-05	5.5878111e-06	0.1	9.493132e-05	1.062308e-06	0.1	9.493132e-05	5.861464e-05	0.1
9.86732e-05	0.01302972	0.1	9.86732e-05	2.6730593000000002e-05	0.1	9.86732e-05	5.559159e-06	0.1	9.86732e-05	0.4933933	0.1	9.86732e-05	5.26004e-06	0.1	9.86732e-05	9.947013e-07	0.1	9.86732e-05	5.45899e-05	0.1
0.0001024151	0.01132482	0.1	0.0001024151	2.3635933000000002e-05	0.1	0.0001024151	5.228087e-06	0.1	0.0001024151	0.4942524	0.1	0.0001024151	4.9590169e-06	0.1	0.0001024151	9.322699e-07	0.1	0.0001024151	5.085561e-05	0.1
