Batch	m_SP	13	P1	W1	W2	W3	W4	W5	W6	R	P2	P3	P4	P5	P6																							
0.0	9.9999e-06	0.1	0.0	0.0	0.1	0.0	0.0	0.1	0.0	0.0	0.1	0.0	0.0	0.1	0.0	0.0	0.1	0.0	0.0	0.1	0.0	0.0	0.1	0.0	0.0	0.1	0.0	0.0	0.1	0.0	0.0	0.1	0.0	0.0	0.1	0.0	0.0	0.1
5.193975e-09	9.9998900001e-06	0.1	5.193975e-09	4.75641e-17	0.1	5.193975e-09	9.155451e-20	0.1	5.193975e-09	7.68332e-16	0.1	5.193975e-09	4.382867e-16	0.1	5.193975e-09	6.735834e-16	0.1	5.193975e-09	1.018075e-11	0.1	5.193975e-09	3.474712e-18	0.1	5.193975e-09	1.852279e-15	0.1	5.193975e-09	4.680024e-18	0.1	5.193975e-09	4.904038e-19	0.1	5.193975e-09	1.121977e-18	0.1	5.193975e-09	5.247915e-23	0.1
6.150361e-08	9.999789001110001e-06	0.1	6.150361e-08	5.517124e-16	0.1	6.150361e-08	1.248139e-18	0.1	6.150361e-08	1.082054e-14	0.1	6.150361e-08	6.108983e-15	0.1	6.150361e-08	9.488444e-15	0.1	6.150361e-08	1.107224e-10	0.1	6.150361e-08	4.287684e-17	0.1	6.150361e-08	2.391837e-14	0.1	6.150361e-08	5.73715e-17	0.1	6.150361e-08	5.998324e-18	0.1	6.150361e-08	1.372769e-17	0.1	6.150361e-08	6.241669e-22	0.1
1.6053e-07	9.99965100249e-06	0.1	1.6053e-07	1.754468e-15	0.1	1.6053e-07	4.121536e-18	0.1	1.6053e-07	3.529398e-14	0.1	1.6053e-07	1.967928e-14	0.1	1.6053e-07	3.06069e-14	0.1	1.6053e-07	2.487331e-10	0.1	1.6053e-07	1.206699e-16	0.1	1.6053e-07	7.056709e-14	0.1	1.6053e-07	1.595713e-16	0.1	1.6053e-07	1.672932e-17	0.1	1.6053e-07	3.805529e-17	0.1	1.6053e-07	1.64202e-21	0.1
3.121924e-07	9.99950900391e-06	0.1	3.121924e-07	4.160216e-15	0.1	3.121924e-07	1.021541e-17	0.1	3.121924e-07	8.492175e-14	0.1	3.121924e-07	4.686592e-14	0.1	3.121924e-07	7.293911e-14	0.1	3.121924e-07	3.906816e-10	0.1	3.121924e-07	2.628123e-16	0.1	3.121924e-07	1.560856e-13	0.1	3.121924e-07	3.416916e-16	0.1	3.121924e-07	3.639006e-17	0.1	3.121924e-07	8.111642e-17	0.1	3.121924e-07	3.230956e-21	0.1
5.611473e-07	9.99938400516e-06	0.1	5.611473e-07	8.980218e-15	0.1	5.611473e-07	2.290684e-17	0.1	5.611473e-07	1.85368e-13	0.1	5.611473e-07	1.013869e-13	0.1	5.611473e-07	1.578614e-13	0.1	5.611473e-07	5.149467e-10	0.1	5.611473e-07	5.618153e-16	0.1	5.611473e-07	3.186738e-13	0.1	5.611473e-07	7.132207e-16	0.1	5.611473e-07	7.889434e-17	0.1	5.611473e-07	1.682712e-16	0.1	5.611473e-07	5.915692e-21	0.1
8.950119e-07	9.99931700583e-06	0.1	8.950119e-07	1.621495e-14	0.1	8.950119e-07	4.238811e-17	0.1	8.950119e-07	3.374289e-13	0.1	8.950119e-07	1.832606e-13	0.1	8.950119e-07	2.854093e-13	0.1	8.950119e-07	5.81516e-10	0.1	8.950119e-07	1.09867e-15	0.1	8.950119e-07	5.575655e-13	0.1	8.950119e-07	1.360896e-15	0.1	8.950119e-07	1.585456e-16	0.1	8.950119e-07	3.190856e-16	0.1	8.950119e-07	9.661305e-21	0.1
1.271461e-06	9.99929200608e-06	0.1	1.271461e-06	2.471433e-14	0.1	1.271461e-06	6.55807e-17	0.1	1.271461e-06	5.175235e-13	0.1	1.271461e-06	2.794635e-13	0.1	1.271461e-06	4.352894e-13	0.1	1.271461e-06	6.056964e-10	0.1	1.271461e-06	1.895786e-15	0.1	1.271461e-06	8.381973e-13	0.1	1.271461e-06	2.301585e-15	0.1	1.271461e-06	2.815336e-16	0.1	1.271461e-06	5.369346e-16	0.1	1.271461e-06	1.40802e-20	0.1
1.736298e-06	9.999283006170001e-06	0.1	1.736298e-06	3.527541e-14	0.1	1.736298e-06	9.470641e-17	0.1	1.736298e-06	7.433203e-13	0.1	1.736298e-06	3.990094e-13	0.1	1.736298e-06	6.215411e-13	0.1	1.736298e-06	6.136442e-10	0.1	1.736298e-06	3.161729e-15	0.1	1.736298e-06	1.190659e-12	0.1	1.736298e-06	3.771847e-15	0.1	1.736298e-06	4.831039e-16	0.1	1.736298e-06	8.760738e-16	0.1	1.736298e-06	1.981829e-20	0.1
2.355669e-06	9.9992800062e-06	0.1	2.355669e-06	4.922308e-14	0.1	2.355669e-06	1.336309e-16	0.1	2.355669e-06	1.044959e-12	0.1	2.355669e-06	5.568927e-13	0.1	2.355669e-06	8.675234e-13	0.1	2.355669e-06	6.156155e-10	0.1	2.355669e-06	5.328398e-15	0.1	2.355669e-06	1.664644e-12	0.1	2.355669e-06	6.256655e-15	0.1	2.355669e-06	8.375537e-16	0.1	2.355669e-06	1.447423e-15	0.1	2.355669e-06	2.794084e-20	0.1
3.254292e-06	9.99927800622e-06	0.1	3.254292e-06	6.90895e-14	0.1	3.254292e-06	1.899697e-16	0.1	3.254292e-06	1.481556e-12	0.1	3.254292e-06	7.81775e-13	0.1	3.254292e-06	1.217891e-12	0.1	3.254292e-06	6.15902e-10	0.1	3.254292e-06	9.431446e-15	0.1	3.254292e-06	2.358082e-12	0.1	3.254292e-06	1.091296e-14	0.1	3.254292e-06	1.526084e-15	0.1	3.254292e-06	2.515227e-15	0.1	3.254292e-06	4.067753e-20	0.1
4.736943e-06	9.99927500625e-06	0.1	4.736943e-06	1.008846e-13	0.1	4.736943e-06	2.82422e-16	0.1	4.736943e-06	2.198138e-12	0.1	4.736943e-06	1.141686e-12	0.1	4.736943e-06	1.778634e-12	0.1	4.736943e-06	6.159204e-10	0.1	4.736943e-06	1.862209e-14	0.1	4.736943e-06	3.515488e-12	0.1	4.736943e-06	2.124773e-14	0.1	4.736943e-06	3.111276e-15	0.1	4.736943e-06	4.879668e-15	0.1	4.736943e-06	6.409331e-20	0.1
7.278629e-06	9.999270006300001e-06	0.1	7.278629e-06	1.5265e-13	0.1	7.278629e-06	4.394377e-16	0.1	7.278629e-06	3.415507e-12	0.1	7.278629e-06	1.727657e-12	0.1	7.278629e-06	2.691578e-12	0.1	7.278629e-06	6.159366e-10	0.1	7.278629e-06	4.110285e-14	0.1	7.278629e-06	5.536291e-12	0.1	7.278629e-06	4.633232e-14	0.1	7.278629e-06	7.120546e-15	0.1	7.278629e-06	1.060715e-14	0.1	7.278629e-06	1.109056e-19	0.1
1.2362e-05	9.99926100639e-06	0.1	1.2362e-05	2.465608e-13	0.1	1.2362e-05	7.479681e-16	0.1	1.2362e-05	5.808871e-12	0.1	1.2362e-05	2.790701e-12	0.1	1.2362e-05	4.347805e-12	0.1	1.2362e-05	6.159481e-10	0.1	1.2362e-05	1.096748e-13	0.1	1.2362e-05	9.706641e-12	0.1	1.2362e-05	1.223672e-13	0.1	1.2362e-05	1.996889e-14	0.1	1.2362e-05	2.793944e-14	0.1	1.2362e-05	2.279508e-19	0.1
2.42232e-05	9.99923900661e-06	0.1	2.42232e-05	4.235056e-13	0.1	2.42232e-05	1.440286e-15	0.1	2.42232e-05	1.118492e-11	0.1	2.42232e-05	4.793668e-12	0.1	2.42232e-05	7.468435e-12	0.1	2.42232e-05	6.159617e-10	0.1	2.42232e-05	3.732166e-13	0.1	2.42232e-05	2.000184e-11	0.1	2.42232e-05	4.132067e-13	0.1	2.42232e-05	7.425549e-14	0.1	2.42232e-05	9.415488e-14	0.1	2.42232e-05	6.03778e-19	0.1
4.794561e-05	9.999198007020001e-06	0.1	4.794561e-05	6.501603e-13	0.1	4.794561e-05	2.716446e-15	0.1	4.794561e-05	2.111098e-11	0.1	4.794561e-05	7.359337e-12	0.1	4.794561e-05	1.146576e-11	0.1	4.794561e-05	6.159815e-10	0.1	4.794561e-05	1.212807e-12	0.1	4.794561e-05	4.229353e-11	0.1	4.794561e-05	1.337139e-12	0.1	4.794561e-05	2.789773e-13	0.1	4.794561e-05	3.043631e-13	0.1	4.794561e-05	1.665567e-18	0.1
9.304801e-05	9.999125007750001e-06	0.1	9.304801e-05	8.364461e-13	0.1	9.304801e-05	4.791872e-15	0.1	9.304801e-05	3.728364e-11	0.1	9.304801e-05	9.46804e-12	0.1	9.304801e-05	1.475112e-11	0.1	9.304801e-05	6.160024e-10	0.1	9.304801e-05	3.411454e-12	0.1	9.304801e-05	8.793401e-11	0.1	9.304801e-05	3.752406e-12	0.1	9.304801e-05	9.816739e-13	0.1	9.304801e-05	8.537903e-13	0.1	9.304801e-05	4.282653e-18	0.1
0.0001641955	9.99901700883e-06	0.1	0.0001641955	9.094855e-13	0.1	0.0001641955	7.311011e-15	0.1	0.0001641955	5.693897e-11	0.1	0.0001641955	1.029483e-11	0.1	0.0001641955	1.603926e-11	0.1	0.0001641955	6.160177e-10	0.1	0.0001641955	7.431315e-12	0.1	0.0001641955	1.627848e-10	0.1	0.0001641955	8.158124e-12	0.1	0.0001641955	2.76894e-12	0.1	0.0001641955	1.856582e-12	0.1	0.0001641955	8.96058e-18	0.1
0.0002697595	9.998866010340001e-06	0.1	0.0002697595	9.28572e-13	0.1	0.0002697595	9.826868e-15	0.1	0.0002697595	7.657752e-11	0.1	0.0002697595	1.051088e-11	0.1	0.0002697595	1.637587e-11	0.1	0.0002697595	6.160275e-10	0.1	0.0002697595	1.365108e-11	0.1	0.0002697595	2.745894e-10	0.1	0.0002697595	1.493608e-11	0.1	0.0002697595	6.523502e-12	0.1	0.0002697595	3.402523e-12	0.1	0.0002697595	1.615905e-17	0.1
0.0004388234	9.998640012600002e-06	0.1	0.0004388234	9.466245e-13	0.1	0.0004388234	1.202139e-14	0.1	0.0004388234	9.370752e-11	0.1	0.0004388234	1.071522e-11	0.1	0.0004388234	1.669423e-11	0.1	0.0004388234	6.160315e-10	0.1	0.0004388234	2.378743e-11	0.1	0.0004388234	4.518592e-10	0.1	0.0004388234	2.58127e-11	0.1	0.0004388234	1.419348e-11	0.1	0.0004388234	5.897711e-12	0.1	0.0004388234	2.786675e-17	0.1
0.0006808765	9.998336015640002e-06	0.1	0.0006808765	9.865515e-13	0.1	0.0006808765	1.328983e-14	0.1	0.0006808765	1.036037e-10	0.1	0.0006808765	1.116717e-11	0.1	0.0006808765	1.739837e-11	0.1	0.0006808765	6.160279e-10	0.1	0.0006808765	3.87428e-11	0.1	0.0006808765	6.98779e-10	0.1	0.0006808765	4.127723e-11	0.1	0.0006808765	2.686355e-11	0.1	0.0006808765	9.495227e-12	0.1	0.0006808765	4.506119e-17	0.1
0.000997833	9.99796101939e-06	0.1	0.000997833	1.062171e-12	0.1	0.000997833	1.377863e-14	0.1	0.000997833	1.074073e-10	0.1	0.000997833	1.202313e-11	0.1	0.000997833	1.873196e-11	0.1	0.000997833	6.160201e-10	0.1	0.000997833	5.949896e-11	0.1	0.000997833	1.004404e-09	0.1	0.000997833	6.122708e-11	0.1	0.000997833	4.449768e-11	0.1	0.000997833	1.426693e-11	0.1	0.000997833	6.866168e-17	0.1
0.00144192	9.99748102419e-06	0.1	0.00144192	1.199936e-12	0.1	0.00144192	1.392115e-14	0.1	0.00144192	1.084971e-10	0.1	0.00144192	1.358255e-11	0.1	0.00144192	2.116154e-11	0.1	0.00144192	6.16013e-10	0.1	0.00144192	9.162023e-11	0.1	0.00144192	1.38823e-09	0.1	0.00144192	8.83085e-11	0.1	0.00144192	6.964103e-11	0.1	0.00144192	2.107927e-11	0.1	0.00144192	1.043066e-16	0.1
0.00205341	9.99691402986e-06	0.1	0.00205341	1.415142e-12	0.1	0.00205341	1.396136e-14	0.1	0.00205341	1.087752e-10	0.1	0.00205341	1.601856e-11	0.1	0.00205341	2.495683e-11	0.1	0.00205341	6.160114e-10	0.1	0.00205341	1.427998e-10	0.1	0.00205341	1.818373e-09	0.1	0.00205341	1.230754e-10	0.1	0.00205341	1.042374e-10	0.1	0.00205341	3.058971e-11	0.1	0.00205341	1.58279e-16	0.1
0.002487358	9.99657903321e-06	0.1	0.002487358	1.563653e-12	0.1	0.002487358	1.398212e-14	0.1	0.002487358	1.089126e-10	0.1	0.002487358	1.76996e-11	0.1	0.002487358	2.75759e-11	0.1	0.002487358	6.160132e-10	0.1	0.002487358	1.841331e-10	0.1	0.002487358	2.054332e-09	0.1	0.002487358	1.453634e-10	0.1	0.002487358	1.286311e-10	0.1	0.002487358	3.726391e-11	0.1	0.002487358	1.990872e-16	0.1
0.003286366	9.99608903811e-06	0.1	0.003286366	1.794451e-12	0.1	0.003286366	1.402265e-14	0.1	0.003286366	1.091906e-10	0.1	0.003286366	2.031211e-11	0.1	0.003286366	3.164618e-11	0.1	0.003286366	6.160174e-10	0.1	0.003286366	2.696873e-10	0.1	0.003286366	2.360114e-09	0.1	0.003286366	1.801861e-10	0.1	0.003286366	1.730577e-10	0.1	0.003286366	4.887438e-11	0.1	0.003286366	2.756991e-16	0.1
0.004343401	9.995630042700002e-06	0.1	0.004343401	2.000118e-12	0.1	0.004343401	1.408258e-14	0.1	0.004343401	1.096242e-10	0.1	0.004343401	2.264013e-11	0.1	0.004343401	3.527324e-11	0.1	0.004343401	6.160188e-10	0.1	0.004343401	3.95941e-10	0.1	0.004343401	2.582545e-09	0.1	0.004343401	2.136936e-10	0.1	0.004343401	2.305498e-10	0.1	0.004343401	6.197626e-11	0.1	0.004343401	3.709795e-16	0.1
0.005400436	9.995300046e-06	0.1	0.005400436	2.118372e-12	0.1	0.005400436	1.414964e-14	0.1	0.005400436	1.10128e-10	0.1	0.005400436	2.397869e-11	0.1	0.005400436	3.735871e-11	0.1	0.005400436	6.160149e-10	0.1	0.005400436	5.292213e-10	0.1	0.005400436	2.687584e-09	0.1	0.005400436	2.353281e-10	0.1	0.005400436	2.861775e-10	0.1	0.005400436	7.208763e-11	0.1	0.005400436	4.519549e-16	0.1
