Batch	m_SP	5	W2	W1	Pr1	Pr2	Pr3							
1.859739e-09	0.9791586	0.1	1.859739e-09	0.006087112	0.1	1.859739e-09	0.007297219	0.1	1.859739e-09	2.934286e-05	0.1	1.859739e-09	5.05966e-05	0.1
4.029006e-09	0.955582	0.1	4.029006e-09	0.01297312	0.1	4.029006e-09	0.01555215	0.1	4.029006e-09	6.255687e-05	0.1	4.029006e-09	0.0001077602	0.1
6.906517e-09	0.9254697	0.1	6.906517e-09	0.02176822	0.1	6.906517e-09	0.02609552	0.1	6.906517e-09	0.0001050166	0.1	6.906517e-09	0.0001804993	0.1
1.077913e-08	0.8869124	0.1	1.077913e-08	0.03303074	0.1	1.077913e-08	0.03959612	0.1	1.077913e-08	0.0001594637	0.1	1.077913e-08	0.0002728348	0.1
1.519711e-08	0.8454857	0.1	1.519711e-08	0.04513313	0.1	1.519711e-08	0.05410209	0.1	1.519711e-08	0.0002180902	0.1	1.519711e-08	0.0003704226	0.1
2.039429e-08	0.7999526	0.1	2.039429e-08	0.05843831	0.1	2.039429e-08	0.07004706	0.1	2.039429e-08	0.0002827242	0.1	2.039429e-08	0.0004747886	0.1
2.578628e-08	0.7560384	0.1	2.578628e-08	0.07127483	0.1	2.578628e-08	0.08542662	0.1	2.578628e-08	0.0003453065	0.1	2.578628e-08	0.0005714413	0.1
3.251323e-08	0.7055231	0.1	3.251323e-08	0.08604822	0.1	3.251323e-08	0.1031205	0.1	3.251323e-08	0.0004176726	0.1	3.251323e-08	0.0006761148	0.1
3.999428e-08	0.6543055	0.1	3.999428e-08	0.1010373	0.1	3.999428e-08	0.121064	0.1	3.999428e-08	0.000491555	0.1	3.999428e-08	0.0007730839	0.1
4.915675e-08	0.5978086	0.1	4.915675e-08	0.1175866	0.1	4.915675e-08	0.140862	0.1	4.915675e-08	0.0005737882	0.1	4.915675e-08	0.0008665931	0.1
5.831922e-08	0.5472729	0.1	5.831922e-08	0.1324059	0.1	5.831922e-08	0.1585767	0.1	5.831922e-08	0.0006481349	0.1	5.831922e-08	0.0009357977	0.1
6.748169e-08	0.5018989	0.1	6.748169e-08	0.1457268	0.1	6.748169e-08	0.174487	0.1	6.748169e-08	0.0007156382	0.1	6.748169e-08	0.0009844806	0.1
7.664416e-08	0.4610216	0.1	7.664416e-08	0.157741	0.1	7.664416e-08	0.1888253	0.1	7.664416e-08	0.0007771499	0.1	7.664416e-08	0.001016239	0.1
8.580664e-08	0.4240828	0.1	8.580664e-08	0.1686095	0.1	8.580664e-08	0.2017861	0.1	8.580664e-08	0.0008333766	0.1	8.580664e-08	0.001034324	0.1
9.496911e-08	0.3906113	0.1	9.496911e-08	0.1784679	0.1	9.496911e-08	0.2135339	0.1	9.496911e-08	0.000884912	0.1	9.496911e-08	0.001041565	0.1
1.041316e-07	0.3602057	0.1	1.041316e-07	0.1874318	0.1	1.041316e-07	0.2242086	0.1	1.041316e-07	0.0009322619	0.1	1.041316e-07	0.001040352	0.1
1.13294e-07	0.3325229	0.1	1.13294e-07	0.1956	0.1	1.13294e-07	0.23393	0.1	1.13294e-07	0.0009758617	0.1	1.13294e-07	0.001032657	0.1
1.24298e-07	0.3024606	0.1	1.24298e-07	0.204478	0.1	1.24298e-07	0.2444898	0.1	1.24298e-07	0.001023798	0.1	1.24298e-07	0.001017082	0.1
1.36976e-07	0.2716008	0.1	1.36976e-07	0.2135997	0.1	1.36976e-07	0.2553328	0.1	1.36976e-07	0.001073728	0.1	1.36976e-07	0.000993189	0.1
1.507698e-07	0.2419954	0.1	1.507698e-07	0.2223581	0.1	1.507698e-07	0.2657381	0.1	1.507698e-07	0.001122426	0.1	1.507698e-07	0.0009626519	0.1
1.645637e-07	0.2159491	0.1	1.645637e-07	0.2300696	0.1	1.645637e-07	0.2748951	0.1	1.645637e-07	0.001166036	0.1	1.645637e-07	0.0009295135	0.1
1.783576e-07	0.1929674	0.1	1.783576e-07	0.2368782	0.1	1.783576e-07	0.2829767	0.1	1.783576e-07	0.00120523	0.1	1.783576e-07	0.0008952665	0.1
1.921515e-07	0.172638	0.1	1.921515e-07	0.2429045	0.1	1.921515e-07	0.2901273	0.1	1.921515e-07	0.001240577	0.1	1.921515e-07	0.0008609013	0.1
2.059454e-07	0.154614	0.1	2.059454e-07	0.2482499	0.1	2.059454e-07	0.2964684	0.1	2.059454e-07	0.001272564	0.1	2.059454e-07	0.0008270609	0.1
2.197393e-07	0.1386022	0.1	2.197393e-07	0.2530005	0.1	2.197393e-07	0.3021029	0.1	2.197393e-07	0.001301604	0.1	2.197393e-07	0.0007941505	0.1
2.335331e-07	0.1243525	0.1	2.335331e-07	0.2572298	0.1	2.335331e-07	0.3071184	0.1	2.335331e-07	0.001328056	0.1	2.335331e-07	0.000762414	0.1
2.484534e-07	0.1106765	0.1	2.484534e-07	0.2612902	0.1	2.484534e-07	0.311933	0.1	2.484534e-07	0.001354109	0.1	2.484534e-07	0.0007295616	0.1
2.650632e-07	0.09730142	0.1	2.650632e-07	0.2652623	0.1	2.650632e-07	0.3166429	0.1	2.650632e-07	0.001380379	0.1	2.650632e-07	0.0006948792	0.1
2.816729e-07	0.08561433	0.1	2.816729e-07	0.268734	0.1	2.816729e-07	0.3207595	0.1	2.816729e-07	0.001404151	0.1	2.816729e-07	0.0006621995	0.1
2.982827e-07	0.07538628	0.1	2.982827e-07	0.2717729	0.1	2.982827e-07	0.3243632	0.1	2.982827e-07	0.001425759	0.1	2.982827e-07	0.000631478	0.1
3.148925e-07	0.06642292	0.1	3.148925e-07	0.2744363	0.1	3.148925e-07	0.3275223	0.1	3.148925e-07	0.001445489	0.1	3.148925e-07	0.000602637	0.1
3.315022e-07	0.0585585	0.1	3.315022e-07	0.2767734	0.1	3.315022e-07	0.3302949	0.1	3.315022e-07	0.001463584	0.1	3.315022e-07	0.0005755817	0.1
3.48112e-07	0.05165106	0.1	3.48112e-07	0.278826	0.1	3.48112e-07	0.332731	0.1	3.48112e-07	0.001480255	0.1	3.48112e-07	0.0005502097	0.1
3.647218e-07	0.04557858	0.1	3.647218e-07	0.2806304	0.1	3.647218e-07	0.3348734	0.1	3.647218e-07	0.001495681	0.1	3.647218e-07	0.0005264171	0.1
3.813315e-07	0.0402358	0.1	3.813315e-07	0.2822177	0.1	3.813315e-07	0.3367591	0.1	3.813315e-07	0.001510018	0.1	3.813315e-07	0.0005041024	0.1
3.979413e-07	0.03553172	0.1	3.979413e-07	0.2836149	0.1	3.979413e-07	0.3384201	0.1	3.979413e-07	0.0015234	0.1	3.979413e-07	0.0004831679	0.1
4.145511e-07	0.03138737	0.1	4.145511e-07	0.2848453	0.1	4.145511e-07	0.3398842	0.1	4.145511e-07	0.001535945	0.1	4.145511e-07	0.0004635214	0.1
4.311608e-07	0.02773416	0.1	4.311608e-07	0.2859294	0.1	4.311608e-07	0.3411754	0.1	4.311608e-07	0.001547754	0.1	4.311608e-07	0.0004450763	0.1
4.477706e-07	0.02451231	0.1	4.477706e-07	0.2868849	0.1	4.477706e-07	0.3423147	0.1	4.477706e-07	0.001558916	0.1	4.477706e-07	0.0004277517	0.1
4.643804e-07	0.02166968	0.1	4.643804e-07	0.2877272	0.1	4.643804e-07	0.3433206	0.1	4.643804e-07	0.001569509	0.1	4.643804e-07	0.0004114724	0.1
4.809901e-07	0.01916067	0.1	4.809901e-07	0.2884698	0.1	4.809901e-07	0.344209	0.1	4.809901e-07	0.001579598	0.1	4.809901e-07	0.0003961687	0.1
4.975999e-07	0.01694541	0.1	4.975999e-07	0.2891247	0.1	4.975999e-07	0.3449939	0.1	4.975999e-07	0.001589245	0.1	4.975999e-07	0.0003817759	0.1
5.142097e-07	0.01498891	0.1	5.142097e-07	0.2897022	0.1	5.142097e-07	0.3456877	0.1	5.142097e-07	0.0015985	0.1	5.142097e-07	0.0003682339	0.1
5.308194e-07	0.01326051	0.1	5.308194e-07	0.2902114	0.1	5.308194e-07	0.3463011	0.1	5.308194e-07	0.00160741	0.1	5.308194e-07	0.0003554872	0.1
5.474292e-07	0.01173327	0.1	5.474292e-07	0.2906604	0.1	5.474292e-07	0.3468437	0.1	5.474292e-07	0.001616013	0.1	5.474292e-07	0.0003434842	0.1
5.64039e-07	0.01038349	0.1	5.64039e-07	0.2910561	0.1	5.64039e-07	0.3473237	0.1	5.64039e-07	0.001624346	0.1	5.64039e-07	0.0003321771	0.1
