Batch	m_SP	11	W4_L	W2	W3	W6	R	P1	P2	P3	P4	P5	P6																			
1.044069e-10	0.99999993186	0.1	1.044069e-10	1.044069e-110	0.1	1.044069e-10	3.568141e-12	0.1	1.044069e-10	1.044069e-110	0.1	1.044069e-10	2.750537e-10	0.1	1.044069e-10	1.345533e-09	0.1	1.044069e-10	1.697403e-09	0.1	1.044069e-10	2.775316e-10	0.1	1.044069e-10	3.717357e-13	0.1	1.044069e-10	5.897547e-11	0.1	1.044069e-10	4.559449e-18	0.1
1.527829e-08	0.9999990061	0.1	1.527829e-08	1.527828e-108	0.1	1.527829e-08	5.137462e-10	0.1	1.527829e-08	1.527828e-108	0.1	1.527829e-08	3.980254e-08	0.1	1.527829e-08	1.947114e-07	0.1	1.527829e-08	2.456282e-07	0.1	1.527829e-08	4.016111e-08	0.1	1.527829e-08	5.466638e-11	0.1	1.527829e-08	8.534238e-09	0.1	1.527829e-08	6.607664e-16	0.1
5.767e-08	0.99999609819	0.1	5.767e-08	5.766983e-108	0.1	5.767e-08	1.853396e-09	0.1	5.767e-08	5.766983e-108	0.1	5.767e-08	1.456514e-07	0.1	5.767e-08	7.125346e-07	0.1	5.767e-08	8.988369e-07	0.1	5.767e-08	1.469633e-07	0.1	5.767e-08	2.089971e-10	0.1	5.767e-08	3.122977e-08	0.1	5.767e-08	2.460016e-15	0.1
1.181426e-07	0.9999923363400001	0.1	1.181426e-07	1.18142e-107	0.1	1.181426e-07	3.560134e-09	0.1	1.181426e-07	1.18142e-107	0.1	1.181426e-07	2.856305e-07	0.1	1.181426e-07	1.397368e-06	0.1	1.181426e-07	1.76265e-06	0.1	1.181426e-07	2.882014e-07	0.1	1.181426e-07	4.349585e-10	0.1	1.181426e-07	6.124331e-08	0.1	1.181426e-07	5.101379e-15	0.1
2.437719e-07	0.99998566121	0.1	2.437719e-07	2.437692e-107	0.1	2.437719e-07	6.430481e-09	0.1	2.437719e-07	2.437692e-107	0.1	2.437719e-07	5.393914e-07	0.1	2.437719e-07	2.639018e-06	0.1	2.437719e-07	3.328492e-06	0.1	2.437719e-07	5.442332e-07	0.1	2.437719e-07	9.201085e-10	0.1	2.437719e-07	1.156534e-07	0.1	2.437719e-07	1.176129e-14	0.1
4.210831e-07	0.99997804678	0.1	4.210831e-07	4.210759e-107	0.1	4.210831e-07	9.219269e-09	0.1	4.210831e-07	4.210759e-107	0.1	4.210831e-07	8.262164e-07	0.1	4.210831e-07	4.04276e-06	0.1	4.210831e-07	5.097924e-06	0.1	4.210831e-07	8.335836e-07	0.1	4.210831e-07	1.622538e-09	0.1	4.210831e-07	1.771532e-07	0.1	4.210831e-07	2.584359e-14	0.1
6.499662e-07	0.9999706916289999	0.1	6.499662e-07	6.499511e-107	0.1	6.499662e-07	1.121657e-08	0.1	6.499662e-07	6.499511e-107	0.1	6.499662e-07	1.101142e-06	0.1	6.499662e-07	5.388737e-06	0.1	6.499662e-07	6.792979e-06	0.1	6.499662e-07	1.110837e-06	0.1	6.499662e-07	2.524914e-09	0.1	6.499662e-07	2.361022e-07	0.1	6.499662e-07	5.413774e-14	0.1
9.045253e-07	0.999964943404	0.1	9.045253e-07	9.044999e-107	0.1	9.045253e-07	1.201974e-08	0.1	9.045253e-07	9.044999e-107	0.1	9.045253e-07	1.315494e-06	0.1	9.045253e-07	6.438694e-06	0.1	9.045253e-07	8.113078e-06	0.1	9.045253e-07	1.326862e-06	0.1	9.045253e-07	3.48474e-09	0.1	9.045253e-07	2.820638e-07	0.1	9.045253e-07	9.880114e-14	0.1
1.233302e-06	0.999960242511	0.1	1.233302e-06	1.233262e-106	0.1	1.233302e-06	1.175446e-08	0.1	1.233302e-06	1.233262e-106	0.1	1.233302e-06	1.496376e-06	0.1	1.233302e-06	7.325397e-06	0.1	1.233302e-06	9.224616e-06	0.1	1.233302e-06	1.508923e-06	0.1	1.233302e-06	4.616107e-09	0.1	1.233302e-06	3.2085e-07	0.1	1.233302e-06	1.734862e-13	0.1
1.562079e-06	0.999957264894	0.1	1.562079e-06	1.562023e-106	0.1	1.562079e-06	1.073919e-08	0.1	1.562079e-06	1.562023e-106	0.1	1.562079e-06	1.607924e-06	0.1	1.562079e-06	7.872859e-06	0.1	1.562079e-06	9.907286e-06	0.1	1.562079e-06	1.62093e-06	0.1	1.562079e-06	5.605059e-09	0.1	1.562079e-06	3.447704e-07	0.1	1.562079e-06	2.621392e-13	0.1
1.890856e-06	0.9999554555019999	0.1	1.890856e-06	1.890784e-106	0.1	1.890856e-06	9.42907e-09	0.1	1.890856e-06	1.890784e-106	0.1	1.890856e-06	1.676805e-06	0.1	1.890856e-06	8.211451e-06	0.1	1.890856e-06	1.032599e-05	0.1	1.890856e-06	1.689821e-06	0.1	1.890856e-06	6.450324e-09	0.1	1.890856e-06	3.595425e-07	0.1	1.890856e-06	3.600949e-13	0.1
2.247475e-06	0.9999542597444	0.1	2.247475e-06	2.247386e-106	0.1	2.247475e-06	7.959109e-09	0.1	2.247475e-06	2.247386e-106	0.1	2.247475e-06	1.722186e-06	0.1	2.247475e-06	8.435026e-06	0.1	2.247475e-06	1.059866e-05	0.1	2.247475e-06	1.734905e-06	0.1	2.247475e-06	7.216643e-09	0.1	2.247475e-06	3.692765e-07	0.1	2.247475e-06	4.730166e-13	0.1
2.645856e-06	0.9999534774934999	0.1	2.645856e-06	2.645748e-106	0.1	2.645856e-06	6.438451e-09	0.1	2.645856e-06	2.645748e-106	0.1	2.645856e-06	1.751612e-06	0.1	2.645856e-06	8.580488e-06	0.1	2.645856e-06	1.077166e-05	0.1	2.645856e-06	1.763773e-06	0.1	2.645856e-06	7.91074e-09	0.1	2.645856e-06	3.7559e-07	0.1	2.645856e-06	6.040902e-13	0.1
3.07785e-06	0.9999530523756	0.1	3.07785e-06	3.077721e-106	0.1	3.07785e-06	5.026352e-09	0.1	3.07785e-06	3.077721e-106	0.1	3.07785e-06	1.769302e-06	0.1	3.07785e-06	8.668396e-06	0.1	3.07785e-06	1.087126e-05	0.1	3.07785e-06	1.780706e-06	0.1	3.07785e-06	8.50271e-09	0.1	3.07785e-06	3.793871e-07	0.1	3.07785e-06	7.495091e-13	0.1
3.560263e-06	0.9999527238484	0.1	3.560263e-06	3.56011e-106	0.1	3.560263e-06	3.759072e-09	0.1	3.560263e-06	3.56011e-106	0.1	3.560263e-06	1.77983e-06	0.1	3.560263e-06	8.721158e-06	0.1	3.560263e-06	1.092541e-05	0.1	3.560263e-06	1.790292e-06	0.1	3.560263e-06	9.007006e-09	0.1	3.560263e-06	3.816493e-07	0.1	3.560263e-06	9.139645e-13	0.1
4.104277e-06	0.99995265551993	0.1	4.104277e-06	4.104099e-106	0.1	4.104277e-06	2.678805e-09	0.1	4.104277e-06	4.104099e-106	0.1	4.104277e-06	1.785949e-06	0.1	4.104277e-06	8.752242e-06	0.1	4.104277e-06	1.095088e-05	0.1	4.104277e-06	1.795288e-06	0.1	4.104277e-06	9.425495e-09	0.1	4.104277e-06	3.829665e-07	0.1	4.104277e-06	1.100591e-12	0.1
4.713352e-06	0.9999526226425	0.1	4.713352e-06	4.713144e-106	0.1	4.713352e-06	1.817792e-09	0.1	4.713352e-06	4.713144e-106	0.1	4.713352e-06	1.789524e-06	0.1	4.713352e-06	8.770763e-06	0.1	4.713352e-06	1.095914e-05	0.1	4.713352e-06	1.79757e-06	0.1	4.713352e-06	9.758049e-09	0.1	4.713352e-06	3.837385e-07	0.1	4.713352e-06	1.310037e-12	0.1
