Batch	m_SP	13	W5	W1	W2	W3	W4	W6	R	P1	P2	P3	P4	P5	P6																							
8.75664e-10	0.9880384	0.1	8.75664e-10	8.678589e-110	0.1	8.75664e-10	7.99958e-07	0.1	8.75664e-10	8.918382e-06	0.1	8.75664e-10	8.678589e-110	0.1	8.75664e-10	7.510552e-05	0.1	8.75664e-10	0.0007386014	0.1	8.75664e-10	0.00129278	0.1	8.75664e-10	0.002815297	0.1	8.75664e-10	0.0008756925	0.1	8.75664e-10	5.577891e-07	0.1	8.75664e-10	0.0002154695	0.1	8.75664e-10	2.294048e-09	0.1
1.191308e-09	0.9838103	0.1	1.191308e-09	1.176929e-109	0.1	1.191308e-09	1.047132e-06	0.1	1.191308e-09	1.221244e-05	0.1	1.191308e-09	1.176929e-109	0.1	1.191308e-09	0.0001007239	0.1	1.191308e-09	0.001005616	0.1	1.191308e-09	0.001780291	0.1	1.191308e-09	0.003782796	0.1	1.191308e-09	0.001176862	0.1	1.191308e-09	7.983458e-07	0.1	1.191308e-09	0.0002914832	0.1	1.191308e-09	3.559029e-09	0.1
1.572903e-09	0.9787724	0.1	1.572903e-09	1.547994e-109	0.1	1.572903e-09	1.320645e-06	0.1	1.572903e-09	1.628674e-05	0.1	1.572903e-09	1.547994e-109	0.1	1.572903e-09	0.0001308258	0.1	1.572903e-09	0.001330867	0.1	1.572903e-09	0.002396938	0.1	1.572903e-09	0.004902979	0.1	1.572903e-09	0.001525839	0.1	1.572903e-09	1.135691e-06	0.1	1.572903e-09	0.0003818432	0.1	1.572903e-09	5.595337e-09	0.1
1.954499e-09	0.9738232	0.1	1.954499e-09	1.9163e-109	0.1	1.954499e-09	1.56898e-06	0.1	1.954499e-09	2.048313e-05	0.1	1.954499e-09	1.9163e-109	0.1	1.954499e-09	0.0001600755	0.1	1.954499e-09	0.001659906	0.1	1.954499e-09	0.003050655	0.1	1.954499e-09	0.005959602	0.1	1.954499e-09	0.001855396	0.1	1.954499e-09	1.53512e-06	0.1	1.954499e-09	0.0004702486	0.1	1.954499e-09	8.2908e-09	0.1
2.336095e-09	0.9689693	0.1	2.336095e-09	2.281924e-109	0.1	2.336095e-09	1.794553e-06	0.1	2.336095e-09	2.481917e-05	0.1	2.336095e-09	2.281924e-109	0.1	2.336095e-09	0.0001885604	0.1	2.336095e-09	0.001993624	0.1	2.336095e-09	0.003747385	0.1	2.336095e-09	0.00694508	0.1	2.336095e-09	0.002163219	0.1	2.336095e-09	2.005864e-06	0.1	2.336095e-09	0.0005564145	0.1	2.336095e-09	1.171604e-08	0.1
2.717691e-09	0.9642151	0.1	2.717691e-09	2.644946e-109	0.1	2.717691e-09	1.999531e-06	0.1	2.717691e-09	2.930677e-05	0.1	2.717691e-09	2.644946e-109	0.1	2.717691e-09	0.0002163486	0.1	2.717691e-09	0.002332592	0.1	2.717691e-09	0.004491229	0.1	2.717691e-09	0.007854393	0.1	2.717691e-09	0.002447768	0.1	2.717691e-09	2.554354e-06	0.1	2.717691e-09	0.0006400665	0.1	2.717691e-09	1.59001e-08	0.1
3.099287e-09	0.9595625	0.1	3.099287e-09	3.005449e-109	0.1	3.099287e-09	2.18585e-06	0.1	3.099287e-09	3.395238e-05	0.1	3.099287e-09	3.005449e-109	0.1	3.099287e-09	0.0002434906	0.1	3.099287e-09	0.00267707	0.1	3.099287e-09	0.005284511	0.1	3.099287e-09	0.008684971	0.1	3.099287e-09	0.002708253	0.1	3.099287e-09	3.184314e-06	0.1	3.099287e-09	0.0007209477	0.1	3.099287e-09	2.083377e-08	0.1
3.480883e-09	0.9550114	0.1	3.480883e-09	3.363509e-109	0.1	3.480883e-09	2.355241e-06	0.1	3.480883e-09	3.875751e-05	0.1	3.480883e-09	3.363509e-109	0.1	3.480883e-09	0.0002700205	0.1	3.480883e-09	0.003027036	0.1	3.480883e-09	0.006127948	0.1	3.480883e-09	0.009436454	0.1	3.480883e-09	0.002944552	0.1	3.480883e-09	3.897019e-06	0.1	3.480883e-09	0.0007988276	0.1	3.480883e-09	2.647535e-08	0.1
3.938246e-09	0.9496881	0.1	3.938246e-09	3.789551e-109	0.1	3.938246e-09	2.538122e-06	0.1	3.938246e-09	4.472272e-05	0.1	3.938246e-09	3.789551e-109	0.1	3.938246e-09	0.0003010399	0.1	3.938246e-09	0.00345333	0.1	3.938246e-09	0.007203919	0.1	3.938246e-09	0.01023517	0.1	3.938246e-09	0.003196565	0.1	3.938246e-09	4.858963e-06	0.1	3.938246e-09	0.0008879416	0.1	3.938246e-09	3.40743e-08	0.1
4.414551e-09	0.9442909	0.1	4.414551e-09	4.229752e-109	0.1	4.414551e-09	2.707611e-06	0.1	4.414551e-09	5.116204e-05	0.1	4.414551e-09	4.229752e-109	0.1	4.414551e-09	0.0003324569	0.1	4.414551e-09	0.003904336	0.1	4.414551e-09	0.008396499	0.1	4.414551e-09	0.01095439	0.1	4.414551e-09	0.003424541	0.1	4.414551e-09	5.980767e-06	0.1	4.414551e-09	0.0009755783	0.1	4.414551e-09	4.280622e-08	0.1
4.890857e-09	0.9390353	0.1	4.890857e-09	4.666519e-109	0.1	4.890857e-09	2.857999e-06	0.1	4.890857e-09	5.781484e-05	0.1	4.890857e-09	4.666519e-109	0.1	4.890857e-09	0.0003629681	0.1	4.890857e-09	0.00436127	0.1	4.890857e-09	0.009657165	0.1	4.890857e-09	0.01156717	0.1	4.890857e-09	0.003619892	0.1	4.890857e-09	7.217062e-06	0.1	4.890857e-09	0.001057748	0.1	4.890857e-09	5.218685e-08	0.1
5.367162e-09	0.9339117	0.1	5.367162e-09	5.099961e-109	0.1	5.367162e-09	2.991323e-06	0.1	5.367162e-09	6.465913e-05	0.1	5.367162e-09	5.099961e-109	0.1	5.367162e-09	0.0003925616	0.1	5.367162e-09	0.004822618	0.1	5.367162e-09	0.01097926	0.1	5.367162e-09	0.01208355	0.1	5.367162e-09	0.003785655	0.1	5.367162e-09	8.557974e-06	0.1	5.367162e-09	0.001134357	0.1	5.367162e-09	6.202339e-08	0.1
5.843467e-09	0.9289099	0.1	5.843467e-09	5.530173e-109	0.1	5.843467e-09	3.109374e-06	0.1	5.843467e-09	7.167123e-05	0.1	5.843467e-09	5.530173e-109	0.1	5.843467e-09	0.0004212202	0.1	5.843467e-09	0.005286758	0.1	5.843467e-09	0.0123556	0.1	5.843467e-09	0.01251416	0.1	5.843467e-09	0.003925066	0.1	5.843467e-09	9.992748e-06	0.1	5.843467e-09	0.001205412	0.1	5.843467e-09	7.213224e-08	0.1
6.319772e-09	0.9240199	0.1	6.319772e-09	5.95724e-109	0.1	6.319772e-09	3.213736e-06	0.1	6.319772e-09	7.88273e-05	0.1	6.319772e-09	5.95724e-109	0.1	6.319772e-09	0.000448926	0.1	6.319772e-09	0.005752043	0.1	6.319772e-09	0.01377889	0.1	6.319772e-09	0.01286966	0.1	6.319772e-09	0.004041361	0.1	6.319772e-09	1.151048e-05	0.1	6.319772e-09	0.001271006	0.1	6.319772e-09	8.2348e-08	0.1
6.796078e-09	0.9192322	0.1	6.796078e-09	6.381236e-109	0.1	6.796078e-09	3.305816e-06	0.1	6.796078e-09	8.610444e-05	0.1	6.796078e-09	6.381236e-109	0.1	6.796078e-09	0.0004756632	0.1	6.796078e-09	0.00621687	0.1	6.796078e-09	0.01524214	0.1	6.796078e-09	0.0131602	0.1	6.796078e-09	0.004137637	0.1	6.796078e-09	1.310063e-05	0.1	6.796078e-09	0.001331305	0.1	6.796078e-09	9.252841e-08	0.1
7.272383e-09	0.9145379	0.1	7.272383e-09	6.802224e-109	0.1	7.272383e-09	3.386872e-06	0.1	7.272383e-09	9.348131e-05	0.1	7.272383e-09	6.802224e-109	0.1	7.272383e-09	0.0005014204	0.1	7.272383e-09	0.006679724	0.1	7.272383e-09	0.01673883	0.1	7.272383e-09	0.01339519	0.1	7.272383e-09	0.004216762	0.1	7.272383e-09	1.475339e-05	0.1	7.272383e-09	0.00138653	0.1	7.272383e-09	1.025561e-07	0.1
7.748688e-09	0.909929	0.1	7.748688e-09	7.220264e-109	0.1	7.748688e-09	3.458029e-06	0.1	7.748688e-09	0.0001009386	0.1	7.748688e-09	7.220264e-109	0.1	7.748688e-09	0.0005261915	0.1	7.748688e-09	0.007139206	0.1	7.748688e-09	0.01826307	0.1	7.748688e-09	0.0135831	0.1	7.748688e-09	0.004281327	0.1	7.748688e-09	1.645983e-05	0.1	7.748688e-09	0.001436946	0.1	7.748688e-09	1.123382e-07	0.1
8.245591e-09	0.905204	0.1	8.245591e-09	7.653295e-109	0.1	8.245591e-09	3.522805e-06	0.1	8.245591e-09	0.0001087856	0.1	8.245591e-09	7.653295e-109	0.1	8.245591e-09	0.000550982	0.1	8.245591e-09	0.007613595	0.1	8.245591e-09	0.01987693	0.1	8.245591e-09	0.01373706	0.1	8.245591e-09	0.004335645	0.1	8.245591e-09	1.828871e-05	0.1	8.245591e-09	0.001484727	0.1	8.245591e-09	1.222057e-07	0.1
8.824884e-09	0.8997936	0.1	8.824884e-09	8.154215e-109	0.1	8.824884e-09	3.587476e-06	0.1	8.824884e-09	0.0001179982	0.1	8.824884e-09	8.154215e-109	0.1	8.824884e-09	0.0005785352	0.1	8.824884e-09	0.008158567	0.1	8.824884e-09	0.02178221	0.1	8.824884e-09	0.01387195	0.1	8.824884e-09	0.00438512	0.1	8.824884e-09	2.047328e-05	0.1	8.824884e-09	0.001534678	0.1	8.824884e-09	1.332009e-07	0.1
9.474271e-09	0.893843	0.1	9.474271e-09	8.710836e-109	0.1	9.474271e-09	3.647793e-06	0.1	9.474271e-09	0.0001283816	0.1	9.474271e-09	8.710836e-109	0.1	9.474271e-09	0.0006077203	0.1	9.474271e-09	0.008757099	0.1	9.474271e-09	0.02394045	0.1	9.474271e-09	0.01397762	0.1	9.474271e-09	0.004426397	0.1	9.474271e-09	2.297703e-05	0.1	9.474271e-09	0.001583962	0.1	9.474271e-09	1.448118e-07	0.1
1.021105e-08	0.8872245	0.1	1.021105e-08	9.336196e-109	0.1	1.021105e-08	3.702807e-06	0.1	1.021105e-08	0.0001402028	0.1	1.021105e-08	9.336196e-109	0.1	1.021105e-08	0.0006387047	0.1	1.021105e-08	0.009417837	0.1	1.021105e-08	0.0264083	0.1	1.021105e-08	0.01405283	0.1	1.021105e-08	0.00445926	0.1	1.021105e-08	2.587329e-05	0.1	1.021105e-08	0.001632215	0.1	1.021105e-08	1.570286e-07	0.1
1.111045e-08	0.8793187	0.1	1.111045e-08	1.00909e-108	0.1	1.111045e-08	3.753746e-06	0.1	1.111045e-08	0.000154651	0.1	1.111045e-08	1.00909e-108	0.1	1.111045e-08	0.0006735711	0.1	1.111045e-08	0.01019472	0.1	1.111045e-08	0.02943622	0.1	1.111045e-08	0.01409785	0.1	1.111045e-08	0.004484675	0.1	1.111045e-08	2.946995e-05	0.1	1.111045e-08	0.001681536	0.1	1.111045e-08	1.705654e-07	0.1
1.200986e-08	0.8715872	0.1	1.200986e-08	1.083628e-108	0.1	1.200986e-08	3.790053e-06	0.1	1.200986e-08	0.0001690825	0.1	1.200986e-08	1.083628e-108	0.1	1.200986e-08	0.0007053429	0.1	1.200986e-08	0.01093597	0.1	1.200986e-08	0.03247	0.1	1.200986e-08	0.01410727	0.1	1.200986e-08	0.004498818	0.1	1.200986e-08	3.311661e-05	0.1	1.200986e-08	0.001721926	0.1	1.200986e-08	1.826547e-07	0.1
1.290926e-08	0.8640162	0.1	1.290926e-08	1.157255e-108	0.1	1.290926e-08	3.814546e-06	0.1	1.290926e-08	0.0001834699	0.1	1.290926e-08	1.157255e-108	0.1	1.290926e-08	0.0007342028	0.1	1.290926e-08	0.01163946	0.1	1.290926e-08	0.03550139	0.1	1.290926e-08	0.01409303	0.1	1.290926e-08	0.004505382	0.1	1.290926e-08	3.680013e-05	0.1	1.290926e-08	0.001754878	0.1	1.290926e-08	1.934078e-07	0.1
1.380866e-08	0.8565955	0.1	1.380866e-08	1.229994e-108	0.1	1.380866e-08	3.829531e-06	0.1	1.380866e-08	0.0001977945	0.1	1.380866e-08	1.229994e-108	0.1	1.380866e-08	0.0007603404	0.1	1.380866e-08	0.01230389	0.1	1.380866e-08	0.03852475	0.1	1.380866e-08	0.01406334	0.1	1.380866e-08	0.004506902	0.1	1.380866e-08	4.05113e-05	0.1	1.380866e-08	0.001781661	0.1	1.380866e-08	2.029548e-07	0.1
1.470807e-08	0.8493169	0.1	1.470807e-08	1.301866e-108	0.1	1.470807e-08	3.836889e-06	0.1	1.470807e-08	0.0002120439	0.1	1.470807e-08	1.301866e-108	0.1	1.470807e-08	0.0007839459	0.1	1.470807e-08	0.01292866	0.1	1.470807e-08	0.04153632	0.1	1.470807e-08	0.01402376	0.1	1.470807e-08	0.004505092	0.1	1.470807e-08	4.424366e-05	0.1	1.470807e-08	0.001803337	0.1	1.470807e-08	2.114288e-07	0.1
1.560747e-08	0.8421739	0.1	1.560747e-08	1.372892e-108	0.1	1.560747e-08	3.83815e-06	0.1	1.560747e-08	0.0002262097	0.1	1.560747e-08	1.372892e-108	0.1	1.560747e-08	0.0008052044	0.1	1.560747e-08	0.01351374	0.1	1.560747e-08	0.04453361	0.1	1.560747e-08	0.01397801	0.1	1.560747e-08	0.004501091	0.1	1.560747e-08	4.799262e-05	0.1	1.560747e-08	0.001820788	0.1	1.560747e-08	2.189567e-07	0.1
1.650688e-08	0.8351608	0.1	1.650688e-08	1.443091e-108	0.1	1.650688e-08	3.834555e-06	0.1	1.650688e-08	0.0002402865	0.1	1.650688e-08	1.443091e-108	0.1	1.650688e-08	0.0008242938	0.1	1.650688e-08	0.01405953	0.1	1.650688e-08	0.04751499	0.1	1.650688e-08	0.01392853	0.1	1.650688e-08	0.004495641	0.1	1.650688e-08	5.175482e-05	0.1	1.650688e-08	0.001834739	0.1	1.650688e-08	2.256546e-07	0.1
1.740628e-08	0.8282728	0.1	1.740628e-08	1.512482e-108	0.1	1.740628e-08	3.827107e-06	0.1	1.740628e-08	0.0002542707	0.1	1.740628e-08	1.512482e-108	0.1	1.740628e-08	0.000841382	0.1	1.740628e-08	0.01456678	0.1	1.740628e-08	0.05047941	0.1	1.740628e-08	0.0138769	0.1	1.740628e-08	0.004489213	0.1	1.740628e-08	5.552774e-05	0.1	1.740628e-08	0.001845784	0.1	1.740628e-08	2.316254e-07	0.1
1.830569e-08	0.8215056	0.1	1.830569e-08	1.581086e-108	0.1	1.830569e-08	3.816615e-06	0.1	1.830569e-08	0.0002681599	0.1	1.830569e-08	1.581086e-108	0.1	1.830569e-08	0.0008566268	0.1	1.830569e-08	0.01503653	0.1	1.830569e-08	0.05342619	0.1	1.830569e-08	0.01382411	0.1	1.830569e-08	0.004482095	0.1	1.830569e-08	5.930939e-05	0.1	1.830569e-08	0.00185441	0.1	1.830569e-08	2.369589e-07	0.1
1.935295e-08	0.8137726	0.1	1.935295e-08	1.659998e-108	0.1	1.935295e-08	3.801423e-06	0.1	1.935295e-08	0.0002842105	0.1	1.935295e-08	1.659998e-108	0.1	1.935295e-08	0.0008722498	0.1	1.935295e-08	0.01553791	0.1	1.935295e-08	0.05683462	0.1	1.935295e-08	0.01376197	0.1	1.935295e-08	0.004473157	0.1	1.935295e-08	6.372149e-05	0.1	1.935295e-08	0.001861927	0.1	1.935295e-08	2.424682e-07	0.1
2.043717e-08	0.8059268	0.1	2.043717e-08	1.740624e-108	0.1	2.043717e-08	3.783136e-06	0.1	2.043717e-08	0.0003006878	0.1	2.043717e-08	1.740624e-108	0.1	2.043717e-08	0.0008862285	0.1	2.043717e-08	0.01600758	0.1	2.043717e-08	0.06033706	0.1	2.043717e-08	0.01369741	0.1	2.043717e-08	0.004463299	0.1	2.043717e-08	6.829692e-05	0.1	2.043717e-08	0.001867348	0.1	2.043717e-08	2.474809e-07	0.1
2.15214e-08	0.7982375	0.1	2.15214e-08	1.820188e-108	0.1	2.15214e-08	3.762931e-06	0.1	2.15214e-08	0.0003170211	0.1	2.15214e-08	1.820188e-108	0.1	2.15214e-08	0.0008981869	0.1	2.15214e-08	0.01642965	0.1	2.15214e-08	0.06381245	0.1	2.15214e-08	0.01363286	0.1	2.15214e-08	0.00445288	0.1	2.15214e-08	7.287774e-05	0.1	2.15214e-08	0.001870799	0.1	2.15214e-08	2.518832e-07	0.1
2.283225e-08	0.7891411	0.1	2.283225e-08	1.915004e-108	0.1	2.283225e-08	3.736687e-06	0.1	2.283225e-08	0.0003365745	0.1	2.283225e-08	1.915004e-108	0.1	2.283225e-08	0.0009102257	0.1	2.283225e-08	0.01688042	0.1	2.283225e-08	0.06797777	0.1	2.283225e-08	0.01355496	0.1	2.283225e-08	0.004439542	0.1	2.283225e-08	7.842002e-05	0.1	2.283225e-08	0.001872823	0.1	2.283225e-08	2.564991e-07	0.1
2.41431e-08	0.7802538	0.1	2.41431e-08	2.008352e-108	0.1	2.41431e-08	3.709096e-06	0.1	2.41431e-08	0.0003559135	0.1	2.41431e-08	2.008352e-108	0.1	2.41431e-08	0.0009199073	0.1	2.41431e-08	0.01727085	0.1	2.41431e-08	0.07210278	0.1	2.41431e-08	0.01347718	0.1	2.41431e-08	0.004425365	0.1	2.41431e-08	8.396295e-05	0.1	2.41431e-08	0.001872927	0.1	2.41431e-08	2.604431e-07	0.1
2.561496e-08	0.7705117	0.1	2.561496e-08	2.111471e-108	0.1	2.561496e-08	3.677121e-06	0.1	2.561496e-08	0.0003773696	0.1	2.561496e-08	2.111471e-108	0.1	2.561496e-08	0.000928308	0.1	2.561496e-08	0.01764364	0.1	2.561496e-08	0.07668593	0.1	2.561496e-08	0.01338987	0.1	2.561496e-08	0.0044084	0.1	2.561496e-08	9.018272e-05	0.1	2.561496e-08	0.001871188	0.1	2.561496e-08	2.641775e-07	0.1
2.719415e-08	0.7603226	0.1	2.719415e-08	2.220176e-108	0.1	2.719415e-08	3.642171e-06	0.1	2.719415e-08	0.0004000833	0.1	2.719415e-08	2.220176e-108	0.1	2.719415e-08	0.0009347882	0.1	2.719415e-08	0.01797412	0.1	2.719415e-08	0.08154566	0.1	2.719415e-08	0.01329605	0.1	2.719415e-08	0.00438893	0.1	2.719415e-08	9.684554e-05	0.1	2.719415e-08	0.001867544	0.1	2.719415e-08	2.674735e-07	0.1
2.877335e-08	0.7503909	0.1	2.877335e-08	2.326942e-108	0.1	2.877335e-08	3.606948e-06	0.1	2.877335e-08	0.0004224754	0.1	2.877335e-08	2.326942e-108	0.1	2.877335e-08	0.000939002	0.1	2.877335e-08	0.01824071	0.1	2.877335e-08	0.08634503	0.1	2.877335e-08	0.01320195	0.1	2.877335e-08	0.004368147	0.1	2.877335e-08	0.0001034913	0.1	2.877335e-08	0.001862394	0.1	2.877335e-08	2.701268e-07	0.1
3.068974e-08	0.738663	0.1	3.068974e-08	2.453985e-108	0.1	3.068974e-08	3.564212e-06	0.1	3.068974e-08	0.0004492123	0.1	3.068974e-08	2.453985e-108	0.1	3.068974e-08	0.000941522	0.1	3.068974e-08	0.01848938	0.1	3.068974e-08	0.09208722	0.1	3.068974e-08	0.01308726	0.1	3.068974e-08	0.004341221	0.1	3.068974e-08	0.0001115244	0.1	3.068974e-08	0.001854493	0.1	3.068974e-08	2.725943e-07	0.1
3.260613e-08	0.727268	0.1	3.260613e-08	2.57836e-108	0.1	3.260613e-08	3.521756e-06	0.1	3.260613e-08	0.0004754658	0.1	3.260613e-08	2.57836e-108	0.1	3.260613e-08	0.0009416464	0.1	3.260613e-08	0.01866761	0.1	3.260613e-08	0.09773857	0.1	3.260613e-08	0.01297204	0.1	3.260613e-08	0.004312556	0.1	3.260613e-08	0.0001195137	0.1	3.260613e-08	0.001845111	0.1	3.260613e-08	2.743444e-07	0.1
3.460431e-08	0.7157176	0.1	3.460431e-08	2.705297e-108	0.1	3.460431e-08	3.477973e-06	0.1	3.460431e-08	0.0005023212	0.1	3.460431e-08	2.705297e-108	0.1	3.460431e-08	0.0009396589	0.1	3.460431e-08	0.01879032	0.1	3.460431e-08	0.1035335	0.1	3.460431e-08	0.01285146	0.1	3.460431e-08	0.004281021	0.1	3.460431e-08	0.0001277876	0.1	3.460431e-08	0.00183405	0.1	3.460431e-08	2.755095e-07	0.1
3.692966e-08	0.7026724	0.1	3.692966e-08	2.849614e-108	0.1	3.692966e-08	3.427787e-06	0.1	3.692966e-08	0.0005329046	0.1	3.692966e-08	2.849614e-108	0.1	3.692966e-08	0.0009351217	0.1	3.692966e-08	0.01886611	0.1	3.692966e-08	0.1101511	0.1	3.692966e-08	0.01271081	0.1	3.692966e-08	0.004242523	0.1	3.692966e-08	0.0001373325	0.1	3.692966e-08	0.00181986	0.1	3.692966e-08	2.761409e-07	0.1
3.935585e-08	0.6894842	0.1	3.935585e-08	2.996429e-108	0.1	3.935585e-08	3.376395e-06	0.1	3.935585e-08	0.000564047	0.1	3.935585e-08	2.996429e-108	0.1	3.935585e-08	0.0009283452	0.1	3.935585e-08	0.01888318	0.1	3.935585e-08	0.1169107	0.1	3.935585e-08	0.01256409	0.1	3.935585e-08	0.004200702	0.1	3.935585e-08	0.0001471835	0.1	3.935585e-08	0.001803868	0.1	3.935585e-08	2.761016e-07	0.1
4.218542e-08	0.6746084	0.1	4.218542e-08	3.162996e-108	0.1	4.218542e-08	3.317771e-06	0.1	4.218542e-08	0.0005993826	0.1	4.218542e-08	3.162996e-108	0.1	4.218542e-08	0.0009184031	0.1	4.218542e-08	0.01884076	0.1	4.218542e-08	0.1246076	0.1	4.218542e-08	0.01239361	0.1	4.218542e-08	0.004150357	0.1	4.218542e-08	0.0001585197	0.1	4.218542e-08	0.001784072	0.1	4.218542e-08	2.753216e-07	0.1
4.501498e-08	0.6602372	0.1	4.501498e-08	3.324754e-108	0.1	4.501498e-08	3.260583e-06	0.1	4.501498e-08	0.0006336702	0.1	4.501498e-08	3.324754e-108	0.1	4.501498e-08	0.0009068103	0.1	4.501498e-08	0.01874746	0.1	4.501498e-08	0.1321054	0.1	4.501498e-08	0.01222441	0.1	4.501498e-08	0.004098898	0.1	4.501498e-08	0.0001696799	0.1	4.501498e-08	0.001763404	0.1	4.501498e-08	2.739133e-07	0.1
4.784454e-08	0.6463349	0.1	4.784454e-08	3.481904e-108	0.1	4.784454e-08	3.204827e-06	0.1	4.784454e-08	0.0006669277	0.1	4.784454e-08	3.481904e-108	0.1	4.784454e-08	0.000894017	0.1	4.784454e-08	0.01861661	0.1	4.784454e-08	0.1394069	0.1	4.784454e-08	0.01205706	0.1	4.784454e-08	0.004046835	0.1	4.784454e-08	0.0001806553	0.1	4.784454e-08	0.001742165	0.1	4.784454e-08	2.720197e-07	0.1
5.067411e-08	0.6328713	0.1	5.067411e-08	3.634635e-108	0.1	5.067411e-08	3.150486e-06	0.1	5.067411e-08	0.0006991773	0.1	5.067411e-08	3.634635e-108	0.1	5.067411e-08	0.0008803745	0.1	5.067411e-08	0.01845845	0.1	5.067411e-08	0.1465157	0.1	5.067411e-08	0.01189199	0.1	5.067411e-08	0.00399458	0.1	5.067411e-08	0.0001914403	0.1	5.067411e-08	0.001720597	0.1	5.067411e-08	2.697581e-07	0.1
5.350367e-08	0.6198201	0.1	5.350367e-08	3.783124e-108	0.1	5.350367e-08	3.097537e-06	0.1	5.350367e-08	0.0007304443	0.1	5.350367e-08	3.783124e-108	0.1	5.350367e-08	0.0008661567	0.1	5.350367e-08	0.01828082	0.1	5.350367e-08	0.1534361	0.1	5.350367e-08	0.01172953	0.1	5.350367e-08	0.003942457	0.1	5.350367e-08	0.0002020318	0.1	5.350367e-08	0.001698888	0.1	5.350367e-08	2.672237e-07	0.1
5.633323e-08	0.6071584	0.1	5.633323e-08	3.92754e-108	0.1	5.633323e-08	3.04595e-06	0.1	5.633323e-08	0.0007607564	0.1	5.633323e-08	3.92754e-108	0.1	5.633323e-08	0.0008515761	0.1	5.633323e-08	0.01808966	0.1	5.633323e-08	0.160173	0.1	5.633323e-08	0.01156991	0.1	5.633323e-08	0.003890713	0.1	5.633323e-08	0.0002124284	0.1	5.633323e-08	0.001677186	0.1	5.633323e-08	2.644924e-07	0.1
5.939462e-08	0.5938746	0.1	5.939462e-08	4.079384e-108	0.1	5.939462e-08	2.991634e-06	0.1	5.939462e-08	0.00079251	0.1	5.939462e-08	4.079384e-108	0.1	5.939462e-08	0.0008355822	0.1	5.939462e-08	0.01787278	0.1	5.939462e-08	0.1672608	0.1	5.939462e-08	0.01140061	0.1	5.939462e-08	0.00383537	0.1	5.939462e-08	0.0002234574	0.1	5.939462e-08	0.001653841	0.1	5.939462e-08	2.613852e-07	0.1
6.280374e-08	0.5795629	0.1	6.280374e-08	4.243317e-108	0.1	6.280374e-08	2.932926e-06	0.1	6.280374e-08	0.0008266408	0.1	6.280374e-08	4.243317e-108	0.1	6.280374e-08	0.0008176915	0.1	6.280374e-08	0.01762396	0.1	6.280374e-08	0.174916	0.1	6.280374e-08	0.01121636	0.1	6.280374e-08	0.00377472	0.1	6.280374e-08	0.0002354728	0.1	6.280374e-08	0.001628133	0.1	6.280374e-08	2.578084e-07	0.1
6.621286e-08	0.5657312	0.1	6.621286e-08	4.402055e-108	0.1	6.621286e-08	2.876033e-06	0.1	6.621286e-08	0.0008595264	0.1	6.621286e-08	4.402055e-108	0.1	6.621286e-08	0.0007998724	0.1	6.621286e-08	0.0173715	0.1	6.621286e-08	0.1823295	0.1	6.621286e-08	0.0110367	0.1	6.621286e-08	0.003715252	0.1	6.621286e-08	0.0002472109	0.1	6.621286e-08	0.001602829	0.1	6.621286e-08	2.541672e-07	0.1
6.962198e-08	0.5523544	0.1	6.962198e-08	4.555831e-108	0.1	6.962198e-08	2.820889e-06	0.1	6.962198e-08	0.0008912187	0.1	6.962198e-08	4.555831e-108	0.1	6.962198e-08	0.0007822414	0.1	6.962198e-08	0.01711836	0.1	6.962198e-08	0.1895107	0.1	6.962198e-08	0.01086161	0.1	6.962198e-08	0.003657062	0.1	6.962198e-08	0.0002586765	0.1	6.962198e-08	0.001577997	0.1	6.962198e-08	2.50506e-07	0.1
7.317294e-08	0.5388806	0.1	7.317294e-08	4.710968e-108	0.1	7.317294e-08	2.765241e-06	0.1	7.317294e-08	0.0009230155	0.1	7.317294e-08	4.710968e-108	0.1	7.317294e-08	0.0007641652	0.1	7.317294e-08	0.01685619	0.1	7.317294e-08	0.1967534	0.1	7.317294e-08	0.01068404	0.1	7.317294e-08	0.003597867	0.1	7.317294e-08	0.000270335	0.1	7.317294e-08	0.001552679	0.1	7.317294e-08	2.467052e-07	0.1
7.729123e-08	0.5238109	0.1	7.729123e-08	4.884762e-108	0.1	7.729123e-08	2.702897e-06	0.1	7.729123e-08	0.0009584132	0.1	7.729123e-08	4.884762e-108	0.1	7.729123e-08	0.0007436506	0.1	7.729123e-08	0.01655609	0.1	7.729123e-08	0.2048631	0.1	7.729123e-08	0.01048412	0.1	7.729123e-08	0.003531054	0.1	7.729123e-08	0.0002835017	0.1	7.729123e-08	0.001524051	0.1	7.729123e-08	2.423454e-07	0.1
8.140952e-08	0.509308	0.1	8.140952e-08	5.0523e-108	0.1	8.140952e-08	2.642807e-06	0.1	8.140952e-08	0.0009923013	0.1	8.140952e-08	5.0523e-108	0.1	8.140952e-08	0.0007236775	0.1	8.140952e-08	0.01626173	0.1	8.140952e-08	0.2126755	0.1	8.140952e-08	0.01029048	0.1	8.140952e-08	0.003466212	0.1	8.140952e-08	0.0002962975	0.1	8.140952e-08	0.001496229	0.1	8.140952e-08	2.380618e-07	0.1
8.552782e-08	0.4953416	0.1	8.552782e-08	5.213906e-108	0.1	8.552782e-08	2.584865e-06	0.1	8.552782e-08	0.001024759	0.1	8.552782e-08	5.213906e-108	0.1	8.552782e-08	0.0007042803	0.1	8.552782e-08	0.01597404	0.1	8.552782e-08	0.220205	0.1	8.552782e-08	0.01010289	0.1	8.552782e-08	0.003403312	0.1	8.552782e-08	0.000308733	0.1	8.552782e-08	0.001469213	0.1	8.552782e-08	2.338702e-07	0.1
9.052994e-08	0.4790596	0.1	9.052994e-08	5.402648e-108	0.1	9.052994e-08	2.517231e-06	0.1	9.052994e-08	0.001062366	0.1	9.052994e-08	5.402648e-108	0.1	9.052994e-08	0.0006815159	0.1	9.052994e-08	0.0156343	0.1	9.052994e-08	0.2289893	0.1	9.052994e-08	0.009882836	0.1	9.052994e-08	0.00332945	0.1	9.052994e-08	0.0003233677	0.1	9.052994e-08	0.001437463	0.1	9.052994e-08	2.289153e-07	0.1
9.553206e-08	0.4634828	0.1	9.553206e-08	5.583583e-108	0.1	9.553206e-08	2.452448e-06	0.1	9.553206e-08	0.001098098	0.1	9.553206e-08	5.583583e-108	0.1	9.553206e-08	0.0006596256	0.1	9.553206e-08	0.01530552	0.1	9.553206e-08	0.2373992	0.1	9.553206e-08	0.009670935	0.1	9.553206e-08	0.00325827	0.1	9.553206e-08	0.0003375043	0.1	9.553206e-08	0.001406849	0.1	9.553206e-08	2.241167e-07	0.1
1.009492e-07	0.4473608	0.1	1.009492e-07	5.771261e-108	0.1	1.009492e-07	2.38532e-06	0.1	1.009492e-07	0.001134816	0.1	1.009492e-07	5.771261e-108	0.1	1.009492e-07	0.0006368872	0.1	1.009492e-07	0.01496182	0.1	1.009492e-07	0.2461091	0.1	1.009492e-07	0.009450163	0.1	1.009492e-07	0.00318407	0.1	1.009492e-07	0.000352272	0.1	1.009492e-07	0.001374924	0.1	1.009492e-07	2.190976e-07	0.1
1.069888e-07	0.4302443	0.1	1.069888e-07	5.971015e-108	0.1	1.069888e-07	2.313968e-06	0.1	1.069888e-07	0.00117349	0.1	1.069888e-07	5.971015e-108	0.1	1.069888e-07	0.000612683	0.1	1.069888e-07	0.01459343	0.1	1.069888e-07	0.2553623	0.1	1.069888e-07	0.009214089	0.1	1.069888e-07	0.003104697	0.1	1.069888e-07	0.0003680977	0.1	1.069888e-07	0.001340764	0.1	1.069888e-07	2.13716e-07	0.1
1.132923e-07	0.4132811	0.1	1.132923e-07	6.169544e-108	0.1	1.132923e-07	2.243172e-06	0.1	1.132923e-07	0.001211491	0.1	1.132923e-07	6.169544e-108	0.1	1.132923e-07	0.0005886523	0.1	1.132923e-07	0.01422494	0.1	1.132923e-07	0.2645388	0.1	1.132923e-07	0.008978321	0.1	1.132923e-07	0.003025408	0.1	1.132923e-07	0.0003839252	0.1	1.132923e-07	0.001306633	0.1	1.132923e-07	2.083315e-07	0.1
1.206515e-07	0.3945585	0.1	1.206515e-07	6.389398e-108	0.1	1.206515e-07	2.164935e-06	0.1	1.206515e-07	0.00125304	0.1	1.206515e-07	6.389398e-108	0.1	1.206515e-07	0.0005620969	0.1	1.206515e-07	0.01381433	0.1	1.206515e-07	0.2746744	0.1	1.206515e-07	0.008715865	0.1	1.206515e-07	0.002937129	0.1	1.206515e-07	0.0004015503	0.1	1.206515e-07	0.001268628	0.1	1.206515e-07	2.023305e-07	0.1
1.2835e-07	0.3761259	0.1	1.2835e-07	6.606701e-108	0.1	1.2835e-07	2.087809e-06	0.1	1.2835e-07	0.001293526	0.1	1.2835e-07	6.606701e-108	0.1	1.2835e-07	0.0005359323	0.1	1.2835e-07	0.01340595	0.1	1.2835e-07	0.2846608	0.1	1.2835e-07	0.008454998	0.1	1.2835e-07	0.002849376	0.1	1.2835e-07	0.0004190497	0.1	1.2835e-07	0.001230848	0.1	1.2835e-07	1.963616e-07	0.1
1.374058e-07	0.355829	0.1	1.374058e-07	6.84711e-108	0.1	1.374058e-07	2.002762e-06	0.1	1.374058e-07	0.001337606	0.1	1.374058e-07	6.84711e-108	0.1	1.374058e-07	0.0005071075	0.1	1.374058e-07	0.01295124	0.1	1.374058e-07	0.2956671	0.1	1.374058e-07	0.008164635	0.1	1.374058e-07	0.002751696	0.1	1.374058e-07	0.0004384677	0.1	1.374058e-07	0.001188793	0.1	1.374058e-07	1.897153e-07	0.1
1.473149e-07	0.3351839	0.1	1.473149e-07	7.093055e-108	0.1	1.473149e-07	1.916124e-06	0.1	1.473149e-07	0.00138188	0.1	1.473149e-07	7.093055e-108	0.1	1.473149e-07	0.00047778	0.1	1.473149e-07	0.01248288	0.1	1.473149e-07	0.3068737	0.1	1.473149e-07	0.007865595	0.1	1.473149e-07	0.002651094	0.1	1.473149e-07	0.0004583493	0.1	1.473149e-07	0.001145479	0.1	1.473149e-07	1.828691e-07	0.1
1.58504e-07	0.3136481	0.1	1.58504e-07	7.351401e-108	0.1	1.58504e-07	1.825599e-06	0.1	1.58504e-07	0.001427431	0.1	1.58504e-07	7.351401e-108	0.1	1.58504e-07	0.0004471828	0.1	1.58504e-07	0.01198733	0.1	1.58504e-07	0.3185775	0.1	1.58504e-07	0.00754921	0.1	1.58504e-07	0.002544656	0.1	1.58504e-07	0.0004791855	0.1	1.58504e-07	0.001099653	0.1	1.58504e-07	1.756257e-07	0.1
1.721966e-07	0.2895843	0.1	1.721966e-07	7.642674e-108	0.1	1.721966e-07	1.724259e-06	0.1	1.721966e-07	0.001477526	0.1	1.721966e-07	7.642674e-108	0.1	1.721966e-07	0.0004129908	0.1	1.721966e-07	0.01142409	0.1	1.721966e-07	0.3316742	0.1	1.721966e-07	0.007189587	0.1	1.721966e-07	0.002423673	0.1	1.721966e-07	0.0005025124	0.1	1.721966e-07	0.001047567	0.1	1.721966e-07	1.673929e-07	0.1
1.880195e-07	0.264541	0.1	1.880195e-07	7.949386e-108	0.1	1.880195e-07	1.618568e-06	0.1	1.880195e-07	0.001528704	0.1	1.880195e-07	7.949386e-108	0.1	1.880195e-07	0.0003774054	0.1	1.880195e-07	0.01082562	0.1	1.880195e-07	0.3453284	0.1	1.880195e-07	0.006807431	0.1	1.880195e-07	0.002295111	0.1	1.880195e-07	0.000526724	0.1	1.880195e-07	0.0009922197	0.1	1.880195e-07	1.586455e-07	0.1
2.063679e-07	0.2387159	0.1	2.063679e-07	8.270503e-108	0.1	2.063679e-07	1.509317e-06	0.1	2.063679e-07	0.001580381	0.1	2.063679e-07	8.270503e-108	0.1	2.063679e-07	0.0003407078	0.1	2.063679e-07	0.01019298	0.1	2.063679e-07	0.3594399	0.1	2.063679e-07	0.006403392	0.1	2.063679e-07	0.002159191	0.1	2.063679e-07	0.0005514491	0.1	2.063679e-07	0.0009337072	0.1	2.063679e-07	1.493989e-07	0.1
2.291368e-07	0.2107478	0.1	2.291368e-07	8.625463e-108	0.1	2.291368e-07	1.39067e-06	0.1	2.291368e-07	0.001634956	0.1	2.291368e-07	8.625463e-108	0.1	2.291368e-07	0.0003009632	0.1	2.291368e-07	0.009486393	0.1	2.291368e-07	0.3747655	0.1	2.291368e-07	0.005952047	0.1	2.291368e-07	0.002007361	0.1	2.291368e-07	0.0005776646	0.1	2.291368e-07	0.0008683491	0.1	2.291368e-07	1.390721e-07	0.1
2.563588e-07	0.1822336	0.1	2.563588e-07	8.99776e-108	0.1	2.563588e-07	1.269292e-06	0.1	2.563588e-07	0.001688879	0.1	2.563588e-07	8.99776e-108	0.1	2.563588e-07	0.00026044	0.1	2.563588e-07	0.008737415	0.1	2.563588e-07	0.390448	0.1	2.563588e-07	0.005473521	0.1	2.563588e-07	0.001846393	0.1	2.563588e-07	0.0006033547	0.1	2.563588e-07	0.0007990617	0.1	2.563588e-07	1.281265e-07	0.1
2.846941e-07	0.1572054	0.1	2.846941e-07	9.33656e-108	0.1	2.846941e-07	1.162328e-06	0.1	2.846941e-07	0.001734457	0.1	2.846941e-07	9.33656e-108	0.1	2.846941e-07	0.0002248679	0.1	2.846941e-07	0.008049676	0.1	2.846941e-07	0.4042747	0.1	2.846941e-07	0.005034024	0.1	2.846941e-07	0.001698559	0.1	2.846941e-07	0.0006245416	0.1	2.846941e-07	0.0007354319	0.1	2.846941e-07	1.180765e-07	0.1
3.130295e-07	0.136039	0.1	3.130295e-07	9.635351e-108	0.1	3.130295e-07	1.071459e-06	0.1	3.130295e-07	0.001771337	0.1	3.130295e-07	9.635351e-108	0.1	3.130295e-07	0.0001947813	0.1	3.130295e-07	0.007439613	0.1	3.130295e-07	0.4160257	0.1	3.130295e-07	0.004644086	0.1	3.130295e-07	0.001567399	0.1	3.130295e-07	0.0006410031	0.1	3.130295e-07	0.0006789827	0.1	3.130295e-07	1.091623e-07	0.1
3.413648e-07	0.1180396	0.1	3.413648e-07	9.901693e-108	0.1	3.413648e-07	9.937829e-07	0.1	3.413648e-07	0.00180107	0.1	3.413648e-07	9.901693e-108	0.1	3.413648e-07	0.0001691931	0.1	3.413648e-07	0.006894613	0.1	3.413648e-07	0.4260719	0.1	3.413648e-07	0.004295672	0.1	3.413648e-07	0.00145021	0.1	3.413648e-07	0.0006535591	0.1	3.413648e-07	0.0006285492	0.1	3.413648e-07	1.011994e-07	0.1
3.697001e-07	0.102661	0.1	3.697001e-07	1.014147e-107	0.1	3.697001e-07	9.270095e-07	0.1	3.697001e-07	0.001824825	0.1	3.697001e-07	1.014147e-107	0.1	3.697001e-07	0.0001473275	0.1	3.697001e-07	0.006404753	0.1	3.697001e-07	0.4347047	0.1	3.697001e-07	0.003982464	0.1	3.697001e-07	0.001344866	0.1	3.697001e-07	0.0006629087	0.1	3.697001e-07	0.0005832151	0.1	3.697001e-07	9.404274e-08	0.1
3.980355e-07	0.0894684	0.1	3.980355e-07	1.035934e-107	0.1	3.980355e-07	8.693079e-07	0.1	3.980355e-07	0.001843509	0.1	3.980355e-07	1.035934e-107	0.1	3.980355e-07	0.0001285668	0.1	3.980355e-07	0.005962118	0.1	3.980355e-07	0.4421561	0.1	3.980355e-07	0.00369942	0.1	3.980355e-07	0.001249668	0.1	3.980355e-07	0.0006696426	0.1	3.980355e-07	0.0005422495	0.1	3.980355e-07	8.75765e-08	0.1
4.263708e-07	0.07811151	0.1	4.263708e-07	1.055901e-107	0.1	4.263708e-07	8.192011e-07	0.1	4.263708e-07	0.001857838	0.1	4.263708e-07	1.055901e-107	0.1	4.263708e-07	0.0001124135	0.1	4.263708e-07	0.005560309	0.1	4.263708e-07	0.4486133	0.1	4.263708e-07	0.003442464	0.1	4.263708e-07	0.001163246	0.1	4.263708e-07	0.0006742553	0.1	4.263708e-07	0.0005050616	0.1	4.263708e-07	8.170714e-08	0.1
4.547061e-07	0.06830529	0.1	4.547061e-07	1.074346e-107	0.1	4.547061e-07	7.754868e-07	0.1	4.547061e-07	0.001868392	0.1	4.547061e-07	1.074346e-107	0.1	4.547061e-07	9.846283e-05	0.1	4.547061e-07	0.005194093	0.1	4.547061e-07	0.4542283	0.1	4.547061e-07	0.003208262	0.1	4.547061e-07	0.001084479	0.1	4.547061e-07	0.0006771577	0.1	4.547061e-07	0.000471168	0.1	4.547061e-07	7.635813e-08	0.1
4.830415e-07	0.05981567	0.1	4.830415e-07	1.091513e-107	0.1	4.830415e-07	7.371785e-07	0.1	4.830415e-07	0.001875651	0.1	4.830415e-07	1.091513e-107	0.1	4.830415e-07	8.638233e-05	0.1	4.830415e-07	0.004859144	0.1	4.830415e-07	0.4591262	0.1	4.830415e-07	0.002994059	0.1	4.830415e-07	0.001012437	0.1	4.830415e-07	0.0006786882	0.1	4.830415e-07	0.0004401691	0.1	4.830415e-07	7.146621e-08	0.1
5.113768e-07	0.05244892	0.1	5.113768e-07	1.107601e-107	0.1	5.113768e-07	7.034618e-07	0.1	5.113768e-07	0.001880018	0.1	5.113768e-07	1.107601e-107	0.1	5.113768e-07	7.589688e-05	0.1	5.113768e-07	0.004551848	0.1	5.113768e-07	0.4634106	0.1	5.113768e-07	0.002797553	0.1	5.113768e-07	0.0009463481	0.1	5.113768e-07	0.0006791241	0.1	5.113768e-07	0.0004117313	0.1	5.113768e-07	6.697852e-08	0.1
5.397121e-07	0.04604356	0.1	5.397121e-07	1.122774e-107	0.1	5.397121e-07	6.736598e-07	0.1	5.397121e-07	0.001881839	0.1	5.397121e-07	1.122774e-107	0.1	5.397121e-07	6.677717e-05	0.1	5.397121e-07	0.004269159	0.1	5.397121e-07	0.4671677	0.1	5.397121e-07	0.002616803	0.1	5.397121e-07	0.0008855576	0.1	5.397121e-07	0.0006786912	0.1	5.397121e-07	0.0003855732	0.1	5.397121e-07	6.285053e-08	0.1
5.680475e-07	0.04046412	0.1	5.680475e-07	1.137169e-107	0.1	5.680475e-07	6.472072e-07	0.1	5.680475e-07	0.001881413	0.1	5.680475e-07	1.137169e-107	0.1	5.680475e-07	5.883088e-05	0.1	5.680475e-07	0.004008487	0.1	5.680475e-07	0.4704703	0.1	5.680475e-07	0.002450158	0.1	5.680475e-07	0.0008295106	0.1	5.680475e-07	0.0006775722	0.1	5.680475e-07	0.0003614556	0.1	5.680475e-07	5.904437e-08	0.1
5.963828e-07	0.0355964	0.1	5.963828e-07	1.1509e-107	0.1	5.963828e-07	6.236295e-07	0.1	5.963828e-07	0.001879002	0.1	5.963828e-07	1.1509e-107	0.1	5.963828e-07	5.189581e-05	0.1	5.963828e-07	0.003767612	0.1	5.963828e-07	0.4733793	0.1	5.963828e-07	0.002296205	0.1	5.963828e-07	0.000777731	0.1	5.963828e-07	0.0006759147	0.1	5.963828e-07	0.0003391734	0.1	5.963828e-07	5.552758e-08	0.1
6.247181e-07	0.03134356	0.1	6.247181e-07	1.164063e-107	0.1	6.247181e-07	6.025266e-07	0.1	6.247181e-07	0.001874838	0.1	6.247181e-07	1.164063e-107	0.1	6.247181e-07	4.583451e-05	0.1	6.247181e-07	0.003544618	0.1	6.247181e-07	0.475947	0.1	6.247181e-07	0.002153722	0.1	6.247181e-07	0.0007298076	0.1	6.247181e-07	0.0006738371	0.1	6.247181e-07	0.0003185495	0.1	6.247181e-07	5.227212e-08	0.1
6.530534e-07	0.02762322	0.1	6.530534e-07	1.176737e-107	0.1	6.530534e-07	5.835601e-07	0.1	6.530534e-07	0.001869124	0.1	6.530534e-07	1.176737e-107	0.1	6.530534e-07	4.052996e-05	0.1	6.530534e-07	0.003337837	0.1	6.530534e-07	0.4782175	0.1	6.530534e-07	0.002021644	0.1	6.530534e-07	0.0006853828	0.1	6.530534e-07	0.0006714343	0.1	6.530534e-07	0.0002994298	0.1	6.530534e-07	4.925361e-08	0.1
6.813888e-07	0.02436495	0.1	6.813888e-07	1.188992e-107	0.1	6.813888e-07	5.664423e-07	0.1	6.813888e-07	0.001862043	0.1	6.813888e-07	1.188992e-107	0.1	6.813888e-07	3.588221e-05	0.1	6.813888e-07	0.003145809	0.1	6.813888e-07	0.4802288	0.1	6.813888e-07	0.001899042	0.1	6.813888e-07	0.0006441432	0.1	6.813888e-07	0.0006687817	0.1	6.813888e-07	0.0002816795	0.1	6.813888e-07	4.645071e-08	0.1
7.097241e-07	0.0215084	0.1	7.097241e-07	1.200886e-107	0.1	7.097241e-07	5.509283e-07	0.1	7.097241e-07	0.001853758	0.1	7.097241e-07	1.200886e-107	0.1	7.097241e-07	3.180552e-05	0.1	7.097241e-07	0.002967249	0.1	7.097241e-07	0.4820134	0.1	7.097241e-07	0.001785094	0.1	7.097241e-07	0.0006058131	0.1	7.097241e-07	0.0006659395	0.1	7.097241e-07	0.0002651796	0.1	7.097241e-07	4.384463e-08	0.1
7.380594e-07	0.01900164	0.1	7.380594e-07	1.212466e-107	0.1	7.380594e-07	5.368086e-07	0.1	7.380594e-07	0.001844413	0.1	7.380594e-07	1.212466e-107	0.1	7.380594e-07	2.822618e-05	0.1	7.380594e-07	0.002801019	0.1	7.380594e-07	0.4835995	0.1	7.380594e-07	0.001679076	0.1	7.380594e-07	0.0005701478	0.1	7.380594e-07	0.0006629553	0.1	7.380594e-07	0.000249825	0.1	7.380594e-07	4.141871e-08	0.1
7.663948e-07	0.0167999	0.1	7.663948e-07	1.223776e-107	0.1	7.663948e-07	5.239037e-07	0.1	7.663948e-07	0.00183414	0.1	7.663948e-07	1.223776e-107	0.1	7.663948e-07	2.508063e-05	0.1	7.663948e-07	0.002646105	0.1	7.663948e-07	0.4850114	0.1	7.663948e-07	0.001580338	0.1	7.663948e-07	0.0005369296	0.1	7.663948e-07	0.0006598665	0.1	7.663948e-07	0.0002355218	0.1	7.663948e-07	3.915813e-08	0.1
7.947301e-07	0.0148645	0.1	7.947301e-07	1.234852e-107	0.1	7.947301e-07	5.120594e-07	0.1	7.947301e-07	0.001823053	0.1	7.947301e-07	1.234852e-107	0.1	7.947301e-07	2.231393e-05	0.1	7.947301e-07	0.002501599	0.1	7.947301e-07	0.48627	0.1	7.947301e-07	0.001488303	0.1	7.947301e-07	0.0005059636	0.1	7.947301e-07	0.0006567026	0.1	7.947301e-07	0.0002221861	0.1	7.947301e-07	3.704962e-08	0.1
8.230654e-07	0.01316192	0.1	8.230654e-07	1.245724e-107	0.1	8.230654e-07	5.011431e-07	0.1	8.230654e-07	0.001811259	0.1	8.230654e-07	1.245724e-107	0.1	8.230654e-07	1.987848e-05	0.1	8.230654e-07	0.002366687	0.1	8.230654e-07	0.4873937	0.1	8.230654e-07	0.001402448	0.1	8.230654e-07	0.0004770746	0.1	8.230654e-07	0.0006534868	0.1	8.230654e-07	0.0002097425	0.1	8.230654e-07	3.508127e-08	0.1
8.514008e-07	0.01166307	0.1	8.514008e-07	1.256419e-107	0.1	8.514008e-07	4.910402e-07	0.1	8.514008e-07	0.001798849	0.1	8.514008e-07	1.256419e-107	0.1	8.514008e-07	1.773297e-05	0.1	8.514008e-07	0.002240633	0.1	8.514008e-07	0.4883985	0.1	8.514008e-07	0.001322305	0.1	8.514008e-07	0.0004501043	0.1	8.514008e-07	0.000650237	0.1	8.514008e-07	0.0001981228	0.1	8.514008e-07	3.324232e-08	0.1
8.797361e-07	0.01034268	0.1	8.797361e-07	1.266959e-107	0.1	8.797361e-07	4.816517e-07	0.1	8.797361e-07	0.001785908	0.1	8.797361e-07	1.266959e-107	0.1	8.797361e-07	1.58415e-05	0.1	8.797361e-07	0.002122771	0.1	8.797361e-07	0.4892982	0.1	8.797361e-07	0.001247445	0.1	8.797361e-07	0.0004249094	0.1	8.797361e-07	0.0006469671	0.1	8.797361e-07	0.0001872655	0.1	8.797361e-07	3.152302e-08	0.1
