Batch	m_SP	7	P3	R	W4_L	W3	P1	P2_L	P4											
2.408689e-10	9.7399326256869e-06	0.1	2.408689e-10	5.0353e-08	0.1	2.408689e-10	1.289864e-09	0.1	2.408689e-10	5.587112e-11	0.1	2.408689e-10	3.890286e-08	0.1	2.408689e-10	1.6871704e-07	0.1	2.408689e-10	6.37345e-10	0.1
5.223782e-10	9.4446556635296e-06	0.1	5.223782e-10	1.075453e-07	0.1	5.223782e-10	2.754925e-09	0.1	5.223782e-10	1.19331e-10	0.1	5.223782e-10	8.308976e-08	0.1	5.223782e-10	3.6035033e-07	0.1	5.223782e-10	1.361259e-09	0.1
1.178171e-09	8.7910415722168e-06	0.1	1.178171e-09	2.341443e-07	0.1	1.178171e-09	5.99793e-09	0.1	1.178171e-09	2.598034e-10	0.1	1.178171e-09	1.809003e-07	0.1	1.178171e-09	7.845433e-07	0.1	1.178171e-09	2.963692e-09	0.1
2.358598e-09	7.7264145538216e-06	0.1	2.358598e-09	4.403537e-07	0.1	2.358598e-09	1.128025e-08	0.1	2.358598e-09	4.886097e-10	0.1	2.358598e-09	3.402178e-07	0.1	2.358598e-09	1.4754846000000001e-06	0.1	2.358598e-09	5.573802e-09	0.1
3.831687e-09	6.57682633872e-06	0.1	3.831687e-09	6.630213e-07	0.1	3.831687e-09	1.698413e-08	0.1	3.831687e-09	7.356763e-10	0.1	3.831687e-09	5.122503e-07	0.1	3.831687e-09	2.2215709e-06	0.1	3.831687e-09	8.392237e-09	0.1
5.412446e-09	5.532754372592999e-06	0.1	5.412446e-09	8.652528e-07	0.1	5.412446e-09	2.216449e-08	0.1	5.412446e-09	9.600663e-10	0.1	5.412446e-09	6.684935e-07	0.1	5.412446e-09	2.8991821e-06	0.1	5.412446e-09	1.095201e-08	0.1
7.251624e-09	4.5247401549514e-06	0.1	7.251624e-09	1.060502e-06	0.1	7.251624e-09	2.716596e-08	0.1	7.251624e-09	1.176708e-09	0.1	7.251624e-09	8.193417e-07	0.1	7.251624e-09	3.5533969e-06	0.1	7.251624e-09	1.342341e-08	0.1
9.263081e-09	3.6313166973958e-06	0.1	9.263081e-09	1.233558e-06	0.1	9.263081e-09	3.159888e-08	0.1	9.263081e-09	1.368722e-09	0.1	9.263081e-09	9.530425e-07	0.1	9.263081e-09	4.1332464e-06	0.1	9.263081e-09	1.561389e-08	0.1
1.127454e-08	2.9143055707250004e-06	0.1	1.127454e-08	1.372444e-06	0.1	1.127454e-08	3.51565e-08	0.1	1.127454e-08	1.522822e-09	0.1	1.127454e-08	1.060344e-06	0.1	1.127454e-08	4.5986058e-06	0.1	1.127454e-08	1.737189e-08	0.1
1.328599e-08	2.3388725298347996e-06	0.1	1.328599e-08	1.483908e-06	0.1	1.328599e-08	3.801167e-08	0.1	1.328599e-08	1.646495e-09	0.1	1.328599e-08	1.146459e-06	0.1	1.328599e-08	4.9720817e-06	0.1	1.328599e-08	1.878278e-08	0.1
1.537881e-08	1.8604351861247999e-06	0.1	1.537881e-08	1.576585e-06	0.1	1.537881e-08	4.038557e-08	0.1	1.537881e-08	1.749322e-09	0.1	1.537881e-08	1.218059e-06	0.1	1.537881e-08	5.282607999999999e-06	0.1	1.537881e-08	1.995587e-08	0.1
1.779704e-08	1.428130434063e-06	0.1	1.779704e-08	1.660328e-06	0.1	1.779704e-08	4.253058e-08	0.1	1.779704e-08	1.842234e-09	0.1	1.779704e-08	1.282756e-06	0.1	1.779704e-08	5.5631955000000006e-06	0.1	1.779704e-08	2.101587e-08	0.1
2.021528e-08	1.0962816385224e-06	0.1	2.021528e-08	1.724612e-06	0.1	2.021528e-08	4.417716e-08	0.1	2.021528e-08	1.913557e-09	0.1	2.021528e-08	1.33242e-06	0.1	2.021528e-08	5.7785864e-06	0.1	2.021528e-08	2.182958e-08	0.1
2.263351e-08	8.415442914687199e-07	0.1	2.263351e-08	1.773959e-06	0.1	2.263351e-08	4.544113e-08	0.1	2.263351e-08	1.968306e-09	0.1	2.263351e-08	1.370544e-06	0.1	2.263351e-08	5.9439287e-06	0.1	2.263351e-08	2.245423e-08	0.1
2.505175e-08	6.4600017268516e-07	0.1	2.505175e-08	1.811841e-06	0.1	2.505175e-08	4.641141e-08	0.1	2.505175e-08	2.010334e-09	0.1	2.505175e-08	1.399809e-06	0.1	2.505175e-08	6.0708545e-06	0.1	2.505175e-08	2.293374e-08	0.1
2.787042e-08	4.7464838709248997e-07	0.1	2.787042e-08	1.845037e-06	0.1	2.787042e-08	4.726164e-08	0.1	2.787042e-08	2.047163e-09	0.1	2.787042e-08	1.425455e-06	0.1	2.787042e-08	6.1820784e-06	0.1	2.787042e-08	2.335394e-08	0.1
3.07892e-08	3.4495181207988e-07	0.1	3.07892e-08	1.870164e-06	0.1	3.07892e-08	4.790519e-08	0.1	3.07892e-08	2.075038e-09	0.1	3.07892e-08	1.444866e-06	0.1	3.07892e-08	6.2662667999999995e-06	0.1	3.07892e-08	2.367201e-08	0.1
3.370798e-08	2.5069534063741995e-07	0.1	3.370798e-08	1.888425e-06	0.1	3.370798e-08	4.83729e-08	0.1	3.370798e-08	2.095297e-09	0.1	3.370798e-08	1.458973e-06	0.1	3.370798e-08	6.3274522e-06	0.1	3.370798e-08	2.390317e-08	0.1
3.67456e-08	1.7984249007833997e-07	0.1	3.67456e-08	1.902153e-06	0.1	3.67456e-08	4.872447e-08	0.1	3.67456e-08	2.110526e-09	0.1	3.67456e-08	1.469578e-06	0.1	3.67456e-08	6.3734468e-06	0.1	3.67456e-08	2.407695e-08	0.1
4.025853e-08	1.2248075873583999e-07	0.1	4.025853e-08	1.913267e-06	0.1	4.025853e-08	4.900911e-08	0.1	4.025853e-08	2.122855e-09	0.1	4.025853e-08	1.478164e-06	0.1	4.025853e-08	6.4106846999999994e-06	0.1	4.025853e-08	2.421765e-08	0.1
