Batch	m_SP	7	W3	W4_L	R	P1	P2_L	P3	P4	
2.945972000000e-05	9.890084000000e-01	1.000000000000e-01	2.945972000000e-05	2.890089000000e-06	1.000000000000e-01	2.945972000000e-05	4.620307000000e-07	1.000000000000e-01	2.945972000000e-05	5.436629000000e-03	1.000000000000e-01	2.945972000000e-05	5.031926110000e-06	1.000000000000e-01	2.945972000000e-05	4.585960000000e-07	1.000000000000e-01	2.945972000000e-05	7.798925000000e-06	1.000000000000e-01
3.368353000000e-05	9.874573000000e-01	1.000000000000e-01	3.368353000000e-05	3.299812000000e-06	1.000000000000e-01	3.368353000000e-05	5.277478000000e-07	1.000000000000e-01	3.368353000000e-05	6.209052000000e-03	1.000000000000e-01	3.368353000000e-05	5.745550700000e-06	1.000000000000e-01	3.368353000000e-05	5.236446000000e-07	1.000000000000e-01	3.368353000000e-05	8.905516000000e-06	1.000000000000e-01
3.857012000000e-05	9.856679000000e-01	1.000000000000e-01	3.857012000000e-05	3.772385000000e-06	1.000000000000e-01	3.857012000000e-05	6.036264000000e-07	1.000000000000e-01	3.857012000000e-05	7.100478000000e-03	1.000000000000e-01	3.857012000000e-05	6.568436900000e-06	1.000000000000e-01	3.857012000000e-05	5.986607000000e-07	1.000000000000e-01	3.857012000000e-05	1.018192000000e-05	1.000000000000e-01
4.345671000000e-05	9.838836000000e-01	1.000000000000e-01	4.345671000000e-05	4.243435000000e-06	1.000000000000e-01	4.345671000000e-05	6.793489000000e-07	1.000000000000e-01	4.345671000000e-05	7.989547000000e-03	1.000000000000e-01	4.345671000000e-05	7.388306600000e-06	1.000000000000e-01	4.345671000000e-05	6.734125000000e-07	1.000000000000e-01	4.345671000000e-05	1.145416000000e-05	1.000000000000e-01
4.936074000000e-05	9.817345000000e-01	1.000000000000e-01	4.936074000000e-05	4.810572000000e-06	1.000000000000e-01	4.936074000000e-05	7.706381000000e-07	1.000000000000e-01	4.936074000000e-05	9.060591000000e-03	1.000000000000e-01	4.936074000000e-05	8.374711300000e-06	1.000000000000e-01	4.936074000000e-05	7.633651000000e-07	1.000000000000e-01	4.936074000000e-05	1.298561000000e-05	1.000000000000e-01
5.526477000000e-05	9.795924000000e-01	1.000000000000e-01	5.526477000000e-05	5.375578000000e-06	1.000000000000e-01	5.526477000000e-05	8.617184000000e-07	1.000000000000e-01	5.526477000000e-05	1.012821000000e-02	1.000000000000e-01	5.526477000000e-05	9.356383700000e-06	1.000000000000e-01	5.526477000000e-05	8.529079000000e-07	1.000000000000e-01	5.526477000000e-05	1.451072000000e-05	1.000000000000e-01
6.250748000000e-05	9.769743000000e-01	1.000000000000e-01	6.250748000000e-05	6.065861000000e-06	1.000000000000e-01	6.250748000000e-05	9.731799000000e-07	1.000000000000e-01	6.250748000000e-05	1.143324000000e-02	1.000000000000e-01	6.250748000000e-05	1.055391460000e-05	1.000000000000e-01	6.250748000000e-05	9.621751000000e-07	1.000000000000e-01	6.250748000000e-05	1.637280000000e-05	1.000000000000e-01
7.009105000000e-05	9.742441000000e-01	1.000000000000e-01	7.009105000000e-05	6.785388000000e-06	1.000000000000e-01	7.009105000000e-05	1.089587000000e-06	1.000000000000e-01	7.009105000000e-05	1.279422000000e-02	1.000000000000e-01	7.009105000000e-05	1.179955600000e-05	1.000000000000e-01	7.009105000000e-05	1.075878000000e-06	1.000000000000e-01	7.009105000000e-05	1.831185000000e-05	1.000000000000e-01
7.903809000000e-05	9.710376000000e-01	1.000000000000e-01	7.903809000000e-05	7.630165000000e-06	1.000000000000e-01	7.903809000000e-05	1.226557000000e-06	1.000000000000e-01	7.903809000000e-05	1.439270000000e-02	1.000000000000e-01	7.903809000000e-05	1.325779610000e-05	1.000000000000e-01	7.903809000000e-05	1.209059000000e-06	1.000000000000e-01	7.903809000000e-05	2.058512000000e-05	1.000000000000e-01
8.964098000000e-05	9.672579000000e-01	1.000000000000e-01	8.964098000000e-05	8.625755000000e-06	1.000000000000e-01	8.964098000000e-05	1.388406000000e-06	1.000000000000e-01	8.964098000000e-05	1.627703000000e-02	1.000000000000e-01	8.964098000000e-05	1.496926760000e-05	1.000000000000e-01	8.964098000000e-05	1.365482000000e-06	1.000000000000e-01	8.964098000000e-05	2.325839000000e-05	1.000000000000e-01
1.018863000000e-04	9.629198000000e-01	1.000000000000e-01	1.018863000000e-04	9.768459000000e-06	1.000000000000e-01	1.018863000000e-04	1.574759000000e-06	1.000000000000e-01	1.018863000000e-04	1.843983000000e-02	1.000000000000e-01	1.018863000000e-04	1.692224260000e-05	1.000000000000e-01	1.018863000000e-04	1.544152000000e-06	1.000000000000e-01	1.018863000000e-04	2.631694000000e-05	1.000000000000e-01
1.159742000000e-04	9.579646000000e-01	1.000000000000e-01	1.159742000000e-04	1.107424000000e-05	1.000000000000e-01	1.159742000000e-04	1.788502000000e-06	1.000000000000e-01	1.159742000000e-04	2.091046000000e-02	1.000000000000e-01	1.159742000000e-04	1.913611900000e-05	1.000000000000e-01	1.159742000000e-04	1.746957000000e-06	1.000000000000e-01	1.159742000000e-04	2.979626000000e-05	1.000000000000e-01
1.352862000000e-04	9.512330000000e-01	1.000000000000e-01	1.352862000000e-04	1.284990000000e-05	1.000000000000e-01	1.352862000000e-04	2.080578000000e-06	1.000000000000e-01	1.352862000000e-04	2.426691000000e-02	1.000000000000e-01	1.352862000000e-04	2.211020170000e-05	1.000000000000e-01	1.352862000000e-04	2.019931000000e-06	1.000000000000e-01	1.352862000000e-04	3.449456000000e-05	1.000000000000e-01
1.603028000000e-04	9.426169000000e-01	1.000000000000e-01	1.603028000000e-04	1.512772000000e-05	1.000000000000e-01	1.603028000000e-04	2.457752000000e-06	1.000000000000e-01	1.603028000000e-04	2.856335000000e-02	1.000000000000e-01	1.603028000000e-04	2.585151670000e-05	1.000000000000e-01	1.603028000000e-04	2.364372000000e-06	1.000000000000e-01	1.603028000000e-04	4.045280000000e-05	1.000000000000e-01
1.917213000000e-04	9.319587000000e-01	1.000000000000e-01	1.917213000000e-04	1.795698000000e-05	1.000000000000e-01	1.917213000000e-04	2.930347000000e-06	1.000000000000e-01	1.917213000000e-04	3.387847000000e-02	1.000000000000e-01	1.917213000000e-04	3.035984320000e-05	1.000000000000e-01	1.917213000000e-04	2.781358000000e-06	1.000000000000e-01	1.917213000000e-04	4.772103000000e-05	1.000000000000e-01
2.335353000000e-04	9.180485000000e-01	1.000000000000e-01	2.335353000000e-04	2.167634000000e-05	1.000000000000e-01	2.335353000000e-04	3.558904000000e-06	1.000000000000e-01	2.335353000000e-04	4.081598000000e-02	1.000000000000e-01	2.335353000000e-04	3.600829790000e-05	1.000000000000e-01	2.335353000000e-04	3.307620000000e-06	1.000000000000e-01	2.335353000000e-04	5.700298000000e-05	1.000000000000e-01
2.753493000000e-04	9.044429000000e-01	1.000000000000e-01	2.753493000000e-04	2.535208000000e-05	1.000000000000e-01	2.753493000000e-04	4.188561000000e-06	1.000000000000e-01	2.753493000000e-04	4.760226000000e-02	1.000000000000e-01	2.753493000000e-04	4.123339870000e-05	1.000000000000e-01	2.753493000000e-04	3.799352000000e-06	1.000000000000e-01	2.753493000000e-04	6.581577000000e-05	1.000000000000e-01
3.264065000000e-04	8.882293000000e-01	1.000000000000e-01	3.264065000000e-04	2.979163000000e-05	1.000000000000e-01	3.264065000000e-04	4.960606000000e-06	1.000000000000e-01	3.264065000000e-04	5.569038000000e-02	1.000000000000e-01	3.264065000000e-04	4.702027280000e-05	1.000000000000e-01	3.264065000000e-04	4.351232000000e-06	1.000000000000e-01	3.264065000000e-04	7.591360000000e-05	1.000000000000e-01
3.774637000000e-04	8.724395000000e-01	1.000000000000e-01	3.774637000000e-04	3.418514000000e-05	1.000000000000e-01	3.774637000000e-04	5.737215000000e-06	1.000000000000e-01	3.774637000000e-04	6.356809000000e-02	1.000000000000e-01	3.774637000000e-04	5.215103100000e-05	1.000000000000e-01	3.774637000000e-04	4.849023000000e-06	1.000000000000e-01	3.774637000000e-04	8.526221000000e-05	1.000000000000e-01
4.402928000000e-04	8.535679000000e-01	1.000000000000e-01	4.402928000000e-04	3.953344000000e-05	1.000000000000e-01	4.402928000000e-04	6.699341000000e-06	1.000000000000e-01	4.402928000000e-04	7.298478000000e-02	1.000000000000e-01	4.402928000000e-04	5.758627100000e-05	1.000000000000e-01	4.402928000000e-04	5.388280000000e-06	1.000000000000e-01	4.402928000000e-04	9.572551000000e-05	1.000000000000e-01
5.061547000000e-04	8.344190000000e-01	1.000000000000e-01	5.061547000000e-04	4.506963000000e-05	1.000000000000e-01	5.061547000000e-04	7.714159000000e-06	1.000000000000e-01	5.061547000000e-04	8.254152000000e-02	1.000000000000e-01	5.061547000000e-04	6.230278300000e-05	1.000000000000e-01	5.061547000000e-04	5.870300000000e-06	1.000000000000e-01	5.061547000000e-04	1.054699000000e-04	1.000000000000e-01
5.841473000000e-04	8.125414000000e-01	1.000000000000e-01	5.841473000000e-04	5.152146000000e-05	1.000000000000e-01	5.841473000000e-04	8.920081000000e-06	1.000000000000e-01	5.841473000000e-04	9.346221000000e-02	1.000000000000e-01	5.841473000000e-04	6.671452700000e-05	1.000000000000e-01	5.841473000000e-04	6.339179000000e-06	1.000000000000e-01	5.841473000000e-04	1.154386000000e-04	1.000000000000e-01
6.760937000000e-04	7.878015000000e-01	1.000000000000e-01	6.760937000000e-04	5.895651000000e-05	1.000000000000e-01	6.760937000000e-04	1.033911000000e-05	1.000000000000e-01	6.760937000000e-04	1.058145000000e-01	1.000000000000e-01	6.760937000000e-04	7.051110300000e-05	1.000000000000e-01	6.760937000000e-04	6.766217000000e-06	1.000000000000e-01	6.760937000000e-04	1.251342000000e-04	1.000000000000e-01
7.715285000000e-04	7.632552000000e-01	1.000000000000e-01	7.715285000000e-04	6.644102000000e-05	1.000000000000e-01	7.715285000000e-04	1.179720000000e-05	1.000000000000e-01	7.715285000000e-04	1.180729000000e-01	1.000000000000e-01	7.715285000000e-04	7.314425600000e-05	1.000000000000e-01	7.715285000000e-04	7.087889000000e-06	1.000000000000e-01	7.715285000000e-04	1.330611000000e-04	1.000000000000e-01
8.860506000000e-04	7.352215000000e-01	1.000000000000e-01	8.860506000000e-04	7.505950000000e-05	1.000000000000e-01	8.860506000000e-04	1.351022000000e-05	1.000000000000e-01	8.860506000000e-04	1.320761000000e-01	1.000000000000e-01	8.860506000000e-04	7.496332600000e-05	1.000000000000e-01	8.860506000000e-04	7.343191000000e-06	1.000000000000e-01	8.860506000000e-04	1.400769000000e-04	1.000000000000e-01
1.000573000000e-03	7.086317000000e-01	1.000000000000e-01	1.000573000000e-03	8.323848000000e-05	1.000000000000e-01	1.000573000000e-03	1.516680000000e-05	1.000000000000e-01	1.000573000000e-03	1.453610000000e-01	1.000000000000e-01	1.000573000000e-03	7.572518100000e-05	1.000000000000e-01	1.000573000000e-03	7.489529000000e-06	1.000000000000e-01	1.000573000000e-03	1.448186000000e-04	1.000000000000e-01
1.134733000000e-03	6.791807000000e-01	1.000000000000e-01	1.134733000000e-03	9.222506000000e-05	1.000000000000e-01	1.134733000000e-03	1.701827000000e-05	1.000000000000e-01	1.134733000000e-03	1.600785000000e-01	1.000000000000e-01	1.134733000000e-03	7.571244300000e-05	1.000000000000e-01	1.134733000000e-03	7.561042000000e-06	1.000000000000e-01	1.134733000000e-03	1.480782000000e-04	1.000000000000e-01
1.273804000000e-03	6.504351000000e-01	1.000000000000e-01	1.273804000000e-03	1.008486000000e-04	1.000000000000e-01	1.273804000000e-03	1.882216000000e-05	1.000000000000e-01	1.273804000000e-03	1.744460000000e-01	1.000000000000e-01	1.273804000000e-03	7.504501400000e-05	1.000000000000e-01	1.273804000000e-03	7.556767000000e-06	1.000000000000e-01	1.273804000000e-03	1.494720000000e-04	1.000000000000e-01
1.435731000000e-03	6.190579000000e-01	1.000000000000e-01	1.435731000000e-03	1.100148000000e-04	1.000000000000e-01	1.435731000000e-03	2.076390000000e-05	1.000000000000e-01	1.435731000000e-03	1.901313000000e-01	1.000000000000e-01	1.435731000000e-03	7.378510200000e-05	1.000000000000e-01	1.435731000000e-03	7.487210000000e-06	1.000000000000e-01	1.435731000000e-03	1.492785000000e-04	1.000000000000e-01
1.603372000000e-03	5.887358000000e-01	1.000000000000e-01	1.603372000000e-03	1.185553000000e-04	1.000000000000e-01	1.603372000000e-03	2.259002000000e-05	1.000000000000e-01	1.603372000000e-03	2.052912000000e-01	1.000000000000e-01	1.603372000000e-03	7.219972200000e-05	1.000000000000e-01	1.603372000000e-03	7.371207000000e-06	1.000000000000e-01	1.603372000000e-03	1.476913000000e-04	1.000000000000e-01
1.791852000000e-03	5.570228000000e-01	1.000000000000e-01	1.791852000000e-03	1.270819000000e-04	1.000000000000e-01	1.791852000000e-03	2.442193000000e-05	1.000000000000e-01	1.791852000000e-03	2.211482000000e-01	1.000000000000e-01	1.791852000000e-03	7.028041400000e-05	1.000000000000e-01	1.791852000000e-03	7.212038000000e-06	1.000000000000e-01	1.791852000000e-03	1.448613000000e-04	1.000000000000e-01
1.994224000000e-03	5.254994000000e-01	1.000000000000e-01	1.994224000000e-03	1.350769000000e-04	1.000000000000e-01	1.994224000000e-03	2.613838000000e-05	1.000000000000e-01	1.994224000000e-03	2.369119000000e-01	1.000000000000e-01	1.994224000000e-03	6.819550800000e-05	1.000000000000e-01	1.994224000000e-03	7.025881000000e-06	1.000000000000e-01	1.994224000000e-03	1.411298000000e-04	1.000000000000e-01
2.196596000000e-03	4.963284000000e-01	1.000000000000e-01	2.196596000000e-03	1.419878000000e-04	1.000000000000e-01	2.196596000000e-03	2.761117000000e-05	1.000000000000e-01	2.196596000000e-03	2.515003000000e-01	1.000000000000e-01	2.196596000000e-03	6.615947900000e-05	1.000000000000e-01	2.196596000000e-03	6.835543000000e-06	1.000000000000e-01	2.196596000000e-03	1.370559000000e-04	1.000000000000e-01
2.416317000000e-03	4.670471000000e-01	1.000000000000e-01	2.416317000000e-03	1.483936000000e-04	1.000000000000e-01	2.416317000000e-03	2.895585000000e-05	1.000000000000e-01	2.416317000000e-03	2.661449000000e-01	1.000000000000e-01	2.416317000000e-03	6.404203700000e-05	1.000000000000e-01	2.416317000000e-03	6.631526000000e-06	1.000000000000e-01	2.416317000000e-03	1.325122000000e-04	1.000000000000e-01
2.662061000000e-03	4.369348000000e-01	1.000000000000e-01	2.662061000000e-03	1.543590000000e-04	1.000000000000e-01	2.662061000000e-03	3.017580000000e-05	1.000000000000e-01	2.662061000000e-03	2.812060000000e-01	1.000000000000e-01	2.662061000000e-03	6.180450500000e-05	1.000000000000e-01	2.662061000000e-03	6.411300000000e-06	1.000000000000e-01	2.662061000000e-03	1.274794000000e-04	1.000000000000e-01
2.918116000000e-03	4.081961000000e-01	1.000000000000e-01	2.918116000000e-03	1.593923000000e-04	1.000000000000e-01	2.918116000000e-03	3.116376000000e-05	1.000000000000e-01	2.918116000000e-03	2.955808000000e-01	1.000000000000e-01	2.918116000000e-03	5.961960600000e-05	1.000000000000e-01	2.918116000000e-03	6.193078000000e-06	1.000000000000e-01	2.918116000000e-03	1.224148000000e-04	1.000000000000e-01
3.215418000000e-03	3.778113000000e-01	1.000000000000e-01	3.215418000000e-03	1.639237000000e-04	1.000000000000e-01	3.215418000000e-03	3.199666000000e-05	1.000000000000e-01	3.215418000000e-03	3.107799000000e-01	1.000000000000e-01	3.215418000000e-03	5.725802600000e-05	1.000000000000e-01	3.215418000000e-03	5.954757000000e-06	1.000000000000e-01	3.215418000000e-03	1.168410000000e-04	1.000000000000e-01
3.537223000000e-03	3.480941000000e-01	1.000000000000e-01	3.537223000000e-03	1.674651000000e-04	1.000000000000e-01	3.537223000000e-03	3.257674000000e-05	1.000000000000e-01	3.537223000000e-03	3.256460000000e-01	1.000000000000e-01	3.537223000000e-03	5.489297700000e-05	1.000000000000e-01	3.537223000000e-03	5.714218000000e-06	1.000000000000e-01	3.537223000000e-03	1.112078000000e-04	1.000000000000e-01
3.895781000000e-03	3.183609000000e-01	1.000000000000e-01	3.895781000000e-03	1.700003000000e-04	1.000000000000e-01	3.895781000000e-03	3.290123000000e-05	1.000000000000e-01	3.895781000000e-03	3.405211000000e-01	1.000000000000e-01	3.895781000000e-03	5.246356700000e-05	1.000000000000e-01	3.895781000000e-03	5.465564000000e-06	1.000000000000e-01	3.895781000000e-03	1.054096000000e-04	1.000000000000e-01
4.315939000000e-03	2.874194000000e-01	1.000000000000e-01	4.315939000000e-03	1.714008000000e-04	1.000000000000e-01	4.315939000000e-03	3.294241000000e-05	1.000000000000e-01	4.315939000000e-03	3.560019000000e-01	1.000000000000e-01	4.315939000000e-03	4.985547600000e-05	1.000000000000e-01	4.315939000000e-03	5.196991000000e-06	1.000000000000e-01	4.315939000000e-03	9.920628000000e-05	1.000000000000e-01
4.792728000000e-03	2.566384000000e-01	1.000000000000e-01	4.792728000000e-03	1.713264000000e-04	1.000000000000e-01	4.792728000000e-03	3.265901000000e-05	1.000000000000e-01	4.792728000000e-03	3.714037000000e-01	1.000000000000e-01	4.792728000000e-03	4.716216400000e-05	1.000000000000e-01	4.792728000000e-03	4.917849000000e-06	1.000000000000e-01	4.792728000000e-03	9.285079000000e-05	1.000000000000e-01
5.331366000000e-03	2.265047000000e-01	1.000000000000e-01	5.331366000000e-03	1.695686000000e-04	1.000000000000e-01	5.331366000000e-03	3.204527000000e-05	1.000000000000e-01	5.331366000000e-03	3.864831000000e-01	1.000000000000e-01	5.331366000000e-03	4.440730200000e-05	1.000000000000e-01	5.331366000000e-03	4.630371000000e-06	1.000000000000e-01	5.331366000000e-03	8.642346000000e-05	1.000000000000e-01
5.989217000000e-03	1.951958000000e-01	1.000000000000e-01	5.989217000000e-03	1.656057000000e-04	1.000000000000e-01	5.989217000000e-03	3.103063000000e-05	1.000000000000e-01	5.989217000000e-03	4.021525000000e-01	1.000000000000e-01	5.989217000000e-03	4.138893200000e-05	1.000000000000e-01	5.989217000000e-03	4.313131000000e-06	1.000000000000e-01	5.989217000000e-03	7.948251000000e-05	1.000000000000e-01
6.647067000000e-03	1.688100000000e-01	1.000000000000e-01	6.647067000000e-03	1.602011000000e-04	1.000000000000e-01	6.647067000000e-03	2.985631000000e-05	1.000000000000e-01	6.647067000000e-03	4.153598000000e-01	1.000000000000e-01	6.647067000000e-03	3.868802200000e-05	1.000000000000e-01	6.647067000000e-03	4.027431000000e-06	1.000000000000e-01	6.647067000000e-03	7.337033000000e-05	1.000000000000e-01
7.304918000000e-03	1.464278000000e-01	1.000000000000e-01	7.304918000000e-03	1.538044000000e-04	1.000000000000e-01	7.304918000000e-03	2.861355000000e-05	1.000000000000e-01	7.304918000000e-03	4.265647000000e-01	1.000000000000e-01	7.304918000000e-03	3.625296400000e-05	1.000000000000e-01	7.304918000000e-03	3.768661000000e-06	1.000000000000e-01	7.304918000000e-03	6.794433000000e-05	1.000000000000e-01
7.962768000000e-03	1.273365000000e-01	1.000000000000e-01	7.962768000000e-03	1.467562000000e-04	1.000000000000e-01	7.962768000000e-03	2.735889000000e-05	1.000000000000e-01	7.962768000000e-03	4.361235000000e-01	1.000000000000e-01	7.962768000000e-03	3.404364800000e-05	1.000000000000e-01	7.962768000000e-03	3.533208000000e-06	1.000000000000e-01	7.962768000000e-03	6.309329000000e-05	1.000000000000e-01
8.620619000000e-03	1.109752000000e-01	1.000000000000e-01	8.620619000000e-03	1.393163000000e-04	1.000000000000e-01	8.620619000000e-03	2.612628000000e-05	1.000000000000e-01	8.620619000000e-03	4.443166000000e-01	1.000000000000e-01	8.620619000000e-03	3.202816300000e-05	1.000000000000e-01	8.620619000000e-03	3.318139000000e-06	1.000000000000e-01	8.620619000000e-03	5.872946000000e-05	1.000000000000e-01
9.278469000000e-03	9.689680000000e-02	1.000000000000e-01	9.278469000000e-03	1.316829000000e-04	1.000000000000e-01	9.278469000000e-03	2.493520000000e-05	1.000000000000e-01	9.278469000000e-03	4.513675000000e-01	1.000000000000e-01	9.278469000000e-03	3.018074900000e-05	1.000000000000e-01	9.278469000000e-03	3.121012000000e-06	1.000000000000e-01	9.278469000000e-03	5.478270000000e-05	1.000000000000e-01
9.936320000000e-03	8.474066000000e-02	1.000000000000e-01	9.936320000000e-03	1.240071000000e-04	1.000000000000e-01	9.936320000000e-03	2.379606000000e-05	1.000000000000e-01	9.936320000000e-03	4.574567000000e-01	1.000000000000e-01	9.936320000000e-03	2.848027570000e-05	1.000000000000e-01	9.936320000000e-03	2.939770000000e-06	1.000000000000e-01	9.936320000000e-03	5.119631000000e-05	1.000000000000e-01
1.059417000000e-02	7.421277000000e-02	1.000000000000e-01	1.059417000000e-02	1.164037000000e-04	1.000000000000e-01	1.059417000000e-02	2.271353000000e-05	1.000000000000e-01	1.059417000000e-02	4.627311000000e-01	1.000000000000e-01	1.059417000000e-02	2.690927200000e-05	1.000000000000e-01	1.059417000000e-02	2.772656000000e-06	1.000000000000e-01	1.059417000000e-02	4.792392000000e-05	1.000000000000e-01
1.125202000000e-02	6.507133000000e-02	1.000000000000e-01	1.125202000000e-02	1.089584000000e-04	1.000000000000e-01	1.125202000000e-02	2.168887000000e-05	1.000000000000e-01	1.125202000000e-02	4.673116000000e-01	1.000000000000e-01	1.125202000000e-02	2.545313320000e-05	1.000000000000e-01	1.125202000000e-02	2.618167000000e-06	1.000000000000e-01	1.125202000000e-02	4.492719000000e-05	1.000000000000e-01
1.190987000000e-02	5.711582000000e-02	1.000000000000e-01	1.190987000000e-02	1.017348000000e-04	1.000000000000e-01	1.190987000000e-02	2.072123000000e-05	1.000000000000e-01	1.190987000000e-02	4.712987000000e-01	1.000000000000e-01	1.190987000000e-02	2.409954870000e-05	1.000000000000e-01	1.190987000000e-02	2.475006000000e-06	1.000000000000e-01	1.190987000000e-02	4.217415000000e-05	1.000000000000e-01
1.256772000000e-02	5.017880000000e-02	1.000000000000e-01	1.256772000000e-02	9.477854000000e-05	1.000000000000e-01	1.256772000000e-02	1.980858000000e-05	1.000000000000e-01	1.256772000000e-02	4.747759000000e-01	1.000000000000e-01	1.256772000000e-02	2.283809220000e-05	1.000000000000e-01	1.256772000000e-02	2.342053000000e-06	1.000000000000e-01	1.256772000000e-02	3.963786000000e-05	1.000000000000e-01
1.322557000000e-02	4.411951000000e-02	1.000000000000e-01	1.322557000000e-02	8.812137000000e-05	1.000000000000e-01	1.322557000000e-02	1.894827000000e-05	1.000000000000e-01	1.322557000000e-02	4.778137000000e-01	1.000000000000e-01	1.322557000000e-02	2.165983380000e-05	1.000000000000e-01	1.322557000000e-02	2.218334000000e-06	1.000000000000e-01	1.322557000000e-02	3.729543000000e-05	1.000000000000e-01
1.388342000000e-02	3.881899000000e-02	1.000000000000e-01	1.388342000000e-02	8.178378000000e-05	1.000000000000e-01	1.388342000000e-02	1.813738000000e-05	1.000000000000e-01	1.388342000000e-02	4.804716000000e-01	1.000000000000e-01	1.388342000000e-02	2.055710320000e-05	1.000000000000e-01	1.388342000000e-02	2.102997000000e-06	1.000000000000e-01	1.388342000000e-02	3.512731000000e-05	1.000000000000e-01
1.454127000000e-02	3.417614000000e-02	1.000000000000e-01	1.454127000000e-02	7.577755000000e-05	1.000000000000e-01	1.454127000000e-02	1.737288000000e-05	1.000000000000e-01	1.454127000000e-02	4.828002000000e-01	1.000000000000e-01	1.454127000000e-02	1.952326360000e-05	1.000000000000e-01	1.454127000000e-02	1.995300000000e-06	1.000000000000e-01	1.454127000000e-02	3.311659000000e-05	1.000000000000e-01
1.519912000000e-02	3.010472000000e-02	1.000000000000e-01	1.519912000000e-02	7.010755000000e-05	1.000000000000e-01	1.519912000000e-02	1.665181000000e-05	1.000000000000e-01	1.519912000000e-02	4.848426000000e-01	1.000000000000e-01	1.519912000000e-02	1.855250750000e-05	1.000000000000e-01	1.519912000000e-02	1.894587000000e-06	1.000000000000e-01	1.519912000000e-02	3.124862000000e-05	1.000000000000e-01
1.585697000000e-02	2.653079000000e-02	1.000000000000e-01	1.585697000000e-02	6.477326000000e-05	1.000000000000e-01	1.585697000000e-02	1.597133000000e-05	1.000000000000e-01	1.585697000000e-02	4.866359000000e-01	1.000000000000e-01	1.585697000000e-02	1.763977200000e-05	1.000000000000e-01	1.585697000000e-02	1.800280000000e-06	1.000000000000e-01	1.585697000000e-02	2.951059000000e-05	1.000000000000e-01
1.651482000000e-02	2.339081000000e-02	1.000000000000e-01	1.651482000000e-02	5.976999000000e-05	1.000000000000e-01	1.651482000000e-02	1.532876000000e-05	1.000000000000e-01	1.651482000000e-02	4.882117000000e-01	1.000000000000e-01	1.651482000000e-02	1.678055540000e-05	1.000000000000e-01	1.651482000000e-02	1.711864000000e-06	1.000000000000e-01	1.651482000000e-02	2.789124000000e-05	1.000000000000e-01
1.717267000000e-02	2.062995000000e-02	1.000000000000e-01	1.717267000000e-02	5.508984000000e-05	1.000000000000e-01	1.717267000000e-02	1.472159000000e-05	1.000000000000e-01	1.717267000000e-02	4.895977000000e-01	1.000000000000e-01	1.717267000000e-02	1.597089470000e-05	1.000000000000e-01	1.717267000000e-02	1.628882000000e-06	1.000000000000e-01	1.717267000000e-02	2.638059000000e-05	1.000000000000e-01
1.783053000000e-02	1.820077000000e-02	1.000000000000e-01	1.783053000000e-02	5.072256000000e-05	1.000000000000e-01	1.783053000000e-02	1.414748000000e-05	1.000000000000e-01	1.783053000000e-02	4.908174000000e-01	1.000000000000e-01	1.783053000000e-02	1.520723240000e-05	1.000000000000e-01	1.783053000000e-02	1.550925000000e-06	1.000000000000e-01	1.783053000000e-02	2.496981000000e-05	1.000000000000e-01
1.848838000000e-02	1.606215000000e-02	1.000000000000e-01	1.848838000000e-02	4.665614000000e-05	1.000000000000e-01	1.848838000000e-02	1.360427000000e-05	1.000000000000e-01	1.848838000000e-02	4.918915000000e-01	1.000000000000e-01	1.848838000000e-02	1.448639530000e-05	1.000000000000e-01	1.848838000000e-02	1.477623000000e-06	1.000000000000e-01	1.848838000000e-02	2.365097000000e-05	1.000000000000e-01
1.914623000000e-02	1.417834000000e-02	1.000000000000e-01	1.914623000000e-02	4.287739000000e-05	1.000000000000e-01	1.914623000000e-02	1.308996000000e-05	1.000000000000e-01	1.914623000000e-02	4.928379000000e-01	1.000000000000e-01	1.914623000000e-02	1.380550160000e-05	1.000000000000e-01	1.914623000000e-02	1.408644000000e-06	1.000000000000e-01	1.914623000000e-02	2.241699000000e-05	1.000000000000e-01
1.980408000000e-02	1.251820000000e-02	1.000000000000e-01	1.980408000000e-02	3.937231000000e-05	1.000000000000e-01	1.980408000000e-02	1.260269000000e-05	1.000000000000e-01	1.980408000000e-02	4.936722000000e-01	1.000000000000e-01	1.980408000000e-02	1.316195050000e-05	1.000000000000e-01	1.980408000000e-02	1.343688000000e-06	1.000000000000e-01	1.980408000000e-02	2.126145000000e-05	1.000000000000e-01
2.046193000000e-02	1.105458000000e-02	1.000000000000e-01	2.046193000000e-02	3.612648000000e-05	1.000000000000e-01	2.046193000000e-02	1.214076000000e-05	1.000000000000e-01	2.046193000000e-02	4.944079000000e-01	1.000000000000e-01	2.046193000000e-02	1.255337000000e-05	1.000000000000e-01	2.046193000000e-02	1.282480000000e-06	1.000000000000e-01	2.046193000000e-02	2.017858000000e-05	1.000000000000e-01
