Batch	m_SP	13	W3	W1	W2	W4	W5	W6	R	P1	P2	P3	P4	P5	P6																							
3.143457e-10	0.9883636	0.1	3.143457e-10	3.116025e-110	0.1	3.143457e-10	3.116025e-110	0.1	3.143457e-10	3.116025e-110	0.1	3.143457e-10	4.230537e-06	0.1	3.143457e-10	3.116025e-110	0.1	3.143457e-10	2.443316e-06	0.1	3.143457e-10	0.0007760658	0.1	3.143457e-10	1.763275e-05	0.1	3.143457e-10	3.748413e-06	0.1	3.143457e-10	0.005015211	0.1	3.143457e-10	9.683079e-07	0.1	3.143457e-10	1.659023e-10	0.1
4.846616e-10	0.9821492	0.1	4.846616e-10	4.781719e-110	0.1	4.846616e-10	4.781719e-110	0.1	4.846616e-10	4.781719e-110	0.1	4.846616e-10	6.460641e-06	0.1	4.846616e-10	4.781719e-110	0.1	4.846616e-10	3.756633e-06	0.1	4.846616e-10	0.001191281	0.1	4.846616e-10	2.709292e-05	0.1	4.846616e-10	5.762873e-06	0.1	4.846616e-10	0.007692791	0.1	4.846616e-10	1.488685e-06	0.1	4.846616e-10	2.57445e-10	0.1
7.756348e-10	0.9716848	0.1	7.756348e-10	7.59154e-110	0.1	7.756348e-10	7.59154e-110	0.1	7.756348e-10	7.59154e-110	0.1	7.756348e-10	1.017345e-05	0.1	7.756348e-10	7.59154e-110	0.1	7.756348e-10	5.988178e-06	0.1	7.756348e-10	0.001892839	0.1	7.756348e-10	4.313694e-05	0.1	7.756348e-10	9.186205e-06	0.1	7.756348e-10	0.012199	0.1	7.756348e-10	2.373037e-06	0.1	7.756348e-10	4.208672e-10	0.1
1.191311e-09	0.9570823	0.1	1.191311e-09	1.152917e-109	0.1	1.191311e-09	1.152917e-109	0.1	1.191311e-09	1.152917e-109	0.1	1.191311e-09	1.527383e-05	0.1	1.191311e-09	1.152917e-109	0.1	1.191311e-09	9.161139e-06	0.1	1.191311e-09	0.002879797	0.1	1.191311e-09	6.587916e-05	0.1	1.191311e-09	1.405705e-05	0.1	1.191311e-09	0.01847869	0.1	1.191311e-09	3.631523e-06	0.1	1.191311e-09	6.799105e-10	0.1
1.734832e-09	0.9386319	0.1	1.734832e-09	1.654797e-109	0.1	1.734832e-09	1.654797e-109	0.1	1.734832e-09	1.654797e-109	0.1	1.734832e-09	2.160363e-05	0.1	1.734832e-09	1.654797e-109	0.1	1.734832e-09	1.331146e-05	0.1	1.734832e-09	0.004147641	0.1	1.734832e-09	9.549313e-05	0.1	1.734832e-09	2.043957e-05	0.1	1.734832e-09	0.02639106	0.1	1.734832e-09	5.281236e-06	0.1	1.734832e-09	1.088122e-09	0.1
2.310315e-09	0.919925	0.1	2.310315e-09	2.171045e-109	0.1	2.310315e-09	2.171045e-109	0.1	2.310315e-09	2.171045e-109	0.1	2.310315e-09	2.791897e-05	0.1	2.310315e-09	2.171045e-109	0.1	2.310315e-09	1.774693e-05	0.1	2.310315e-09	0.005468382	0.1	2.310315e-09	0.0001269646	0.1	2.310315e-09	2.728144e-05	0.1	2.310315e-09	0.03437613	0.1	2.310315e-09	7.050954e-06	0.1	2.310315e-09	1.639101e-09	0.1
2.885797e-09	0.9020969	0.1	2.885797e-09	2.672757e-109	0.1	2.885797e-09	2.672757e-109	0.1	2.885797e-09	2.672757e-109	0.1	2.885797e-09	3.387148e-05	0.1	2.885797e-09	2.672757e-109	0.1	2.885797e-09	2.226468e-05	0.1	2.885797e-09	0.006773465	0.1	2.885797e-09	0.0001588245	0.1	2.885797e-09	3.427716e-05	0.1	2.885797e-09	0.04193693	0.1	2.885797e-09	8.862331e-06	0.1	2.885797e-09	2.34462e-09	0.1
3.46128e-09	0.885163	0.1	3.46128e-09	3.161003e-109	0.1	3.46128e-09	3.161003e-109	0.1	3.46128e-09	3.161003e-109	0.1	3.46128e-09	3.949448e-05	0.1	3.46128e-09	3.161003e-109	0.1	3.46128e-09	2.690017e-05	0.1	3.46128e-09	0.008068928	0.1	3.46128e-09	0.0001913059	0.1	3.46128e-09	4.148515e-05	0.1	3.46128e-09	0.0490594	0.1	3.46128e-09	1.073112e-05	0.1	3.46128e-09	3.232055e-09	0.1
4.036762e-09	0.8691273	0.1	4.036762e-09	3.63684e-109	0.1	4.036762e-09	3.63684e-109	0.1	4.036762e-09	3.63684e-109	0.1	4.036762e-09	4.481897e-05	0.1	4.036762e-09	3.63684e-109	0.1	4.036762e-09	3.168346e-05	0.1	4.036762e-09	0.009360052	0.1	4.036762e-09	0.0002245992	0.1	4.036762e-09	4.895316e-05	0.1	4.036762e-09	0.05573598	0.1	4.036762e-09	1.267039e-05	0.1	4.036762e-09	4.323112e-09	0.1
4.612245e-09	0.8539833	0.1	4.612245e-09	4.101296e-109	0.1	4.612245e-09	4.101296e-109	0.1	4.612245e-09	4.101296e-109	0.1	4.612245e-09	4.987361e-05	0.1	4.612245e-09	4.101296e-109	0.1	4.612245e-09	3.663926e-05	0.1	4.612245e-09	0.01065136	0.1	4.612245e-09	0.0002588527	0.1	4.612245e-09	5.671847e-05	0.1	4.612245e-09	0.06196517	0.1	4.612245e-09	1.46906e-05	0.1	4.612245e-09	5.634035e-09	0.1
5.257206e-09	0.838051	0.1	5.257206e-09	4.609519e-109	0.1	5.257206e-09	4.609519e-109	0.1	5.257206e-09	4.609519e-109	0.1	5.257206e-09	5.525024e-05	0.1	5.257206e-09	4.609519e-109	0.1	5.257206e-09	4.242258e-05	0.1	5.257206e-09	0.0121034	0.1	5.257206e-09	0.0002985141	0.1	5.257206e-09	6.580791e-05	0.1	5.257206e-09	0.06841968	0.1	5.257206e-09	1.706069e-05	0.1	5.257206e-09	7.378093e-09	0.1
5.948486e-09	0.8221578	0.1	5.948486e-09	5.14123e-109	0.1	5.948486e-09	5.14123e-109	0.1	5.948486e-09	5.14123e-109	0.1	5.948486e-09	6.07115e-05	0.1	5.948486e-09	5.14123e-109	0.1	5.948486e-09	4.891271e-05	0.1	5.948486e-09	0.01366999	0.1	5.948486e-09	0.0003426184	0.1	5.948486e-09	7.603e-05	0.1	5.948486e-09	0.07473344	0.1	5.948486e-09	1.973374e-05	0.1	5.948486e-09	9.579209e-09	0.1
6.724962e-09	0.8057004	0.1	6.724962e-09	5.72422e-109	0.1	6.724962e-09	5.72422e-109	0.1	6.724962e-09	5.72422e-109	0.1	6.724962e-09	6.651881e-05	0.1	6.724962e-09	5.72422e-109	0.1	6.724962e-09	5.658304e-05	0.1	6.724962e-09	0.01544692	0.1	6.724962e-09	0.0003941799	0.1	6.724962e-09	8.811931e-05	0.1	6.724962e-09	0.0811078	0.1	6.724962e-09	2.290646e-05	0.1	6.724962e-09	1.246367e-08	0.1
7.647209e-09	0.7879492	0.1	7.647209e-09	6.39959e-109	0.1	7.647209e-09	6.39959e-109	0.1	7.647209e-09	6.39959e-109	0.1	7.647209e-09	7.302845e-05	0.1	7.647209e-09	6.39959e-109	0.1	7.647209e-09	6.623377e-05	0.1	7.647209e-09	0.01758591	0.1	7.647209e-09	0.0004581596	0.1	7.647209e-09	0.0001033067	0.1	7.647209e-09	0.08774834	0.1	7.647209e-09	2.691154e-05	0.1	7.647209e-09	1.644589e-08	0.1
8.541913e-09	0.7724409	0.1	8.541913e-09	7.039558e-109	0.1	8.541913e-09	7.039558e-109	0.1	8.541913e-09	7.039558e-109	0.1	8.541913e-09	7.900165e-05	0.1	8.541913e-09	7.039558e-109	0.1	8.541913e-09	7.616279e-05	0.1	8.541913e-09	0.01969326	0.1	8.541913e-09	0.0005228999	0.1	8.541913e-09	0.0001188633	0.1	8.541913e-09	0.09329778	0.1	8.541913e-09	3.103853e-05	0.1	8.541913e-09	2.086125e-08	0.1
9.180987e-09	0.7623064	0.1	9.180987e-09	7.488718e-109	0.1	9.180987e-09	7.488718e-109	0.1	9.180987e-09	7.488718e-109	0.1	9.180987e-09	8.309215e-05	0.1	9.180987e-09	7.488718e-109	0.1	9.180987e-09	8.359395e-05	0.1	9.180987e-09	0.02121834	0.1	9.180987e-09	0.0005706029	0.1	9.180987e-09	0.0001304372	0.1	9.180987e-09	0.09676812	0.1	9.180987e-09	3.412662e-05	0.1	9.180987e-09	2.432799e-08	0.1
1.013279e-08	0.748528	0.1	1.013279e-08	8.146985e-109	0.1	1.013279e-08	8.146985e-109	0.1	1.013279e-08	8.146985e-109	0.1	1.013279e-08	8.895345e-05	0.1	1.013279e-08	8.146985e-109	0.1	1.013279e-08	9.51746e-05	0.1	1.013279e-08	0.02351951	0.1	1.013279e-08	0.0006436059	0.1	1.013279e-08	0.0001483208	0.1	1.013279e-08	0.101246	0.1	1.013279e-08	3.89306e-05	0.1	1.013279e-08	2.993726e-08	0.1
1.10846e-08	0.7361559	0.1	1.10846e-08	8.794099e-109	0.1	1.10846e-08	8.794099e-109	0.1	1.10846e-08	8.794099e-109	0.1	1.10846e-08	9.458243e-05	0.1	1.10846e-08	8.794099e-109	0.1	1.10846e-08	0.0001073513	0.1	1.10846e-08	0.02585402	0.1	1.10846e-08	0.0007185349	0.1	1.10846e-08	0.0001668826	0.1	1.10846e-08	0.104984	0.1	1.10846e-08	4.396228e-05	0.1	1.10846e-08	3.603047e-08	0.1
1.20364e-08	0.7250124	0.1	1.20364e-08	9.431561e-109	0.1	1.20364e-08	9.431561e-109	0.1	1.20364e-08	9.431561e-109	0.1	1.20364e-08	0.0001000225	0.1	1.20364e-08	9.431561e-109	0.1	1.20364e-08	0.0001201015	0.1	1.20364e-08	0.02821831	0.1	1.20364e-08	0.0007948951	0.1	1.20364e-08	0.0001860098	0.1	1.20364e-08	0.1080752	0.1	1.20364e-08	4.920071e-05	0.1	1.20364e-08	4.254985e-08	0.1
1.298821e-08	0.7149344	0.1	1.298821e-08	1.006056e-108	0.1	1.298821e-08	1.006056e-108	0.1	1.298821e-08	1.006056e-108	0.1	1.298821e-08	0.0001053115	0.1	1.298821e-08	1.006056e-108	0.1	1.298821e-08	0.0001334021	0.1	1.298821e-08	0.03060821	0.1	1.298821e-08	0.0008721838	0.1	1.298821e-08	0.0002055873	0.1	1.298821e-08	0.1106061	0.1	1.298821e-08	5.46244e-05	0.1	1.298821e-08	4.943818e-08	0.1
1.394001e-08	0.7057748	0.1	1.394001e-08	1.068202e-108	0.1	1.394001e-08	1.068202e-108	0.1	1.394001e-08	1.068202e-108	0.1	1.394001e-08	0.0001104827	0.1	1.394001e-08	1.068202e-108	0.1	1.394001e-08	0.0001472312	0.1	1.394001e-08	0.03301931	0.1	1.394001e-08	0.0009499099	0.1	1.394001e-08	0.0002255026	0.1	1.394001e-08	0.1126552	0.1	1.394001e-08	6.021226e-05	0.1	1.394001e-08	5.664053e-08	0.1
1.489182e-08	0.6974031	0.1	1.489182e-08	1.129667e-108	0.1	1.489182e-08	1.129667e-108	0.1	1.489182e-08	1.129667e-108	0.1	1.489182e-08	0.000115565	0.1	1.489182e-08	1.129667e-108	0.1	1.489182e-08	0.0001615688	0.1	1.489182e-08	0.0354472	0.1	1.489182e-08	0.001027607	0.1	1.489182e-08	0.0002456484	0.1	1.489182e-08	0.1142926	0.1	1.489182e-08	6.594416e-05	0.1	1.489182e-08	6.410544e-08	0.1
1.588715e-08	0.6893677	0.1	1.588715e-08	1.193273e-108	0.1	1.588715e-08	1.193273e-108	0.1	1.588715e-08	1.193273e-108	0.1	1.588715e-08	0.0001208123	0.1	1.588715e-08	1.193273e-108	0.1	1.588715e-08	0.0001770873	0.1	1.588715e-08	0.0379995	0.1	1.588715e-08	0.001108359	0.1	1.588715e-08	0.0002668535	0.1	1.588715e-08	0.1156318	0.1	1.588715e-08	7.207175e-05	0.1	1.588715e-08	7.214108e-08	0.1
1.68227e-08	0.6823859	0.1	1.68227e-08	1.252476e-108	0.1	1.68227e-08	1.252476e-108	0.1	1.68227e-08	1.252476e-108	0.1	1.68227e-08	0.0001257039	0.1	1.68227e-08	1.252476e-108	0.1	1.68227e-08	0.0001921483	0.1	1.68227e-08	0.040407	0.1	1.68227e-08	0.001183401	0.1	1.68227e-08	0.0002868211	0.1	1.68227e-08	0.1165968	0.1	1.68227e-08	7.793816e-05	0.1	1.68227e-08	7.98645e-08	0.1
1.740741e-08	0.678266	0.1	1.740741e-08	1.289206e-108	0.1	1.740741e-08	1.289206e-108	0.1	1.740741e-08	1.289206e-108	0.1	1.740741e-08	0.0001287495	0.1	1.740741e-08	1.289206e-108	0.1	1.740741e-08	0.0002017895	0.1	1.740741e-08	0.04191432	0.1	1.740741e-08	0.001229727	0.1	1.740741e-08	0.0002992824	0.1	1.740741e-08	0.1170758	0.1	1.740741e-08	8.165025e-05	0.1	1.740741e-08	8.475856e-08	0.1
1.819745e-08	0.6729607	0.1	1.819745e-08	1.338513e-108	0.1	1.819745e-08	1.338513e-108	0.1	1.819745e-08	1.338513e-108	0.1	1.819745e-08	0.0001328583	0.1	1.819745e-08	1.338513e-108	0.1	1.819745e-08	0.0002150896	0.1	1.819745e-08	0.04395254	0.1	1.819745e-08	0.001291465	0.1	1.819745e-08	0.0003160597	0.1	1.819745e-08	0.1175912	0.1	1.819745e-08	8.671419e-05	0.1	1.819745e-08	9.143563e-08	0.1
1.898749e-08	0.6679216	0.1	1.898749e-08	1.387462e-108	0.1	1.898749e-08	1.387462e-108	0.1	1.898749e-08	1.387462e-108	0.1	1.898749e-08	0.0001369675	0.1	1.898749e-08	1.387462e-108	0.1	1.898749e-08	0.0002286988	0.1	1.898749e-08	0.04599105	0.1	1.898749e-08	0.001352072	0.1	1.898749e-08	0.000332732	0.1	1.898749e-08	0.1179742	0.1	1.898749e-08	9.182632e-05	0.1	1.898749e-08	9.816979e-08	0.1
1.98569e-08	0.6626443	0.1	1.98569e-08	1.440925e-108	0.1	1.98569e-08	1.440925e-108	0.1	1.98569e-08	1.440925e-108	0.1	1.98569e-08	0.0001414984	0.1	1.98569e-08	1.440925e-108	0.1	1.98569e-08	0.000244027	0.1	1.98569e-08	0.04823289	0.1	1.98569e-08	0.001417294	0.1	1.98569e-08	0.000350915	0.1	1.98569e-08	0.1182644	0.1	1.98569e-08	9.749872e-05	0.1	1.98569e-08	1.056263e-07	0.1
2.104383e-08	0.6558272	0.1	2.104383e-08	1.513248e-108	0.1	2.104383e-08	1.513248e-108	0.1	2.104383e-08	1.513248e-108	0.1	2.104383e-08	0.000147712	0.1	2.104383e-08	1.513248e-108	0.1	2.104383e-08	0.0002655374	0.1	2.104383e-08	0.05128774	0.1	2.104383e-08	0.001503558	0.1	2.104383e-08	0.0003753853	0.1	2.104383e-08	0.1184749	0.1	2.104383e-08	0.000105305	0.1	2.104383e-08	1.158476e-07	0.1
2.256533e-08	0.6476275	0.1	2.256533e-08	1.60486e-108	0.1	2.256533e-08	1.60486e-108	0.1	2.256533e-08	1.60486e-108	0.1	2.256533e-08	0.0001557444	0.1	2.256533e-08	1.60486e-108	0.1	2.256533e-08	0.0002940775	0.1	2.256533e-08	0.05518835	0.1	2.256533e-08	0.001608974	0.1	2.256533e-08	0.0004060211	0.1	2.256533e-08	0.1184954	0.1	2.256533e-08	0.0001153844	0.1	2.256533e-08	1.289543e-07	0.1
2.417047e-08	0.6394997	0.1	2.417047e-08	1.700198e-108	0.1	2.417047e-08	1.700198e-108	0.1	2.417047e-08	1.700198e-108	0.1	2.417047e-08	0.0001643174	0.1	2.417047e-08	1.700198e-108	0.1	2.417047e-08	0.0003253342	0.1	2.417047e-08	0.05927797	0.1	2.417047e-08	0.001713391	0.1	2.417047e-08	0.0004372866	0.1	2.417047e-08	0.1182878	0.1	2.417047e-08	0.0001260623	0.1	2.417047e-08	1.427037e-07	0.1
2.577561e-08	0.6317937	0.1	2.577561e-08	1.794214e-108	0.1	2.577561e-08	1.794214e-108	0.1	2.577561e-08	1.794214e-108	0.1	2.577561e-08	0.000172997	0.1	2.577561e-08	1.794214e-108	0.1	2.577561e-08	0.0003577342	0.1	2.577561e-08	0.06333561	0.1	2.577561e-08	0.001810476	0.1	2.577561e-08	0.0004673273	0.1	2.577561e-08	0.1179086	0.1	2.577561e-08	0.0001367403	0.1	2.577561e-08	1.562953e-07	0.1
2.738074e-08	0.6244228	0.1	2.738074e-08	1.886927e-108	0.1	2.738074e-08	1.886927e-108	0.1	2.738074e-08	1.886927e-108	0.1	2.738074e-08	0.0001817751	0.1	2.738074e-08	1.886927e-108	0.1	2.738074e-08	0.0003912373	0.1	2.738074e-08	0.06735681	0.1	2.738074e-08	0.001900067	0.1	2.738074e-08	0.0004960369	0.1	2.738074e-08	0.117406	0.1	2.738074e-08	0.0001473756	0.1	2.738074e-08	1.696636e-07	0.1
2.898588e-08	0.6173227	0.1	2.898588e-08	1.978353e-108	0.1	2.898588e-08	1.978353e-108	0.1	2.898588e-08	1.978353e-108	0.1	2.898588e-08	0.0001906328	0.1	2.898588e-08	1.978353e-108	0.1	2.898588e-08	0.0004257973	0.1	2.898588e-08	0.07133834	0.1	2.898588e-08	0.001982162	0.1	2.898588e-08	0.0005233424	0.1	2.898588e-08	0.1168156	0.1	2.898588e-08	0.0001579282	0.1	2.898588e-08	1.827548e-07	0.1
3.059102e-08	0.6104457	0.1	3.059102e-08	2.068509e-108	0.1	3.059102e-08	2.068509e-108	0.1	3.059102e-08	2.068509e-108	0.1	3.059102e-08	0.000199543	0.1	3.059102e-08	2.068509e-108	0.1	3.059102e-08	0.0004613618	0.1	3.059102e-08	0.0752779	0.1	3.059102e-08	0.002056892	0.1	3.059102e-08	0.0005491981	0.1	3.059102e-08	0.1161635	0.1	3.059102e-08	0.0001683611	0.1	3.059102e-08	1.955244e-07	0.1
3.219616e-08	0.6037565	0.1	3.219616e-08	2.157411e-108	0.1	3.219616e-08	2.157411e-108	0.1	3.219616e-08	2.157411e-108	0.1	3.219616e-08	0.000208473	0.1	3.219616e-08	2.157411e-108	0.1	3.219616e-08	0.0004978718	0.1	3.219616e-08	0.0791739	0.1	3.219616e-08	0.002124485	0.1	3.219616e-08	0.0005735818	0.1	3.219616e-08	0.1154688	0.1	3.219616e-08	0.00017864	0.1	3.219616e-08	2.079364e-07	0.1
3.38013e-08	0.5972287	0.1	3.38013e-08	2.245077e-108	0.1	3.38013e-08	2.245077e-108	0.1	3.38013e-08	2.245077e-108	0.1	3.38013e-08	0.000217386	0.1	3.38013e-08	2.245077e-108	0.1	3.38013e-08	0.000535263	0.1	3.38013e-08	0.08302532	0.1	3.38013e-08	0.002185244	0.1	3.38013e-08	0.0005964903	0.1	3.38013e-08	0.1147457	0.1	3.38013e-08	0.0001887336	0.1	3.38013e-08	2.199615e-07	0.1
3.554131e-08	0.5903121	0.1	3.554131e-08	2.338734e-108	0.1	3.554131e-08	2.338734e-108	0.1	3.554131e-08	2.338734e-108	0.1	3.554131e-08	0.0002269844	0.1	3.554131e-08	2.338734e-108	0.1	3.554131e-08	0.000576711	0.1	3.554131e-08	0.08714926	0.1	3.554131e-08	0.002243802	0.1	3.554131e-08	0.0006196725	0.1	3.554131e-08	0.1139414	0.1	3.554131e-08	0.0001994327	0.1	3.554131e-08	2.325332e-07	0.1
3.748362e-08	0.5827651	0.1	3.748362e-08	2.441619e-108	0.1	3.748362e-08	2.441619e-108	0.1	3.748362e-08	2.441619e-108	0.1	3.748362e-08	0.0002375617	0.1	3.748362e-08	2.441619e-108	0.1	3.748362e-08	0.0006239911	0.1	3.748362e-08	0.09168945	0.1	3.748362e-08	0.002300784	0.1	3.748362e-08	0.0006435616	0.1	3.748362e-08	0.1130296	0.1	3.748362e-08	0.0002110394	0.1	3.748362e-08	2.459704e-07	0.1
3.942593e-08	0.5753831	0.1	3.942593e-08	2.542785e-108	0.1	3.942593e-08	2.542785e-108	0.1	3.942593e-08	2.542785e-108	0.1	3.942593e-08	0.000247931	0.1	3.942593e-08	2.542785e-108	0.1	3.942593e-08	0.0006722106	0.1	3.942593e-08	0.09616289	0.1	3.942593e-08	0.002349619	0.1	3.942593e-08	0.000665418	0.1	3.942593e-08	0.1121118	0.1	3.942593e-08	0.0002222544	0.1	3.942593e-08	2.587579e-07	0.1
4.144602e-08	0.5678653	0.1	4.144602e-08	2.646218e-108	0.1	4.144602e-08	2.646218e-108	0.1	4.144602e-08	2.646218e-108	0.1	4.144602e-08	0.0002584295	0.1	4.144602e-08	2.646218e-108	0.1	4.144602e-08	0.0007232104	0.1	4.144602e-08	0.1007449	0.1	4.144602e-08	0.002392553	0.1	4.144602e-08	0.0006860824	0.1	4.144602e-08	0.1111576	0.1	4.144602e-08	0.0002334688	0.1	4.144602e-08	2.713546e-07	0.1
4.377722e-08	0.5593773	0.1	4.377722e-08	2.763369e-108	0.1	4.377722e-08	2.763369e-108	0.1	4.377722e-08	2.763369e-108	0.1	4.377722e-08	0.0002701042	0.1	4.377722e-08	2.763369e-108	0.1	4.377722e-08	0.0007829422	0.1	4.377722e-08	0.1059439	0.1	4.377722e-08	0.002433182	0.1	4.377722e-08	0.0007074476	0.1	4.377722e-08	0.1100627	0.1	4.377722e-08	0.0002458048	0.1	4.377722e-08	2.84994e-07	0.1
4.610841e-08	0.5510772	0.1	4.610841e-08	2.87821e-108	0.1	4.610841e-08	2.87821e-108	0.1	4.610841e-08	2.87821e-108	0.1	4.610841e-08	0.0002812319	0.1	4.610841e-08	2.87821e-108	0.1	4.610841e-08	0.000843392	0.1	4.610841e-08	0.1110491	0.1	4.610841e-08	0.002465382	0.1	4.610841e-08	0.0007263243	0.1	4.610841e-08	0.1089788	0.1	4.610841e-08	0.0002574631	0.1	4.610841e-08	2.97676e-07	0.1
4.863586e-08	0.5422788	0.1	4.863586e-08	3.00018e-108	0.1	4.863586e-08	3.00018e-108	0.1	4.863586e-08	3.00018e-108	0.1	4.863586e-08	0.0002926068	0.1	4.863586e-08	3.00018e-108	0.1	4.863586e-08	0.0009094806	0.1	4.863586e-08	0.1164796	0.1	4.863586e-08	0.002492039	0.1	4.863586e-08	0.0007441944	0.1	4.863586e-08	0.1078193	0.1	4.863586e-08	0.0002693159	0.1	4.863586e-08	3.103622e-07	0.1
5.145769e-08	0.5326897	0.1	5.145769e-08	3.133329e-108	0.1	5.145769e-08	3.133329e-108	0.1	5.145769e-08	3.133329e-108	0.1	5.145769e-08	0.0003043922	0.1	5.145769e-08	3.133329e-108	0.1	5.145769e-08	0.0009836173	0.1	5.145769e-08	0.1224167	0.1	5.145769e-08	0.002513161	0.1	5.145769e-08	0.000761241	0.1	5.145769e-08	0.1065463	0.1	5.145769e-08	0.0002815719	0.1	5.145769e-08	3.23257e-07	0.1
5.439455e-08	0.5229598	0.1	5.439455e-08	3.26862e-108	0.1	5.439455e-08	3.26862e-108	0.1	5.439455e-08	3.26862e-108	0.1	5.439455e-08	0.000315585	0.1	5.439455e-08	3.26862e-108	0.1	5.439455e-08	0.001060804	0.1	5.439455e-08	0.1284579	0.1	5.439455e-08	0.002527071	0.1	5.439455e-08	0.0007760663	0.1	5.439455e-08	0.1052468	0.1	5.439455e-08	0.0002932394	0.1	5.439455e-08	3.353162e-07	0.1
5.779154e-08	0.5120097	0.1	5.779154e-08	3.421075e-108	0.1	5.779154e-08	3.421075e-108	0.1	5.779154e-08	3.421075e-108	0.1	5.779154e-08	0.000327142	0.1	5.779154e-08	3.421075e-108	0.1	5.779154e-08	0.001149652	0.1	5.779154e-08	0.1352746	0.1	5.779154e-08	0.002534824	0.1	5.779154e-08	0.0007899563	0.1	5.779154e-08	0.1037768	0.1	5.779154e-08	0.000305385	0.1	5.779154e-08	3.476338e-07	0.1
6.134484e-08	0.5008895	0.1	6.134484e-08	3.576091e-108	0.1	6.134484e-08	3.576091e-108	0.1	6.134484e-08	3.576091e-108	0.1	6.134484e-08	0.0003376535	0.1	6.134484e-08	3.576091e-108	0.1	6.134484e-08	0.001241579	0.1	6.134484e-08	0.1422144	0.1	6.134484e-08	0.002535367	0.1	6.134484e-08	0.0008012638	0.1	6.134484e-08	0.1022768	0.1	6.134484e-08	0.0003166067	0.1	6.134484e-08	3.58784e-07	0.1
6.552337e-08	0.4882298	0.1	6.552337e-08	3.752802e-108	0.1	6.552337e-08	3.752802e-108	0.1	6.552337e-08	3.752802e-108	0.1	6.552337e-08	0.0003480366	0.1	6.552337e-08	3.752802e-108	0.1	6.552337e-08	0.001347712	0.1	6.552337e-08	0.1501345	0.1	6.552337e-08	0.002528477	0.1	6.552337e-08	0.0008110299	0.1	6.552337e-08	0.1005611	0.1	6.552337e-08	0.0003279892	0.1	6.552337e-08	3.698396e-07	0.1
6.970191e-08	0.476	0.1	6.970191e-08	3.92375e-108	0.1	6.970191e-08	3.92375e-108	0.1	6.970191e-08	3.92375e-108	0.1	6.970191e-08	0.0003564311	0.1	6.970191e-08	3.92375e-108	0.1	6.970191e-08	0.001451089	0.1	6.970191e-08	0.1578038	0.1	6.970191e-08	0.002515594	0.1	6.970191e-08	0.0008176675	0.1	6.970191e-08	0.0988957	0.1	6.970191e-08	0.0003375767	0.1	6.970191e-08	3.789179e-07	0.1
7.472967e-08	0.4618263	0.1	7.472967e-08	4.12218e-108	0.1	7.472967e-08	4.12218e-108	0.1	7.472967e-08	4.12218e-108	0.1	7.472967e-08	0.0003641654	0.1	7.472967e-08	4.12218e-108	0.1	7.472967e-08	0.001571076	0.1	7.472967e-08	0.1667136	0.1	7.472967e-08	0.002494555	0.1	7.472967e-08	0.0008223692	0.1	7.472967e-08	0.09695584	0.1	7.472967e-08	0.0003469929	0.1	7.472967e-08	3.875704e-07	0.1
7.975743e-08	0.4482137	0.1	7.975743e-08	4.31309e-108	0.1	7.975743e-08	4.31309e-108	0.1	7.975743e-08	4.31309e-108	0.1	7.975743e-08	0.0003696514	0.1	7.975743e-08	4.31309e-108	0.1	7.975743e-08	0.001685599	0.1	7.975743e-08	0.1752916	0.1	7.975743e-08	0.002469498	0.1	7.975743e-08	0.0008242986	0.1	7.975743e-08	0.09508256	0.1	7.975743e-08	0.0003543918	0.1	7.975743e-08	3.941178e-07	0.1
8.478519e-08	0.4351324	0.1	8.478519e-08	4.496887e-108	0.1	8.478519e-08	4.496887e-108	0.1	8.478519e-08	4.496887e-108	0.1	8.478519e-08	0.0003732405	0.1	8.478519e-08	4.496887e-108	0.1	8.478519e-08	0.001794156	0.1	8.478519e-08	0.183554	0.1	8.478519e-08	0.002441949	0.1	8.478519e-08	0.0008241424	0.1	8.478519e-08	0.0932725	0.1	8.478519e-08	0.0003600712	0.1	8.478519e-08	3.989149e-07	0.1
8.981295e-08	0.4225546	0.1	8.981295e-08	4.673949e-108	0.1	8.981295e-08	4.673949e-108	0.1	8.981295e-08	4.673949e-108	0.1	8.981295e-08	0.0003752588	0.1	8.981295e-08	4.673949e-108	0.1	8.981295e-08	0.00189642	0.1	8.981295e-08	0.1915161	0.1	8.981295e-08	0.002412965	0.1	8.981295e-08	0.0008224334	0.1	8.981295e-08	0.09152247	0.1	8.981295e-08	0.000364301	0.1	8.981295e-08	4.022693e-07	0.1
9.484071e-08	0.4104545	0.1	9.484071e-08	4.84463e-108	0.1	9.484071e-08	4.84463e-108	0.1	9.484071e-08	4.84463e-108	0.1	9.484071e-08	0.0003759962	0.1	9.484071e-08	4.84463e-108	0.1	9.484071e-08	0.001992203	0.1	9.484071e-08	0.1991925	0.1	9.484071e-08	0.002383273	0.1	9.484071e-08	0.0008195798	0.1	9.484071e-08	0.08982948	0.1	9.484071e-08	0.0003673194	0.1	9.484071e-08	4.044434e-07	0.1
1.009254e-07	0.3964152	0.1	1.009254e-07	5.043126e-108	0.1	1.009254e-07	5.043126e-108	0.1	1.009254e-07	5.043126e-108	0.1	1.009254e-07	0.0003755304	0.1	1.009254e-07	5.043126e-108	0.1	1.009254e-07	0.002099362	0.1	1.009254e-07	0.2081202	0.1	1.009254e-07	0.002347083	0.1	1.009254e-07	0.0008150331	0.1	1.009254e-07	0.0878529	0.1	1.009254e-07	0.0003696454	0.1	1.009254e-07	4.05808e-07	0.1
1.070101e-07	0.3830004	0.1	1.070101e-07	5.233299e-108	0.1	1.070101e-07	5.233299e-108	0.1	1.070101e-07	5.233299e-108	0.1	1.070101e-07	0.0003739182	0.1	1.070101e-07	5.233299e-108	0.1	1.070101e-07	0.002196982	0.1	1.070101e-07	0.2166727	0.1	1.070101e-07	0.002311128	0.1	1.070101e-07	0.0008096612	0.1	1.070101e-07	0.08595116	0.1	1.070101e-07	0.0003708042	0.1	1.070101e-07	4.060822e-07	0.1
1.130947e-07	0.3701737	0.1	1.130947e-07	5.415651e-108	0.1	1.130947e-07	5.415651e-108	0.1	1.130947e-07	5.415651e-108	0.1	1.130947e-07	0.0003714479	0.1	1.130947e-07	5.415651e-108	0.1	1.130947e-07	0.002285267	0.1	1.130947e-07	0.2248713	0.1	1.130947e-07	0.002275743	0.1	1.130947e-07	0.0008037438	0.1	1.130947e-07	0.08411997	0.1	1.130947e-07	0.0003710444	0.1	1.130947e-07	4.055161e-07	0.1
1.204553e-07	0.3553946	0.1	1.204553e-07	5.626444e-108	0.1	1.204553e-07	5.626444e-108	0.1	1.204553e-07	5.626444e-108	0.1	1.204553e-07	0.0003676267	0.1	1.204553e-07	5.626444e-108	0.1	1.204553e-07	0.00238004	0.1	1.204553e-07	0.2343445	0.1	1.204553e-07	0.002233957	0.1	1.204553e-07	0.0007961251	0.1	1.204553e-07	0.08199347	0.1	1.204553e-07	0.000370388	0.1	1.204553e-07	4.039837e-07	0.1
1.278159e-07	0.3413712	0.1	1.278159e-07	5.827215e-108	0.1	1.278159e-07	5.827215e-108	0.1	1.278159e-07	5.827215e-108	0.1	1.278159e-07	0.0003631618	0.1	1.278159e-07	5.827215e-108	0.1	1.278159e-07	0.002462314	0.1	1.278159e-07	0.2433615	0.1	1.278159e-07	0.00219342	0.1	1.278159e-07	0.0007882039	0.1	1.278159e-07	0.07995802	0.1	1.278159e-07	0.0003689477	0.1	1.278159e-07	4.017645e-07	0.1
1.354743e-07	0.3275283	0.1	1.354743e-07	6.026207e-108	0.1	1.354743e-07	6.026207e-108	0.1	1.354743e-07	6.026207e-108	0.1	1.354743e-07	0.0003580488	0.1	1.354743e-07	6.026207e-108	0.1	1.354743e-07	0.002535516	0.1	1.354743e-07	0.2522911	0.1	1.354743e-07	0.002152603	0.1	1.354743e-07	0.0007797802	0.1	1.354743e-07	0.07793054	0.1	1.354743e-07	0.0003668339	0.1	1.354743e-07	3.989276e-07	0.1
1.443238e-07	0.3124153	0.1	1.443238e-07	6.244477e-108	0.1	1.443238e-07	6.244477e-108	0.1	1.443238e-07	6.244477e-108	0.1	1.443238e-07	0.0003517411	0.1	1.443238e-07	6.244477e-108	0.1	1.443238e-07	0.00260561	0.1	1.443238e-07	0.262075	0.1	1.443238e-07	0.002107114	0.1	1.443238e-07	0.0007699183	0.1	1.443238e-07	0.07569464	0.1	1.443238e-07	0.0003638227	0.1	1.443238e-07	3.951704e-07	0.1
1.531734e-07	0.29818	0.1	1.531734e-07	6.451168e-108	0.1	1.531734e-07	6.451168e-108	0.1	1.531734e-07	6.451168e-108	0.1	1.531734e-07	0.0003451467	0.1	1.531734e-07	6.451168e-108	0.1	1.531734e-07	0.002661621	0.1	1.531734e-07	0.2713264	0.1	1.531734e-07	0.002063308	0.1	1.531734e-07	0.000759976	0.1	1.531734e-07	0.07356532	0.1	1.531734e-07	0.0003603733	0.1	1.531734e-07	3.910495e-07	0.1
1.62377e-07	0.2842358	0.1	1.62377e-07	6.654795e-108	0.1	1.62377e-07	6.654795e-108	0.1	1.62377e-07	6.654795e-108	0.1	1.62377e-07	0.0003380819	0.1	1.62377e-07	6.654795e-108	0.1	1.62377e-07	0.002706542	0.1	1.62377e-07	0.2804251	0.1	1.62377e-07	0.002019386	0.1	1.62377e-07	0.0007495765	0.1	1.62377e-07	0.07145566	0.1	1.62377e-07	0.0003564543	0.1	1.62377e-07	3.864906e-07	0.1
1.729966e-07	0.2691508	0.1	1.729966e-07	6.876547e-108	0.1	1.729966e-07	6.876547e-108	0.1	1.729966e-07	6.876547e-108	0.1	1.729966e-07	0.0003297462	0.1	1.729966e-07	6.876547e-108	0.1	1.729966e-07	0.00274355	0.1	1.729966e-07	0.2903118	0.1	1.729966e-07	0.001970577	0.1	1.729966e-07	0.0007375106	0.1	1.729966e-07	0.06914427	0.1	1.729966e-07	0.0003516327	0.1	1.729966e-07	3.809837e-07	0.1
1.836162e-07	0.2550549	0.1	1.836162e-07	7.08533e-108	0.1	1.836162e-07	7.08533e-108	0.1	1.836162e-07	7.08533e-108	0.1	1.836162e-07	0.0003212678	0.1	1.836162e-07	7.08533e-108	0.1	1.836162e-07	0.002766846	0.1	1.836162e-07	0.2995949	0.1	1.836162e-07	0.001923566	0.1	1.836162e-07	0.0007253751	0.1	1.836162e-07	0.06695429	0.1	1.836162e-07	0.0003465819	0.1	1.836162e-07	3.752866e-07	0.1
1.951343e-07	0.2407892	0.1	1.951343e-07	7.298394e-108	0.1	1.951343e-07	7.298394e-108	0.1	1.951343e-07	7.298394e-108	0.1	1.951343e-07	0.0003119551	0.1	1.951343e-07	7.298394e-108	0.1	1.951343e-07	0.002778994	0.1	1.951343e-07	0.3090374	0.1	1.951343e-07	0.001874402	0.1	1.951343e-07	0.000712139	0.1	1.951343e-07	0.0647052	0.1	1.951343e-07	0.0003409191	0.1	1.951343e-07	3.689529e-07	0.1
2.080002e-07	0.2260017	0.1	2.080002e-07	7.521413e-108	0.1	2.080002e-07	7.521413e-108	0.1	2.080002e-07	7.521413e-108	0.1	2.080002e-07	0.000301457	0.1	2.080002e-07	7.521413e-108	0.1	2.080002e-07	0.002779177	0.1	2.080002e-07	0.3188805	0.1	2.080002e-07	0.001821511	0.1	2.080002e-07	0.0006972805	0.1	2.080002e-07	0.06233521	0.1	2.080002e-07	0.0003344339	0.1	2.080002e-07	3.617436e-07	0.1
2.219445e-07	0.2112134	0.1	2.219445e-07	7.746999e-108	0.1	2.219445e-07	7.746999e-108	0.1	2.219445e-07	7.746999e-108	0.1	2.219445e-07	0.0002900246	0.1	2.219445e-07	7.746999e-108	0.1	2.219445e-07	0.002766499	0.1	2.219445e-07	0.3287856	0.1	2.219445e-07	0.001766383	0.1	2.219445e-07	0.0006811271	0.1	2.219445e-07	0.05992112	0.1	2.219445e-07	0.0003272787	0.1	2.219445e-07	3.538257e-07	0.1
2.375068e-07	0.1960781	0.1	2.375068e-07	7.980989e-108	0.1	2.375068e-07	7.980989e-108	0.1	2.375068e-07	7.980989e-108	0.1	2.375068e-07	0.0002772822	0.1	2.375068e-07	7.980989e-108	0.1	2.375068e-07	0.002740019	0.1	2.375068e-07	0.3389933	0.1	2.375068e-07	0.001707344	0.1	2.375068e-07	0.000663108	0.1	2.375068e-07	0.05739899	0.1	2.375068e-07	0.0003192054	0.1	2.375068e-07	3.449237e-07	0.1
2.55755e-07	0.1799689	0.1	2.55755e-07	8.234164e-108	0.1	2.55755e-07	8.234164e-108	0.1	2.55755e-07	8.234164e-108	0.1	2.55755e-07	0.0002624869	0.1	2.55755e-07	8.234164e-108	0.1	2.55755e-07	0.002696649	0.1	2.55755e-07	0.349945	0.1	2.55755e-07	0.001641222	0.1	2.55755e-07	0.0006421062	0.1	2.55755e-07	0.0546493	0.1	2.55755e-07	0.0003097038	0.1	2.55755e-07	3.344794e-07	0.1
2.746748e-07	0.164917	0.1	2.746748e-07	8.475377e-108	0.1	2.746748e-07	8.475377e-108	0.1	2.746748e-07	8.475377e-108	0.1	2.746748e-07	0.00024746	0.1	2.746748e-07	8.475377e-108	0.1	2.746748e-07	0.002641808	0.1	2.746748e-07	0.3602692	0.1	2.746748e-07	0.001575999	0.1	2.746748e-07	0.0006206198	0.1	2.746748e-07	0.05200991	0.1	2.746748e-07	0.0002999001	0.1	2.746748e-07	3.237332e-07	0.1
2.935945e-07	0.1513438	0.1	2.935945e-07	8.697589e-108	0.1	2.935945e-07	8.697589e-108	0.1	2.935945e-07	8.697589e-108	0.1	2.935945e-07	0.000232886	0.1	2.935945e-07	8.697589e-108	0.1	2.935945e-07	0.002580336	0.1	2.935945e-07	0.3696649	0.1	2.935945e-07	0.001513994	0.1	2.935945e-07	0.0005995628	0.1	2.935945e-07	0.04956234	0.1	2.935945e-07	0.0002902232	0.1	2.935945e-07	3.131514e-07	0.1
3.125143e-07	0.1390753	0.1	3.125143e-07	8.903094e-108	0.1	3.125143e-07	8.903094e-108	0.1	3.125143e-07	8.903094e-108	0.1	3.125143e-07	0.0002188703	0.1	3.125143e-07	8.903094e-108	0.1	3.125143e-07	0.002514795	0.1	3.125143e-07	0.3782367	0.1	3.125143e-07	0.001455058	0.1	3.125143e-07	0.0005790453	0.1	3.125143e-07	0.0472863	0.1	3.125143e-07	0.0002807362	0.1	3.125143e-07	3.02799e-07	0.1
3.31434e-07	0.1279626	0.1	3.31434e-07	9.09385e-108	0.1	3.31434e-07	9.09385e-108	0.1	3.31434e-07	9.09385e-108	0.1	3.31434e-07	0.0002054872	0.1	3.31434e-07	9.09385e-108	0.1	3.31434e-07	0.002447067	0.1	3.31434e-07	0.3860746	0.1	3.31434e-07	0.001399051	0.1	3.31434e-07	0.0005591485	0.1	3.31434e-07	0.04516435	0.1	3.31434e-07	0.0002714872	0.1	3.31434e-07	2.927248e-07	0.1
3.503538e-07	0.117877	0.1	3.503538e-07	9.271539e-108	0.1	3.503538e-07	9.271539e-108	0.1	3.503538e-07	9.271539e-108	0.1	3.503538e-07	0.0001927825	0.1	3.503538e-07	9.271539e-108	0.1	3.503538e-07	0.002378515	0.1	3.503538e-07	0.3932566	0.1	3.503538e-07	0.00134584	0.1	3.503538e-07	0.0005399273	0.1	3.503538e-07	0.04318146	0.1	3.503538e-07	0.000262511	0.1	3.503538e-07	2.829633e-07	0.1
3.731308e-07	0.1069411	0.1	3.731308e-07	9.470163e-108	0.1	3.731308e-07	9.470163e-108	0.1	3.731308e-07	9.470163e-108	0.1	3.731308e-07	0.0001784179	0.1	3.731308e-07	9.470163e-108	0.1	3.731308e-07	0.002296265	0.1	3.731308e-07	0.4011282	0.1	3.731308e-07	0.001285297	0.1	3.731308e-07	0.0005177287	0.1	3.731308e-07	0.04096035	0.1	3.731308e-07	0.0002520991	0.1	3.731308e-07	2.716575e-07	0.1
3.959078e-07	0.09716609	0.1	3.959078e-07	9.654112e-108	0.1	3.959078e-07	9.654112e-108	0.1	3.959078e-07	9.654112e-108	0.1	3.959078e-07	0.0001650719	0.1	3.959078e-07	9.654112e-108	0.1	3.959078e-07	0.00221541	0.1	3.959078e-07	0.4082494	0.1	3.959078e-07	0.001228378	0.1	3.959078e-07	0.0004965797	0.1	3.959078e-07	0.03890224	0.1	3.959078e-07	0.000242139	0.1	3.959078e-07	2.608574e-07	0.1
4.186848e-07	0.08840979	0.1	4.186848e-07	9.825224e-108	0.1	4.186848e-07	9.825224e-108	0.1	4.186848e-07	9.825224e-108	0.1	4.186848e-07	0.0001527212	0.1	4.186848e-07	9.825224e-108	0.1	4.186848e-07	0.00213671	0.1	4.186848e-07	0.4147075	0.1	4.186848e-07	0.001174851	0.1	4.186848e-07	0.000476477	0.1	4.186848e-07	0.03699028	0.1	4.186848e-07	0.0002326392	0.1	4.186848e-07	2.505683e-07	0.1
4.414618e-07	0.0805504	0.1	4.414618e-07	9.985063e-108	0.1	4.414618e-07	9.985063e-108	0.1	4.414618e-07	9.985063e-108	0.1	4.414618e-07	0.000141324	0.1	4.414618e-07	9.985063e-108	0.1	4.414618e-07	0.002060632	0.1	4.414618e-07	0.4205778	0.1	4.414618e-07	0.001124496	0.1	4.414618e-07	0.0004573987	0.1	4.414618e-07	0.03521	0.1	4.414618e-07	0.0002235972	0.1	4.414618e-07	2.407844e-07	0.1
4.670085e-07	0.07267327	0.1	4.670085e-07	1.015258e-107	0.1	4.670085e-07	1.015258e-107	0.1	4.670085e-07	1.015258e-107	0.1	4.670085e-07	0.0001296103	0.1	4.670085e-07	1.015258e-107	0.1	4.670085e-07	0.001978747	0.1	4.670085e-07	0.4265425	0.1	4.670085e-07	0.001071527	0.1	4.670085e-07	0.0004371766	0.1	4.670085e-07	0.03335443	0.1	4.670085e-07	0.000213988	0.1	4.670085e-07	2.303955e-07	0.1
4.944017e-07	0.06519047	0.1	4.944017e-07	1.032016e-107	0.1	4.944017e-07	1.032016e-107	0.1	4.944017e-07	1.032016e-107	0.1	4.944017e-07	0.0001182157	0.1	4.944017e-07	1.032016e-107	0.1	4.944017e-07	0.001895169	0.1	4.944017e-07	0.4322967	0.1	4.944017e-07	0.001018541	0.1	4.944017e-07	0.0004168091	0.1	4.944017e-07	0.03151392	0.1	4.944017e-07	0.0002042862	0.1	4.944017e-07	2.199142e-07	0.1
5.21795e-07	0.05857555	0.1	5.21795e-07	1.04769e-107	0.1	5.21795e-07	1.04769e-107	0.1	5.21795e-07	1.04769e-107	0.1	5.21795e-07	0.0001079251	0.1	5.21795e-07	1.04769e-107	0.1	5.21795e-07	0.001815992	0.1	5.21795e-07	0.437468	0.1	5.21795e-07	0.0009691812	0.1	5.21795e-07	0.0003977248	0.1	5.21795e-07	0.029812	0.1	5.21795e-07	0.0001951763	0.1	5.21795e-07	2.100783e-07	0.1
5.491882e-07	0.05271582	0.1	5.491882e-07	1.062424e-107	0.1	5.491882e-07	1.062424e-107	0.1	5.491882e-07	1.062424e-107	0.1	5.491882e-07	9.863614e-05	0.1	5.491882e-07	1.062424e-107	0.1	5.491882e-07	0.001741129	0.1	5.491882e-07	0.4421271	0.1	5.491882e-07	0.0009231499	0.1	5.491882e-07	0.0003798406	0.1	5.491882e-07	0.02823474	0.1	5.491882e-07	0.0001866236	0.1	5.491882e-07	2.008487e-07	0.1
5.765815e-07	0.04751517	0.1	5.765815e-07	1.076337e-107	0.1	5.765815e-07	1.076337e-107	0.1	5.765815e-07	1.076337e-107	0.1	5.765815e-07	9.025133e-05	0.1	5.765815e-07	1.076337e-107	0.1	5.765815e-07	0.001670426	0.1	5.765815e-07	0.4463347	0.1	5.765815e-07	0.0008801737	0.1	5.765815e-07	0.0003630745	0.1	5.765815e-07	0.0267701	0.1	5.765815e-07	0.000178593	0.1	5.765815e-07	1.921858e-07	0.1
6.073479e-07	0.04235822	0.1	6.073479e-07	1.091113e-107	0.1	6.073479e-07	1.091113e-107	0.1	6.073479e-07	1.091113e-107	0.1	6.073479e-07	8.180013e-05	0.1	6.073479e-07	1.091113e-107	0.1	6.073479e-07	0.001595734	0.1	6.073479e-07	0.4505868	0.1	6.073479e-07	0.0008352403	0.1	6.073479e-07	0.0003454794	0.1	6.073479e-07	0.0252464	0.1	6.073479e-07	0.0001701527	0.1	6.073479e-07	1.830841e-07	0.1
6.40363e-07	0.0375209	0.1	6.40363e-07	1.106102e-107	0.1	6.40363e-07	1.106102e-107	0.1	6.40363e-07	1.106102e-107	0.1	6.40363e-07	7.374059e-05	0.1	6.40363e-07	1.106102e-107	0.1	6.40363e-07	0.001520804	0.1	6.40363e-07	0.4546615	0.1	6.40363e-07	0.0007906001	0.1	6.40363e-07	0.0003279367	0.1	6.40363e-07	0.02373995	0.1	6.40363e-07	0.0001617254	0.1	6.40363e-07	1.739989e-07	0.1
6.733782e-07	0.03330368	0.1	6.733782e-07	1.12032e-107	0.1	6.733782e-07	1.12032e-107	0.1	6.733782e-07	1.12032e-107	0.1	6.733782e-07	6.660061e-05	0.1	6.733782e-07	1.12032e-107	0.1	6.733782e-07	0.001450904	0.1	6.733782e-07	0.4582957	0.1	6.733782e-07	0.0007493217	0.1	6.733782e-07	0.0003116624	0.1	6.733782e-07	0.02235319	0.1	6.733782e-07	0.0001538968	0.1	6.733782e-07	1.655611e-07	0.1
7.063934e-07	0.02961925	0.1	7.063934e-07	1.133873e-107	0.1	7.063934e-07	1.133873e-107	0.1	7.063934e-07	1.133873e-107	0.1	7.063934e-07	6.026695e-05	0.1	7.063934e-07	1.133873e-107	0.1	7.063934e-07	0.001385662	0.1	7.063934e-07	0.461546	0.1	7.063934e-07	0.0007110935	0.1	7.063934e-07	0.0002965468	0.1	7.063934e-07	0.02107416	0.1	7.063934e-07	0.0001466164	0.1	7.063934e-07	1.577156e-07	0.1
7.394086e-07	0.02639383	0.1	7.394086e-07	1.146854e-107	0.1	7.394086e-07	1.146854e-107	0.1	7.394086e-07	1.146854e-107	0.1	7.394086e-07	5.464038e-05	0.1	7.394086e-07	1.146854e-107	0.1	7.394086e-07	0.001324719	0.1	7.394086e-07	0.4644605	0.1	7.394086e-07	0.0006756384	0.1	7.394086e-07	0.0002824901	0.1	7.394086e-07	0.01989246	0.1	7.394086e-07	0.0001398381	0.1	7.394086e-07	1.504122e-07	0.1
7.724237e-07	0.02356478	0.1	7.724237e-07	1.159339e-107	0.1	7.724237e-07	1.159339e-107	0.1	7.724237e-07	1.159339e-107	0.1	7.724237e-07	4.963422e-05	0.1	7.724237e-07	1.159339e-107	0.1	7.724237e-07	0.001267743	0.1	7.724237e-07	0.4670803	0.1	7.724237e-07	0.0006427093	0.1	7.724237e-07	0.0002694021	0.1	7.724237e-07	0.01879896	0.1	7.724237e-07	0.0001335198	0.1	7.724237e-07	1.436051e-07	0.1
8.054389e-07	0.02107881	0.1	8.054389e-07	1.171393e-107	0.1	8.054389e-07	1.171393e-107	0.1	8.054389e-07	1.171393e-107	0.1	8.054389e-07	4.517292e-05	0.1	8.054389e-07	1.171393e-107	0.1	8.054389e-07	0.001214425	0.1	8.054389e-07	0.4694409	0.1	8.054389e-07	0.0006120855	0.1	8.054389e-07	0.0002572013	0.1	8.054389e-07	0.0177856	0.1	8.054389e-07	0.0001276233	0.1	8.054389e-07	1.372531e-07	0.1
8.384541e-07	0.01889038	0.1	8.384541e-07	1.183071e-107	0.1	8.384541e-07	1.183071e-107	0.1	8.384541e-07	1.183071e-107	0.1	8.384541e-07	4.119065e-05	0.1	8.384541e-07	1.183071e-107	0.1	8.384541e-07	0.001164478	0.1	8.384541e-07	0.4715728	0.1	8.384541e-07	0.0005835693	0.1	8.384541e-07	0.000245814	0.1	8.384541e-07	0.01684526	0.1	8.384541e-07	0.0001221141	0.1	8.384541e-07	1.313187e-07	0.1
8.714693e-07	0.01696053	0.1	8.714693e-07	1.194423e-107	0.1	8.714693e-07	1.194423e-107	0.1	8.714693e-07	1.194423e-107	0.1	8.714693e-07	3.763005e-05	0.1	8.714693e-07	1.194423e-107	0.1	8.714693e-07	0.001117643	0.1	8.714693e-07	0.4735025	0.1	8.714693e-07	0.0005569835	0.1	8.714693e-07	0.0002351735	0.1	8.714693e-07	0.01597158	0.1	8.714693e-07	0.0001169609	0.1	8.714693e-07	1.25768e-07	0.1
9.044844e-07	0.0152558	0.1	9.044844e-07	1.205487e-107	0.1	9.044844e-07	1.205487e-107	0.1	9.044844e-07	1.205487e-107	0.1	9.044844e-07	3.444114e-05	0.1	9.044844e-07	1.205487e-107	0.1	9.044844e-07	0.001073679	0.1	9.044844e-07	0.4752527	0.1	9.044844e-07	0.0005321685	0.1	9.044844e-07	0.0002252196	0.1	9.044844e-07	0.0151589	0.1	9.044844e-07	0.0001121351	0.1	9.044844e-07	1.205702e-07	0.1
9.374996e-07	0.0137474	0.1	9.374996e-07	1.2163e-107	0.1	9.374996e-07	1.2163e-107	0.1	9.374996e-07	1.2163e-107	0.1	9.374996e-07	3.158033e-05	0.1	9.374996e-07	1.2163e-107	0.1	9.374996e-07	0.00103237	0.1	9.374996e-07	0.4768434	0.1	9.374996e-07	0.0005089804	0.1	9.374996e-07	0.0002158977	0.1	9.374996e-07	0.01440211	0.1	9.374996e-07	0.0001076111	0.1	9.374996e-07	1.156974e-07	0.1
9.705148e-07	0.01241053	0.1	9.705148e-07	1.226893e-107	0.1	9.705148e-07	1.226893e-107	0.1	9.705148e-07	1.226893e-107	0.1	9.705148e-07	2.900956e-05	0.1	9.705148e-07	1.226893e-107	0.1	9.705148e-07	0.0009935139	0.1	9.705148e-07	0.4782921	0.1	9.705148e-07	0.0004872892	0.1	9.705148e-07	0.0002071584	0.1	9.705148e-07	0.01369665	0.1	9.705148e-07	0.0001033654	0.1	9.705148e-07	1.111245e-07	0.1
1.00353e-06	0.01122374	0.1	1.00353e-06	1.23729e-107	0.1	1.00353e-06	1.23729e-107	0.1	1.00353e-06	1.23729e-107	0.1	1.00353e-06	2.669556e-05	0.1	1.00353e-06	1.23729e-107	0.1	1.00353e-06	0.00095693	0.1	1.00353e-06	0.4796141	0.1	1.00353e-06	0.0004669771	0.1	1.00353e-06	0.0001989565	0.1	1.00353e-06	0.01303836	0.1	1.00353e-06	9.937659e-05	0.1	1.00353e-06	1.068284e-07	0.1
1.036545e-06	0.0101685	0.1	1.036545e-06	1.247515e-107	0.1	1.036545e-06	1.247515e-107	0.1	1.036545e-06	1.247515e-107	0.1	1.036545e-06	2.460922e-05	0.1	1.036545e-06	1.247515e-107	0.1	1.036545e-06	0.0009224512	0.1	1.036545e-06	0.4808226	0.1	1.036545e-06	0.0004479373	0.1	1.036545e-06	0.0001912512	0.1	1.036545e-06	0.01242351	0.1	1.036545e-06	9.562542e-05	0.1	1.036545e-06	1.027882e-07	0.1
