Batch	m_SP	13	W5	W1	W2	W3	W4	W6	R	P1	P2	P3	P4	P5	P6																							
4.282785e-09	0.9890597	0.1	4.282785e-09	4.247727e-109	0.1	4.282785e-09	4.247727e-109	0.1	4.282785e-09	7.23772e-06	0.1	4.282785e-09	4.247727e-109	0.1	4.282785e-09	2.270662e-05	0.1	4.282785e-09	0.0005197375	0.1	4.282785e-09	0.001671052	0.1	4.282785e-09	0.002583701	0.1	4.282785e-09	0.0005545568	0.1	4.282785e-09	3.615692e-07	0.1	4.282785e-09	0.0001257585	0.1	4.282785e-09	1.526083e-10	0.1
6.298381e-09	0.9839804	0.1	6.298381e-09	6.222869e-109	0.1	6.298381e-09	6.222869e-109	0.1	6.298381e-09	1.063568e-05	0.1	6.298381e-09	6.222869e-109	0.1	6.298381e-09	3.2802e-05	0.1	6.298381e-09	0.0007639649	0.1	6.298381e-09	0.00246453	0.1	6.298381e-09	0.003765517	0.1	6.298381e-09	0.0008092319	0.1	6.298381e-09	5.600318e-07	0.1	6.298381e-09	0.0001842749	0.1	6.298381e-09	3.476011e-10	0.1
8.645147e-09	0.9781266	0.1	8.645147e-09	8.503579e-109	0.1	8.645147e-09	8.503579e-109	0.1	8.645147e-09	1.460753e-05	0.1	8.645147e-09	8.503579e-109	0.1	8.645147e-09	4.410719e-05	0.1	8.645147e-09	0.00104961	0.1	8.645147e-09	0.003403872	0.1	8.645147e-09	0.005102389	0.1	8.645147e-09	0.001098761	0.1	8.645147e-09	8.315252e-07	0.1	8.645147e-09	0.000251887	0.1	8.645147e-09	7.474548e-10	0.1
1.148867e-08	0.9711243	0.1	1.148867e-08	1.12402e-108	0.1	1.148867e-08	1.12402e-108	0.1	1.148867e-08	1.946633e-05	0.1	1.148867e-08	1.12402e-108	0.1	1.148867e-08	5.718942e-05	0.1	1.148867e-08	0.001399261	0.1	1.148867e-08	0.004574765	0.1	1.148867e-08	0.006653749	0.1	1.148867e-08	0.00143747	0.1	1.148867e-08	1.237406e-06	0.1	1.148867e-08	0.0003330547	0.1	1.148867e-08	1.554998e-09	0.1
1.433219e-08	0.9642252	0.1	1.433219e-08	1.394798e-108	0.1	1.433219e-08	1.394798e-108	0.1	1.433219e-08	2.440056e-05	0.1	1.433219e-08	1.394798e-108	0.1	1.433219e-08	6.963234e-05	0.1	1.433219e-08	0.00175453	0.1	1.433219e-08	0.005792295	0.1	1.433219e-08	0.008117702	0.1	1.433219e-08	0.001760772	0.1	1.433219e-08	1.747013e-06	0.1	1.433219e-08	0.0004133393	0.1	1.433219e-08	2.787641e-09	0.1
1.717571e-08	0.9574323	0.1	1.717571e-08	1.662756e-108	0.1	1.717571e-08	1.662756e-108	0.1	1.717571e-08	2.943132e-05	0.1	1.717571e-08	1.662756e-108	0.1	1.717571e-08	8.147106e-05	0.1	1.717571e-08	0.002116865	0.1	1.717571e-08	0.007065521	0.1	1.717571e-08	0.009484176	0.1	1.717571e-08	0.002066819	0.1	1.717571e-08	2.376774e-06	0.1	1.717571e-08	0.0004926292	0.1	1.717571e-08	4.496908e-09	0.1
2.001923e-08	0.9507473	0.1	2.001923e-08	1.927959e-108	0.1	2.001923e-08	1.927959e-108	0.1	2.001923e-08	3.457402e-05	0.1	2.001923e-08	1.927959e-108	0.1	2.001923e-08	9.273774e-05	0.1	2.001923e-08	0.002487271	0.1	2.001923e-08	0.00840091	0.1	2.001923e-08	0.01074638	0.1	2.001923e-08	0.002354234	0.1	2.001923e-08	3.138532e-06	0.1	2.001923e-08	0.0005707598	0.1	2.001923e-08	6.708906e-09	0.1
2.286275e-08	0.9441705	0.1	2.286275e-08	2.190471e-108	0.1	2.286275e-08	2.190471e-108	0.1	2.286275e-08	3.98385e-05	0.1	2.286275e-08	2.190471e-108	0.1	2.286275e-08	0.0001034618	0.1	2.286275e-08	0.002866324	0.1	2.286275e-08	0.009802401	0.1	2.286275e-08	0.01190067	0.1	2.286275e-08	0.002622109	0.1	2.286275e-08	4.03966e-06	0.1	2.286275e-08	0.0006475235	0.1	2.286275e-08	9.425828e-09	0.1
2.570627e-08	0.9377013	0.1	2.570627e-08	2.450355e-108	0.1	2.570627e-08	2.450355e-108	0.1	2.570627e-08	4.522944e-05	0.1	2.570627e-08	2.450355e-108	0.1	2.570627e-08	0.00011367	0.1	2.570627e-08	0.003254196	0.1	2.570627e-08	0.01127161	0.1	2.570627e-08	0.01294631	0.1	2.570627e-08	0.002869981	0.1	2.570627e-08	5.083403e-06	0.1	2.570627e-08	0.0007226829	0.1	2.570627e-08	1.262891e-08	0.1
2.891811e-08	0.9305214	0.1	2.891811e-08	2.740816e-108	0.1	2.891811e-08	2.740816e-108	0.1	2.891811e-08	5.147084e-05	0.1	2.891811e-08	2.740816e-108	0.1	2.891811e-08	0.0001246106	0.1	2.891811e-08	0.003702666	0.1	2.891811e-08	0.01301199	0.1	2.891811e-08	0.01399897	0.1	2.891811e-08	0.003125845	0.1	2.891811e-08	6.433263e-06	0.1	2.891811e-08	0.000805332	0.1	2.891811e-08	1.678609e-08	0.1
3.237548e-08	0.9229394	0.1	3.237548e-08	3.049917e-108	0.1	3.237548e-08	3.049917e-108	0.1	3.237548e-08	5.836357e-05	0.1	3.237548e-08	3.049917e-108	0.1	3.237548e-08	0.0001357234	0.1	3.237548e-08	0.004196881	0.1	3.237548e-08	0.01497773	0.1	3.237548e-08	0.01498612	0.1	3.237548e-08	0.003373203	0.1	3.237548e-08	8.083106e-06	0.1	3.237548e-08	0.0008912413	0.1	3.237548e-08	2.182139e-08	0.1
3.583286e-08	0.915504	0.1	3.583286e-08	3.355418e-108	0.1	3.583286e-08	3.355418e-108	0.1	3.583286e-08	6.54244e-05	0.1	3.583286e-08	3.355418e-108	0.1	3.583286e-08	0.000146183	0.1	3.583286e-08	0.004701609	0.1	3.583286e-08	0.01703278	0.1	3.583286e-08	0.01583168	0.1	3.583286e-08	0.003592597	0.1	3.583286e-08	9.926032e-06	0.1	3.583286e-08	0.0009735765	0.1	3.583286e-08	2.733522e-08	0.1
3.929024e-08	0.9082088	0.1	3.929024e-08	3.657408e-108	0.1	3.929024e-08	3.657408e-108	0.1	3.929024e-08	7.263644e-05	0.1	3.929024e-08	3.657408e-108	0.1	3.929024e-08	0.0001560222	0.1	3.929024e-08	0.005215104	0.1	3.929024e-08	0.01916884	0.1	3.929024e-08	0.01654771	0.1	3.929024e-08	0.003785635	0.1	3.929024e-08	1.194752e-05	0.1	3.929024e-08	0.001051986	0.1	3.929024e-08	3.321569e-08	0.1
4.274761e-08	0.9010471	0.1	4.274761e-08	3.955974e-108	0.1	4.274761e-08	3.955974e-108	0.1	4.274761e-08	7.998038e-05	0.1	4.274761e-08	3.955974e-108	0.1	4.274761e-08	0.0001652716	0.1	4.274761e-08	0.005735402	0.1	4.274761e-08	0.02137655	0.1	4.274761e-08	0.01714725	0.1	4.274761e-08	0.003954231	0.1	4.274761e-08	1.41311e-05	0.1	4.274761e-08	0.001126199	0.1	4.274761e-08	3.935175e-08	0.1
4.620499e-08	0.894012	0.1	4.620499e-08	4.251194e-108	0.1	4.620499e-08	4.251194e-108	0.1	4.620499e-08	8.743588e-05	0.1	4.620499e-08	4.251194e-108	0.1	4.620499e-08	0.0001739594	0.1	4.620499e-08	0.006260443	0.1	4.620499e-08	0.02364624	0.1	4.620499e-08	0.01764359	0.1	4.620499e-08	0.00410047	0.1	4.620499e-08	1.645947e-05	0.1	4.620499e-08	0.00119603	0.1	4.620499e-08	4.56392e-08	0.1
4.966237e-08	0.8870969	0.1	4.966237e-08	4.54314e-108	0.1	4.966237e-08	4.54314e-108	0.1	4.966237e-08	9.498275e-05	0.1	4.966237e-08	4.54314e-108	0.1	4.966237e-08	0.0001821124	0.1	4.966237e-08	0.006788161	0.1	4.966237e-08	0.02596833	0.1	4.966237e-08	0.01804967	0.1	4.966237e-08	0.004226503	0.1	4.966237e-08	1.891546e-05	0.1	4.966237e-08	0.001261381	0.1	4.966237e-08	5.198452e-08	0.1
5.311974e-08	0.8802953	0.1	5.311974e-08	4.831881e-108	0.1	5.311974e-08	4.831881e-108	0.1	5.311974e-08	0.0001026017	0.1	5.311974e-08	4.831881e-108	0.1	5.311974e-08	0.0001897557	0.1	5.311974e-08	0.007316555	0.1	5.311974e-08	0.02833374	0.1	5.311974e-08	0.01837765	0.1	5.311974e-08	0.00433446	0.1	5.311974e-08	2.14826e-05	0.1	5.311974e-08	0.001322232	0.1	5.311974e-08	5.8307e-08	0.1
5.657712e-08	0.8736014	0.1	5.657712e-08	5.11748e-108	0.1	5.657712e-08	5.11748e-108	0.1	5.657712e-08	0.0001102747	0.1	5.657712e-08	5.11748e-108	0.1	5.657712e-08	0.0001969135	0.1	5.657712e-08	0.007843732	0.1	5.657712e-08	0.03073407	0.1	5.657712e-08	0.01863867	0.1	5.657712e-08	0.004426386	0.1	5.657712e-08	2.414554e-05	0.1	5.657712e-08	0.001378636	0.1	5.657712e-08	6.453942e-08	0.1
6.00345e-08	0.8670098	0.1	6.00345e-08	5.399997e-108	0.1	6.00345e-08	5.399997e-108	0.1	6.00345e-08	0.0001179857	0.1	6.00345e-08	5.399997e-108	0.1	6.00345e-08	0.000203609	0.1	6.00345e-08	0.008367944	0.1	6.00345e-08	0.03316173	0.1	6.00345e-08	0.01884276	0.1	6.00345e-08	0.004504207	0.1	6.00345e-08	2.689031e-05	0.1	6.00345e-08	0.001430701	0.1	6.00345e-08	7.062774e-08	0.1
6.41997e-08	0.8591976	0.1	6.41997e-08	5.736343e-108	0.1	6.41997e-08	5.736343e-108	0.1	6.41997e-08	0.0001273053	0.1	6.41997e-08	5.736343e-108	0.1	6.41997e-08	0.0002110925	0.1	6.41997e-08	0.008993293	0.1	6.41997e-08	0.0361132	0.1	6.41997e-08	0.01902552	0.1	6.41997e-08	0.004581732	0.1	6.41997e-08	3.028806e-05	0.1	6.41997e-08	0.001487883	0.1	6.41997e-08	7.771274e-08	0.1
6.836491e-08	0.8515191	0.1	6.836491e-08	6.068393e-108	0.1	6.836491e-08	6.068393e-108	0.1	6.836491e-08	0.0001366373	0.1	6.836491e-08	6.068393e-108	0.1	6.836491e-08	0.0002179744	0.1	6.836491e-08	0.009609566	0.1	6.836491e-08	0.03908445	0.1	6.836491e-08	0.01915182	0.1	6.836491e-08	0.004644141	0.1	6.836491e-08	3.376744e-05	0.1	6.836491e-08	0.001539328	0.1	6.836491e-08	8.447636e-08	0.1
7.343301e-08	0.8423466	0.1	7.343301e-08	6.466756e-108	0.1	7.343301e-08	6.466756e-108	0.1	7.343301e-08	0.000147983	0.1	7.343301e-08	6.466756e-108	0.1	7.343301e-08	0.0002255878	0.1	7.343301e-08	0.01034414	0.1	7.343301e-08	0.04271429	0.1	7.343301e-08	0.01924535	0.1	7.343301e-08	0.004703203	0.1	7.343301e-08	3.8088e-05	0.1	7.343301e-08	0.001594734	0.1	7.343301e-08	9.222631e-08	0.1
7.919747e-08	0.8321291	0.1	7.919747e-08	6.91248e-108	0.1	7.919747e-08	6.91248e-108	0.1	7.919747e-08	0.0001608442	0.1	7.919747e-08	6.91248e-108	0.1	7.919747e-08	0.0002333056	0.1	7.919747e-08	0.01115548	0.1	7.919747e-08	0.04684773	0.1	7.919747e-08	0.01929063	0.1	7.919747e-08	0.004752295	0.1	7.919747e-08	4.309018e-05	0.1	7.919747e-08	0.001649032	0.1	7.919747e-08	1.003688e-07	0.1
8.542618e-08	0.8213319	0.1	8.542618e-08	7.385516e-108	0.1	8.542618e-08	7.385516e-108	0.1	8.542618e-08	0.0001746573	0.1	8.542618e-08	7.385516e-108	0.1	8.542618e-08	0.0002406112	0.1	8.542618e-08	0.01199922	0.1	8.542618e-08	0.05130473	0.1	8.542618e-08	0.01928667	0.1	8.542618e-08	0.004788627	0.1	8.542618e-08	4.85705e-05	0.1	8.542618e-08	0.001698461	0.1	8.542618e-08	1.0836e-07	0.1
9.165488e-08	0.8107741	0.1	9.165488e-08	7.849889e-108	0.1	9.165488e-08	7.849889e-108	0.1	9.165488e-08	0.0001883577	0.1	9.165488e-08	7.849889e-108	0.1	9.165488e-08	0.0002469392	0.1	9.165488e-08	0.01280542	0.1	9.165488e-08	0.05573979	0.1	9.165488e-08	0.01924443	0.1	9.165488e-08	0.004811898	0.1	9.165488e-08	5.410397e-05	0.1	9.165488e-08	0.001739558	0.1	9.165488e-08	1.155434e-07	0.1
9.788359e-08	0.800444	0.1	9.788359e-08	8.305846e-108	0.1	9.788359e-08	8.305846e-108	0.1	9.788359e-08	0.0002019272	0.1	9.788359e-08	8.305846e-108	0.1	9.788359e-08	0.0002523806	0.1	9.788359e-08	0.01357171	0.1	9.788359e-08	0.06014409	0.1	9.788359e-08	0.01917623	0.1	9.788359e-08	0.004825489	0.1	9.788359e-08	5.967171e-05	0.1	9.788359e-08	0.001773518	0.1	9.788359e-08	1.219719e-07	0.1
1.041123e-07	0.790332	0.1	1.041123e-07	8.753626e-108	0.1	1.041123e-07	8.753626e-108	0.1	1.041123e-07	0.000215354	0.1	1.041123e-07	8.753626e-108	0.1	1.041123e-07	0.0002570196	0.1	1.041123e-07	0.0142966	0.1	1.041123e-07	0.06451168	0.1	1.041123e-07	0.01909079	0.1	1.041123e-07	0.004831945	0.1	1.041123e-07	6.526005e-05	0.1	1.041123e-07	0.001801405	0.1	1.041123e-07	1.277091e-07	0.1
1.10341e-07	0.7804294	0.1	1.10341e-07	9.193458e-108	0.1	1.10341e-07	9.193458e-108	0.1	1.10341e-07	0.0002286307	0.1	1.10341e-07	9.193458e-108	0.1	1.10341e-07	0.0002609329	0.1	1.10341e-07	0.01497933	0.1	1.10341e-07	0.06883864	0.1	1.10341e-07	0.01899423	0.1	1.10341e-07	0.004833158	0.1	1.10341e-07	7.08591e-05	0.1	1.10341e-07	0.001824152	0.1	1.10341e-07	1.328222e-07	0.1
1.165697e-07	0.7707287	0.1	1.165697e-07	9.625564e-108	0.1	1.165697e-07	9.625564e-108	0.1	1.165697e-07	0.0002417531	0.1	1.165697e-07	9.625564e-108	0.1	1.165697e-07	0.0002641909	0.1	1.165697e-07	0.0156197	0.1	1.165697e-07	0.07312253	0.1	1.165697e-07	0.01889076	0.1	1.165697e-07	0.004830519	0.1	1.165697e-07	7.64617e-05	0.1	1.165697e-07	0.001842557	0.1	1.165697e-07	1.373773e-07	0.1
1.227984e-07	0.7612229	0.1	1.227984e-07	1.005016e-107	0.1	1.227984e-07	1.005016e-107	0.1	1.227984e-07	0.000254719	0.1	1.227984e-07	1.005016e-107	0.1	1.227984e-07	0.000266858	0.1	1.227984e-07	0.016218	0.1	1.227984e-07	0.07736195	0.1	1.227984e-07	0.01878325	0.1	1.227984e-07	0.004825038	0.1	1.227984e-07	8.206259e-05	0.1	1.227984e-07	0.001857302	0.1	1.227984e-07	1.414361e-07	0.1
1.290271e-07	0.7519057	0.1	1.290271e-07	1.046744e-107	0.1	1.290271e-07	1.046744e-107	0.1	1.290271e-07	0.0002675279	0.1	1.290271e-07	1.046744e-107	0.1	1.290271e-07	0.0002689926	0.1	1.290271e-07	0.01677489	0.1	1.290271e-07	0.08155618	0.1	1.290271e-07	0.01867361	0.1	1.290271e-07	0.004817441	0.1	1.290271e-07	8.765785e-05	0.1	1.290271e-07	0.00186896	0.1	1.290271e-07	1.450551e-07	0.1
1.360295e-07	0.7416489	0.1	1.360295e-07	1.092808e-107	0.1	1.360295e-07	1.092808e-107	0.1	1.360295e-07	0.0002817409	0.1	1.360295e-07	1.092808e-107	0.1	1.360295e-07	0.0002708224	0.1	1.360295e-07	0.0173527	0.1	1.360295e-07	0.08621716	0.1	1.360295e-07	0.01854935	0.1	1.360295e-07	0.004807006	0.1	1.360295e-07	9.393765e-05	0.1	1.360295e-07	0.001878972	0.1	1.360295e-07	1.486609e-07	0.1
1.435478e-07	0.7308845	0.1	1.435478e-07	1.141295e-107	0.1	1.435478e-07	1.141295e-107	0.1	1.435478e-07	0.0002967817	0.1	1.435478e-07	1.141295e-107	0.1	1.435478e-07	0.0002721902	0.1	1.435478e-07	0.01791807	0.1	1.435478e-07	0.09115769	0.1	1.435478e-07	0.01841591	0.1	1.435478e-07	0.004794109	0.1	1.435478e-07	0.0001006639	0.1	1.435478e-07	0.001886689	0.1	1.435478e-07	1.520552e-07	0.1
1.51066e-07	0.7203676	0.1	1.51066e-07	1.188809e-107	0.1	1.51066e-07	1.188809e-107	0.1	1.51066e-07	0.0003115978	0.1	1.51066e-07	1.188809e-107	0.1	1.51066e-07	0.0002730134	0.1	1.51066e-07	0.0184289	0.1	1.51066e-07	0.09603263	0.1	1.51066e-07	0.01828317	0.1	1.51066e-07	0.004779844	0.1	1.51066e-07	0.0001073701	0.1	1.51066e-07	0.00189181	0.1	1.51066e-07	1.550195e-07	0.1
1.592067e-07	0.7092492	0.1	1.592067e-07	1.239195e-107	0.1	1.592067e-07	1.239195e-107	0.1	1.592067e-07	0.00032739	0.1	1.592067e-07	1.239195e-107	0.1	1.592067e-07	0.0002733681	0.1	1.592067e-07	0.0189236	0.1	1.592067e-07	0.101238	0.1	1.592067e-07	0.01814061	0.1	1.592067e-07	0.004763134	0.1	1.592067e-07	0.0001146052	0.1	1.592067e-07	0.00189494	0.1	1.592067e-07	1.578076e-07	0.1
1.682809e-07	0.6971726	0.1	1.682809e-07	1.294102e-107	0.1	1.682809e-07	1.294102e-107	0.1	1.682809e-07	0.0003446897	0.1	1.682809e-07	1.294102e-107	0.1	1.682809e-07	0.0002731948	0.1	1.682809e-07	0.01940776	0.1	1.682809e-07	0.1069518	0.1	1.682809e-07	0.01798328	0.1	1.682809e-07	0.004743167	0.1	1.682809e-07	0.0001226336	0.1	1.682809e-07	0.001895994	0.1	1.682809e-07	1.604673e-07	0.1
1.773551e-07	0.6854166	0.1	1.773551e-07	1.34773e-107	0.1	1.773551e-07	1.34773e-107	0.1	1.773551e-07	0.0003616735	0.1	1.773551e-07	1.34773e-107	0.1	1.773551e-07	0.000272509	0.1	1.773551e-07	0.01982595	0.1	1.773551e-07	0.1125735	0.1	1.773551e-07	0.01782752	0.1	1.773551e-07	0.004721913	0.1	1.773551e-07	0.000130619	0.1	1.773551e-07	0.001894936	0.1	1.773551e-07	1.627165e-07	0.1
1.875653e-07	0.6725556	0.1	1.875653e-07	1.406599e-107	0.1	1.875653e-07	1.406599e-107	0.1	1.875653e-07	0.0003804102	0.1	1.875653e-07	1.406599e-107	0.1	1.875653e-07	0.0002712215	0.1	1.875653e-07	0.02022403	0.1	1.875653e-07	0.1187905	0.1	1.875653e-07	0.01765393	0.1	1.875653e-07	0.004696539	0.1	1.875653e-07	0.0001395467	0.1	1.875653e-07	0.001891669	0.1	1.875653e-07	1.648208e-07	0.1
1.985329e-07	0.6591534	0.1	1.985329e-07	1.468166e-107	0.1	1.985329e-07	1.468166e-107	0.1	1.985329e-07	0.0004001014	0.1	1.985329e-07	1.468166e-107	0.1	1.985329e-07	0.0002693342	0.1	1.985329e-07	0.02057407	0.1	1.985329e-07	0.1253424	0.1	1.985329e-07	0.01746912	0.1	1.985329e-07	0.004667622	0.1	1.985329e-07	0.0001490619	0.1	1.985329e-07	0.001886134	0.1	1.985329e-07	1.666427e-07	0.1
2.095004e-07	0.6461582	0.1	2.095004e-07	1.528073e-107	0.1	2.095004e-07	1.528073e-107	0.1	2.095004e-07	0.0004193469	0.1	2.095004e-07	1.528073e-107	0.1	2.095004e-07	0.0002670213	0.1	2.095004e-07	0.02085209	0.1	2.095004e-07	0.1317654	0.1	2.095004e-07	0.01728571	0.1	2.095004e-07	0.00463704	0.1	2.095004e-07	0.0001584921	0.1	2.095004e-07	0.001878855	0.1	2.095004e-07	1.680673e-07	0.1
2.227632e-07	0.6309591	0.1	2.227632e-07	1.598394e-107	0.1	2.227632e-07	1.598394e-107	0.1	2.227632e-07	0.0004420315	0.1	2.227632e-07	1.598394e-107	0.1	2.227632e-07	0.000263774	0.1	2.227632e-07	0.02110354	0.1	2.227632e-07	0.1393625	0.1	2.227632e-07	0.0170655	0.1	2.227632e-07	0.004597942	0.1	2.227632e-07	0.0001697716	0.1	2.227632e-07	0.001868115	0.1	2.227632e-07	1.693264e-07	0.1
2.360259e-07	0.6162938	0.1	2.360259e-07	1.666497e-107	0.1	2.360259e-07	1.666497e-107	0.1	2.360259e-07	0.0004640797	0.1	2.360259e-07	1.666497e-107	0.1	2.360259e-07	0.0002601464	0.1	2.360259e-07	0.02127449	0.1	2.360259e-07	0.1467763	0.1	2.360259e-07	0.01684683	0.1	2.360259e-07	0.004556691	0.1	2.360259e-07	0.0001809039	0.1	2.360259e-07	0.00185561	0.1	2.360259e-07	1.70142e-07	0.1
2.503787e-07	0.6009901	0.1	2.503787e-07	1.737815e-107	0.1	2.503787e-07	1.737815e-107	0.1	2.503787e-07	0.0004872332	0.1	2.503787e-07	1.737815e-107	0.1	2.503787e-07	0.0002559042	0.1	2.503787e-07	0.02138236	0.1	2.503787e-07	0.1545959	0.1	2.503787e-07	0.01661188	0.1	2.503787e-07	0.00450988	0.1	2.503787e-07	0.0001927729	0.1	2.503787e-07	0.00184043	0.1	2.503787e-07	1.70591e-07	0.1
2.663666e-07	0.5845953	0.1	2.663666e-07	1.814485e-107	0.1	2.663666e-07	1.814485e-107	0.1	2.663666e-07	0.000512173	0.1	2.663666e-07	1.814485e-107	0.1	2.663666e-07	0.0002509073	0.1	2.663666e-07	0.02142371	0.1	2.663666e-07	0.1630614	0.1	2.663666e-07	0.01635241	0.1	2.663666e-07	0.004455462	0.1	2.663666e-07	0.000205762	0.1	2.663666e-07	0.001821871	0.1	2.663666e-07	1.706342e-07	0.1
2.823545e-07	0.5688454	0.1	2.823545e-07	1.888382e-107	0.1	2.823545e-07	1.888382e-107	0.1	2.823545e-07	0.0005362325	0.1	2.823545e-07	1.888382e-107	0.1	2.823545e-07	0.0002457258	0.1	2.823545e-07	0.02139706	0.1	2.823545e-07	0.171274	0.1	2.823545e-07	0.01609559	0.1	2.823545e-07	0.004399102	0.1	2.823545e-07	0.0002184943	0.1	2.823545e-07	0.001801915	0.1	2.823545e-07	1.702676e-07	0.1
3.016759e-07	0.5506157	0.1	3.016759e-07	1.974188e-107	0.1	3.016759e-07	1.974188e-107	0.1	3.016759e-07	0.0005641611	0.1	3.016759e-07	1.974188e-107	0.1	3.016759e-07	0.0002393313	0.1	3.016759e-07	0.02129282	0.1	3.016759e-07	0.1808691	0.1	3.016759e-07	0.01578933	0.1	3.016759e-07	0.004329064	0.1	3.016759e-07	0.0002335249	0.1	3.016759e-07	0.001776363	0.1	3.016759e-07	1.693702e-07	0.1
3.209972e-07	0.5332067	0.1	3.209972e-07	2.056381e-107	0.1	3.209972e-07	2.056381e-107	0.1	3.209972e-07	0.0005908691	0.1	3.209972e-07	2.056381e-107	0.1	3.209972e-07	0.0002328901	0.1	3.209972e-07	0.02112762	0.1	3.209972e-07	0.1901133	0.1	3.209972e-07	0.01548821	0.1	3.209972e-07	0.004257637	0.1	3.209972e-07	0.0002481552	0.1	3.209972e-07	0.001749663	0.1	3.209972e-07	1.680693e-07	0.1
3.443566e-07	0.513175	0.1	3.443566e-07	2.151228e-107	0.1	3.443566e-07	2.151228e-107	0.1	3.443566e-07	0.0006215862	0.1	3.443566e-07	2.151228e-107	0.1	3.443566e-07	0.0002251464	0.1	3.443566e-07	0.02086812	0.1	3.443566e-07	0.2008369	0.1	3.443566e-07	0.0151319	0.1	3.443566e-07	0.004170382	0.1	3.443566e-07	0.0002653009	0.1	3.443566e-07	0.001716385	0.1	3.443566e-07	1.660794e-07	0.1
3.677159e-07	0.494172	0.1	3.677159e-07	2.241444e-107	0.1	3.677159e-07	2.241444e-107	0.1	3.677159e-07	0.000650652	0.1	3.677159e-07	2.241444e-107	0.1	3.677159e-07	0.0002175347	0.1	3.677159e-07	0.02056259	0.1	3.677159e-07	0.2110848	0.1	3.677159e-07	0.01478486	0.1	3.677159e-07	0.004083059	0.1	3.677159e-07	0.0002818523	0.1	3.677159e-07	0.001682521	0.1	3.677159e-07	1.637502e-07	0.1
3.910753e-07	0.4761199	0.1	3.910753e-07	2.327339e-107	0.1	3.910753e-07	2.327339e-107	0.1	3.910753e-07	0.0006781436	0.1	3.910753e-07	2.327339e-107	0.1	3.910753e-07	0.0002101131	0.1	3.910753e-07	0.02022662	0.1	3.910753e-07	0.2208787	0.1	3.910753e-07	0.01444768	0.1	3.910753e-07	0.00399643	0.1	3.910753e-07	0.0002978158	0.1	3.910753e-07	0.001648494	0.1	3.910753e-07	1.611833e-07	0.1
4.144346e-07	0.4589496	0.1	4.144346e-07	2.409193e-107	0.1	4.144346e-07	2.409193e-107	0.1	4.144346e-07	0.0007041386	0.1	4.144346e-07	2.409193e-107	0.1	4.144346e-07	0.0002029169	0.1	4.144346e-07	0.01987171	0.1	4.144346e-07	0.2302402	0.1	4.144346e-07	0.01412072	0.1	4.144346e-07	0.00391106	0.1	4.144346e-07	0.0003132034	0.1	4.144346e-07	0.001614628	0.1	4.144346e-07	1.584583e-07	0.1
4.377939e-07	0.4425995	0.1	4.377939e-07	2.487266e-107	0.1	4.377939e-07	2.487266e-107	0.1	4.377939e-07	0.0007287142	0.1	4.377939e-07	2.487266e-107	0.1	4.377939e-07	0.0001959657	0.1	4.377939e-07	0.01950627	0.1	4.377939e-07	0.2391908	0.1	4.377939e-07	0.0138041	0.1	4.377939e-07	0.003827354	0.1	4.377939e-07	0.0003280307	0.1	4.377939e-07	0.001581164	0.1	4.377939e-07	1.556375e-07	0.1
4.611533e-07	0.4270143	0.1	4.611533e-07	2.561794e-107	0.1	4.611533e-07	2.561794e-107	0.1	4.611533e-07	0.0007519456	0.1	4.611533e-07	2.561794e-107	0.1	4.611533e-07	0.0001892685	0.1	4.611533e-07	0.01913644	0.1	4.611533e-07	0.2477517	0.1	4.611533e-07	0.01349779	0.1	4.611533e-07	0.003745587	0.1	4.611533e-07	0.0003423159	0.1	4.611533e-07	0.001548275	0.1	4.611533e-07	1.52768e-07	0.1
4.845126e-07	0.412144	0.1	4.845126e-07	2.632994e-107	0.1	4.845126e-07	2.632994e-107	0.1	4.845126e-07	0.0007739053	0.1	4.845126e-07	2.632994e-107	0.1	4.845126e-07	0.0001828273	0.1	4.845126e-07	0.01876661	0.1	4.845126e-07	0.2559431	0.1	4.845126e-07	0.01320166	0.1	4.845126e-07	0.003665933	0.1	4.845126e-07	0.0003560786	0.1	4.845126e-07	0.001516081	0.1	4.845126e-07	1.498856e-07	0.1
5.08819e-07	0.3973813	0.1	5.08819e-07	2.703762e-107	0.1	5.08819e-07	2.703762e-107	0.1	5.08819e-07	0.0007954801	0.1	5.08819e-07	2.703762e-107	0.1	5.08819e-07	0.0001763935	0.1	5.08819e-07	0.01838516	0.1	5.08819e-07	0.2640954	0.1	5.08819e-07	0.01290405	0.1	5.08819e-07	0.003585401	0.1	5.08819e-07	0.0003698664	0.1	5.08819e-07	0.001483406	0.1	5.08819e-07	1.469008e-07	0.1
5.369134e-07	0.3811608	0.1	5.369134e-07	2.781611e-107	0.1	5.369134e-07	2.781611e-107	0.1	5.369134e-07	0.0008188932	0.1	5.369134e-07	2.781611e-107	0.1	5.369134e-07	0.0001692893	0.1	5.369134e-07	0.01795166	0.1	5.369134e-07	0.2730734	0.1	5.369134e-07	0.01257303	0.1	5.369134e-07	0.003495367	0.1	5.369134e-07	0.0003851556	0.1	5.369134e-07	0.001446754	0.1	5.369134e-07	1.434964e-07	0.1
5.650078e-07	0.3657824	0.1	5.650078e-07	2.855505e-107	0.1	5.650078e-07	2.855505e-107	0.1	5.650078e-07	0.0008407752	0.1	5.650078e-07	2.855505e-107	0.1	5.650078e-07	0.000162528	0.1	5.650078e-07	0.01752841	0.1	5.650078e-07	0.2816035	0.1	5.650078e-07	0.01225535	0.1	5.650078e-07	0.0034086	0.1	5.650078e-07	0.0003997841	0.1	5.650078e-07	0.001411335	0.1	5.650078e-07	1.401621e-07	0.1
5.931022e-07	0.3511878	0.1	5.931022e-07	2.925713e-107	0.1	5.931022e-07	2.925713e-107	0.1	5.931022e-07	0.0008612271	0.1	5.931022e-07	2.925713e-107	0.1	5.931022e-07	0.0001560937	0.1	5.931022e-07	0.01711689	0.1	5.931022e-07	0.289714	0.1	5.931022e-07	0.0119504	0.1	5.931022e-07	0.003325045	0.1	5.931022e-07	0.0004137859	0.1	5.931022e-07	0.001377157	0.1	5.931022e-07	1.369123e-07	0.1
6.235822e-07	0.3361787	0.1	6.235822e-07	2.997997e-107	0.1	6.235822e-07	2.997997e-107	0.1	6.235822e-07	0.000881907	0.1	6.235822e-07	2.997997e-107	0.1	6.235822e-07	0.0001494631	0.1	6.235822e-07	0.01668461	0.1	6.235822e-07	0.2980694	0.1	6.235822e-07	0.0116332	0.1	6.235822e-07	0.003237922	0.1	6.235822e-07	0.0004283055	0.1	6.235822e-07	0.00134146	0.1	6.235822e-07	1.334918e-07	0.1
6.576405e-07	0.3203498	0.1	6.576405e-07	3.074322e-107	0.1	6.576405e-07	3.074322e-107	0.1	6.576405e-07	0.0009032895	0.1	6.576405e-07	3.074322e-107	0.1	6.576405e-07	0.0001424596	0.1	6.576405e-07	0.0162195	0.1	6.576405e-07	0.3068963	0.1	6.576405e-07	0.01129461	0.1	6.576405e-07	0.003144738	0.1	6.576405e-07	0.0004437503	0.1	6.576405e-07	0.001303229	0.1	6.576405e-07	1.298054e-07	0.1
6.916988e-07	0.3054412	0.1	6.916988e-07	3.146303e-107	0.1	6.916988e-07	3.146303e-107	0.1	6.916988e-07	0.0009229873	0.1	6.916988e-07	3.146303e-107	0.1	6.916988e-07	0.0001358558	0.1	6.916988e-07	0.01577325	0.1	6.916988e-07	0.315224	0.1	6.916988e-07	0.01097172	0.1	6.916988e-07	0.003055738	0.1	6.916988e-07	0.0004584217	0.1	6.916988e-07	0.001266676	0.1	6.916988e-07	1.262639e-07	0.1
7.28606e-07	0.2902443	0.1	7.28606e-07	3.219776e-107	0.1	7.28606e-07	3.219776e-107	0.1	7.28606e-07	0.0009425798	0.1	7.28606e-07	3.219776e-107	0.1	7.28606e-07	0.000129119	0.1	7.28606e-07	0.01531048	0.1	7.28606e-07	0.3237269	0.1	7.28606e-07	0.01063837	0.1	7.28606e-07	0.002963748	0.1	7.28606e-07	0.0004735023	0.1	7.28606e-07	0.001228867	0.1	7.28606e-07	1.225875e-07	0.1
7.697864e-07	0.2743706	0.1	7.697864e-07	3.29664e-107	0.1	7.697864e-07	3.29664e-107	0.1	7.697864e-07	0.0009624654	0.1	7.697864e-07	3.29664e-107	0.1	7.697864e-07	0.0001220783	0.1	7.697864e-07	0.01481862	0.1	7.697864e-07	0.332624	0.1	7.697864e-07	0.0102853	0.1	7.697864e-07	0.002866228	0.1	7.697864e-07	0.0004893906	0.1	7.697864e-07	0.001188762	0.1	7.697864e-07	1.186772e-07	0.1
8.109669e-07	0.2595444	0.1	8.109669e-07	3.368553e-107	0.1	8.109669e-07	3.368553e-107	0.1	8.109669e-07	0.0009804459	0.1	8.109669e-07	3.368553e-107	0.1	8.109669e-07	0.0001154997	0.1	8.109669e-07	0.01435126	0.1	8.109669e-07	0.340949	0.1	8.109669e-07	0.009950633	0.1	8.109669e-07	0.002773735	0.1	8.109669e-07	0.000504357	0.1	8.109669e-07	0.001150708	0.1	8.109669e-07	1.149595e-07	0.1
8.59013e-07	0.243454	0.1	8.59013e-07	3.446747e-107	0.1	8.59013e-07	3.446747e-107	0.1	8.59013e-07	0.0009992367	0.1	8.59013e-07	3.446747e-107	0.1	8.59013e-07	0.0001083583	0.1	8.59013e-07	0.01383495	0.1	8.59013e-07	0.3500014	0.1	8.59013e-07	0.009581577	0.1	8.59013e-07	0.00267169	0.1	8.59013e-07	0.0005207384	0.1	8.59013e-07	0.001108711	0.1	8.59013e-07	1.108507e-07	0.1
9.087755e-07	0.2280354	0.1	9.087755e-07	3.521843e-107	0.1	9.087755e-07	3.521843e-107	0.1	9.087755e-07	0.001016452	0.1	9.087755e-07	3.521843e-107	0.1	9.087755e-07	0.0001015137	0.1	9.087755e-07	0.0133307	0.1	9.087755e-07	0.3586945	0.1	9.087755e-07	0.009221599	0.1	9.087755e-07	0.002572124	0.1	9.087755e-07	0.0005365709	0.1	9.087755e-07	0.001067727	0.1	9.087755e-07	1.06837e-07	0.1
9.650402e-07	0.2119812	0.1	9.650402e-07	3.600233e-107	0.1	9.650402e-07	3.600233e-107	0.1	9.650402e-07	0.001033446	0.1	9.650402e-07	3.600233e-107	0.1	9.650402e-07	9.438622e-05	0.1	9.650402e-07	0.01279491	0.1	9.650402e-07	0.3677673	0.1	9.650402e-07	0.008839406	0.1	9.650402e-07	0.002466392	0.1	9.650402e-07	0.0005531945	0.1	9.650402e-07	0.001024199	0.1	9.650402e-07	1.025713e-07	0.1
1.02564e-06	0.1961605	0.1	1.02564e-06	3.677714e-107	0.1	1.02564e-06	3.677714e-107	0.1	1.02564e-06	0.001049133	0.1	1.02564e-06	3.677714e-107	0.1	1.02564e-06	8.736174e-05	0.1	1.02564e-06	0.01225496	0.1	1.02564e-06	0.376732	0.1	1.02564e-06	0.008454447	0.1	1.02564e-06	0.002359881	0.1	1.02564e-06	0.0005697098	0.1	1.02564e-06	0.0009803474	0.1	1.02564e-06	9.827219e-08	0.1
1.094419e-06	0.1798497	0.1	1.094419e-06	3.757881e-107	0.1	1.094419e-06	3.757881e-107	0.1	1.094419e-06	0.001064035	0.1	1.094419e-06	3.757881e-107	0.1	1.094419e-06	8.011912e-05	0.1	1.094419e-06	0.01168424	0.1	1.094419e-06	0.3860029	0.1	1.094419e-06	0.008047652	0.1	1.094419e-06	0.002247322	0.1	1.094419e-06	0.0005868668	0.1	1.094419e-06	0.000934005	0.1	1.094419e-06	9.372793e-08	0.1
1.16865e-06	0.1639813	0.1	1.16865e-06	3.836208e-107	0.1	1.16865e-06	3.836208e-107	0.1	1.16865e-06	0.001077087	0.1	1.16865e-06	3.836208e-107	0.1	1.16865e-06	7.30725e-05	0.1	1.16865e-06	0.01111326	0.1	1.16865e-06	0.3950542	0.1	1.16865e-06	0.00764071	0.1	1.16865e-06	0.002134721	0.1	1.16865e-06	0.0006036703	0.1	1.16865e-06	0.0008876459	0.1	1.16865e-06	8.91817e-08	0.1
1.25598e-06	0.1473296	0.1	1.25598e-06	3.918835e-107	0.1	1.25598e-06	3.918835e-107	0.1	1.25598e-06	0.001088961	0.1	1.25598e-06	3.918835e-107	0.1	1.25598e-06	6.567755e-05	0.1	1.25598e-06	0.01049453	0.1	1.25598e-06	0.404592	0.1	1.25598e-06	0.00719973	0.1	1.25598e-06	0.002012705	0.1	1.25598e-06	0.0006213959	0.1	1.25598e-06	0.0008374121	0.1	1.25598e-06	8.425564e-08	0.1
1.350287e-06	0.1314675	0.1	1.350287e-06	3.998059e-107	0.1	1.350287e-06	3.998059e-107	0.1	1.350287e-06	0.001098174	0.1	1.350287e-06	3.998059e-107	0.1	1.350287e-06	5.863274e-05	0.1	1.350287e-06	0.009882947	0.1	1.350287e-06	0.4137228	0.1	1.350287e-06	0.006763805	0.1	1.350287e-06	0.001892092	0.1	1.350287e-06	0.0006383294	0.1	1.350287e-06	0.000787759	0.1	1.350287e-06	7.938701e-08	0.1
1.459405e-06	0.1154608	0.1	1.459405e-06	4.078656e-107	0.1	1.459405e-06	4.078656e-107	0.1	1.459405e-06	0.001104905	0.1	1.459405e-06	4.078656e-107	0.1	1.459405e-06	5.152313e-05	0.1	1.459405e-06	0.009239116	0.1	1.459405e-06	0.4229914	0.1	1.459405e-06	0.006304831	0.1	1.459405e-06	0.001765109	0.1	1.459405e-06	0.0006554011	0.1	1.459405e-06	0.0007354867	0.1	1.459405e-06	7.426231e-08	0.1
1.568524e-06	0.1015927	0.1	1.568524e-06	4.149167e-107	0.1	1.568524e-06	4.149167e-107	0.1	1.568524e-06	0.001108124	0.1	1.568524e-06	4.149167e-107	0.1	1.568524e-06	4.536274e-05	0.1	1.568524e-06	0.00865467	0.1	1.568524e-06	0.4310761	0.1	1.568524e-06	0.005888138	0.1	1.568524e-06	0.001649832	0.1	1.568524e-06	0.0006700996	0.1	1.568524e-06	0.0006880357	0.1	1.568524e-06	6.961101e-08	0.1
1.677642e-06	0.08953745	0.1	1.677642e-06	4.21113e-107	0.1	1.677642e-06	4.21113e-107	0.1	1.677642e-06	0.001108431	0.1	1.677642e-06	4.21113e-107	0.1	1.677642e-06	4.000709e-05	0.1	1.677642e-06	0.008121802	0.1	1.677642e-06	0.4381548	0.1	1.677642e-06	0.005508185	0.1	1.677642e-06	0.001544723	0.1	1.677642e-06	0.0006827192	0.1	1.677642e-06	0.000644773	0.1	1.677642e-06	6.537086e-08	0.1
1.786761e-06	0.07902793	0.1	1.786761e-06	4.265806e-107	0.1	1.786761e-06	4.265806e-107	0.1	1.786761e-06	0.001106313	0.1	1.786761e-06	4.265806e-107	0.1	1.786761e-06	3.533756e-05	0.1	1.786761e-06	0.007634074	0.1	1.786761e-06	0.4443735	0.1	1.786761e-06	0.005160404	0.1	1.786761e-06	0.00144852	0.1	1.786761e-06	0.0006935095	0.1	1.786761e-06	0.0006051769	0.1	1.786761e-06	6.149054e-08	0.1
1.895879e-06	0.06984273	0.1	1.895879e-06	4.314239e-107	0.1	1.895879e-06	4.314239e-107	0.1	1.895879e-06	0.001102173	0.1	1.895879e-06	4.314239e-107	0.1	1.895879e-06	3.125589e-05	0.1	1.895879e-06	0.007186128	0.1	1.895879e-06	0.4498531	0.1	1.895879e-06	0.004840999	0.1	1.895879e-06	0.001360168	0.1	1.895879e-06	0.0007026846	0.1	1.895879e-06	0.0005688135	0.1	1.895879e-06	5.792732e-08	0.1
2.004998e-06	0.06179709	0.1	2.004998e-06	4.357298e-107	0.1	2.004998e-06	4.357298e-107	0.1	2.004998e-06	0.001096341	0.1	2.004998e-06	4.357298e-107	0.1	2.004998e-06	2.768009e-05	0.1	2.004998e-06	0.006773466	0.1	2.004998e-06	0.4546946	0.1	2.004998e-06	0.00454678	0.1	2.004998e-06	0.001278784	0.1	2.004998e-06	0.000710429	0.1	2.004998e-06	0.0005353183	0.1	2.004998e-06	5.464533e-08	0.1
2.114117e-06	0.05473582	0.1	2.114117e-06	4.395714e-107	0.1	2.114117e-06	4.395714e-107	0.1	2.114117e-06	0.001089095	0.1	2.114117e-06	4.395714e-107	0.1	2.114117e-06	2.454128e-05	0.1	2.114117e-06	0.006392281	0.1	2.114117e-06	0.458983	0.1	2.114117e-06	0.004275047	0.1	2.114117e-06	0.00120362	0.1	2.114117e-06	0.0007169033	0.1	2.114117e-06	0.0005043829	0.1	2.114117e-06	5.161419e-08	0.1
2.223235e-06	0.04852772	0.1	2.223235e-06	4.430103e-107	0.1	2.223235e-06	4.430103e-107	0.1	2.223235e-06	0.001080665	0.1	2.223235e-06	4.430103e-107	0.1	2.223235e-06	2.178123e-05	0.1	2.223235e-06	0.006039322	0.1	2.223235e-06	0.46279	0.1	2.223235e-06	0.004023496	0.1	2.223235e-06	0.001134038	0.1	2.223235e-06	0.0007222471	0.1	2.223235e-06	0.0004757439	0.1	2.223235e-06	4.880799e-08	0.1
2.332354e-06	0.04306128	0.1	2.332354e-06	4.460991e-107	0.1	2.332354e-06	4.460991e-107	0.1	2.332354e-06	0.001071248	0.1	2.332354e-06	4.460991e-107	0.1	2.332354e-06	1.935046e-05	0.1	2.332354e-06	0.005711798	0.1	2.332354e-06	0.4661768	0.1	2.332354e-06	0.003790146	0.1	2.332354e-06	0.001069489	0.1	2.332354e-06	0.0007265835	0.1	2.332354e-06	0.0004491751	0.1	2.332354e-06	4.620445e-08	0.1
2.454599e-06	0.03770101	0.1	2.454599e-06	4.491984e-107	0.1	2.454599e-06	4.491984e-107	0.1	2.454599e-06	0.001059728	0.1	2.454599e-06	4.491984e-107	0.1	2.454599e-06	1.696637e-05	0.1	2.454599e-06	0.005372107	0.1	2.454599e-06	0.4695362	0.1	2.454599e-06	0.003548233	0.1	2.454599e-06	0.001002567	0.1	2.454599e-06	0.000730378	0.1	2.454599e-06	0.0004216278	0.1	2.454599e-06	4.350469e-08	0.1
2.585595e-06	0.0327289	0.1	2.585595e-06	4.521545e-107	0.1	2.585595e-06	4.521545e-107	0.1	2.585595e-06	0.001046459	0.1	2.585595e-06	4.521545e-107	0.1	2.585595e-06	1.475436e-05	0.1	2.585595e-06	0.00503684	0.1	2.585595e-06	0.4726941	0.1	2.585595e-06	0.003309613	0.1	2.585595e-06	0.00093655	0.1	2.585595e-06	0.000733342	0.1	2.585595e-06	0.0003944503	0.1	2.585595e-06	4.084064e-08	0.1
2.716591e-06	0.0284404	0.1	2.716591e-06	4.547865e-107	0.1	2.716591e-06	4.547865e-107	0.1	2.716591e-06	0.001032431	0.1	2.716591e-06	4.547865e-107	0.1	2.716591e-06	1.284591e-05	0.1	2.716591e-06	0.00472828	0.1	2.716591e-06	0.4754581	0.1	2.716591e-06	0.003090163	0.1	2.716591e-06	0.0008758301	0.1	2.716591e-06	0.0007353053	0.1	2.716591e-06	0.0003694498	0.1	2.716591e-06	3.838932e-08	0.1
2.847588e-06	0.02473643	0.1	2.847588e-06	4.571411e-107	0.1	2.847588e-06	4.571411e-107	0.1	2.847588e-06	0.001017812	0.1	2.847588e-06	4.571411e-107	0.1	2.847588e-06	1.119705e-05	0.1	2.847588e-06	0.004443751	0.1	2.847588e-06	0.4778828	0.1	2.847588e-06	0.002887984	0.1	2.847588e-06	0.0008198806	0.1	2.847588e-06	0.0007363919	0.1	2.847588e-06	0.0003464093	0.1	2.847588e-06	3.612938e-08	0.1
2.978584e-06	0.02153342	0.1	2.978584e-06	4.592574e-107	0.1	2.978584e-06	4.592574e-107	0.1	2.978584e-06	0.00100274	0.1	2.978584e-06	4.592574e-107	0.1	2.978584e-06	9.770694e-06	0.1	2.978584e-06	0.004180934	0.1	2.978584e-06	0.4800145	0.1	2.978584e-06	0.002701427	0.1	2.978584e-06	0.0007682448	0.1	2.978584e-06	0.0007367098	0.1	2.978584e-06	0.0003251406	0.1	2.978584e-06	3.404231e-08	0.1
3.10958e-06	0.01876058	0.1	3.10958e-06	4.611686e-107	0.1	3.10958e-06	4.611686e-107	0.1	3.10958e-06	0.0009873342	0.1	3.10958e-06	4.611686e-107	0.1	3.10958e-06	8.535419e-06	0.1	3.10958e-06	0.003937802	0.1	3.10958e-06	0.4818925	0.1	3.10958e-06	0.002529049	0.1	3.10958e-06	0.0007205232	0.1	3.10958e-06	0.0007363535	0.1	3.10958e-06	0.0003054792	0.1	3.10958e-06	3.211197e-08	0.1
3.240576e-06	0.01635776	0.1	3.240576e-06	4.629027e-107	0.1	3.240576e-06	4.629027e-107	0.1	3.240576e-06	0.0009716919	0.1	3.240576e-06	4.629027e-107	0.1	3.240576e-06	7.464532e-06	0.1	3.240576e-06	0.003712574	0.1	3.240576e-06	0.4835503	0.1	3.240576e-06	0.002369581	0.1	3.240576e-06	0.0006763646	0.1	3.240576e-06	0.0007354058	0.1	3.240576e-06	0.0002872804	0.1	3.240576e-06	3.032413e-08	0.1
3.371573e-06	0.01427372	0.1	3.371573e-06	4.644839e-107	0.1	3.371573e-06	4.644839e-107	0.1	3.371573e-06	0.0009558963	0.1	3.371573e-06	4.644839e-107	0.1	3.371573e-06	6.535288e-06	0.1	3.371573e-06	0.003503675	0.1	3.371573e-06	0.4850165	0.1	3.371573e-06	0.002221901	0.1	3.371573e-06	0.0006354583	0.1	3.371573e-06	0.0007339391	0.1	3.371573e-06	0.0002704161	0.1	3.371573e-06	2.866622e-08	0.1
3.502569e-06	0.01246468	0.1	3.502569e-06	4.659326e-107	0.1	3.502569e-06	4.659326e-107	0.1	3.502569e-06	0.0009400172	0.1	3.502569e-06	4.659326e-107	0.1	3.502569e-06	5.728251e-06	0.1	3.502569e-06	0.003309705	0.1	3.502569e-06	0.4863157	0.1	3.502569e-06	0.002085009	0.1	3.502569e-06	0.0005975276	0.1	3.502569e-06	0.0007320174	0.1	3.502569e-06	0.0002547725	0.1	3.502569e-06	2.712709e-08	0.1
3.633565e-06	0.01089315	0.1	3.633565e-06	4.672664e-107	0.1	3.633565e-06	4.672664e-107	0.1	3.633565e-06	0.0009241133	0.1	3.633565e-06	4.672664e-107	0.1	3.633565e-06	5.026783e-06	0.1	3.633565e-06	0.003129413	0.1	3.633565e-06	0.4874691	0.1	3.633565e-06	0.001958012	0.1	3.633565e-06	0.0005623254	0.1	3.633565e-06	0.0007296968	0.1	3.633565e-06	0.0002402478	0.1	3.633565e-06	2.569675e-08	0.1
