Batch	m_SP	13	W3	W1	W2	W4	W5	W6	R	P1	P2	P3	P4	P5	P6																							
3.952529e-08	0.9899044	0.1	3.952529e-08	3.923327e-108	0.1	3.952529e-08	0.0001939425	0.1	3.952529e-08	1.474345e-05	0.1	3.952529e-08	2.079204e-05	0.1	3.952529e-08	0.0004815266	0.1	3.952529e-08	1.31626e-06	0.1	3.952529e-08	0.003102514	0.1	3.952529e-08	1.976715e-05	0.1	3.952529e-08	1.735927e-06	0.1	3.952529e-08	0.001566534	0.1	3.952529e-08	4.378849e-07	0.1	3.952529e-08	1.074213e-10	0.1
4.249211e-08	0.9893661	0.1	4.249211e-08	4.216066e-108	0.1	4.249211e-08	0.0001938408	0.1	4.249211e-08	1.588263e-05	0.1	4.249211e-08	2.240155e-05	0.1	4.249211e-08	0.000487996	0.1	4.249211e-08	1.431621e-06	0.1	4.249211e-08	0.003363994	0.1	4.249211e-08	2.119798e-05	0.1	4.249211e-08	1.87392e-06	0.1	4.249211e-08	0.001567907	0.1	4.249211e-08	4.740197e-07	0.1	4.249211e-08	1.160295e-10	0.1
4.545893e-08	0.9888286	0.1	4.545893e-08	4.50857e-108	0.1	4.545893e-08	0.0001937373	0.1	4.545893e-08	1.702212e-05	0.1	4.545893e-08	2.401148e-05	0.1	4.545893e-08	0.0004932591	0.1	4.545893e-08	1.549005e-06	0.1	4.545893e-08	0.00362648	0.1	4.545893e-08	2.260712e-05	0.1	4.545893e-08	2.011459e-06	0.1	4.545893e-08	0.001568516	0.1	4.545893e-08	5.103291e-07	0.1	4.545893e-08	1.245755e-10	0.1
4.879891e-08	0.988224	0.1	4.879891e-08	4.837582e-108	0.1	4.879891e-08	0.0001936199	0.1	4.879891e-08	1.830567e-05	0.1	4.879891e-08	2.582493e-05	0.1	4.879891e-08	0.0004980091	0.1	4.879891e-08	1.683589e-06	0.1	4.879891e-08	0.003922917	0.1	4.879891e-08	2.416553e-05	0.1	4.879891e-08	2.165548e-06	0.1	4.879891e-08	0.001568646	0.1	4.879891e-08	5.51381e-07	0.1	4.879891e-08	1.341139e-10	0.1
5.238767e-08	0.9875746	0.1	5.238767e-08	5.190767e-108	0.1	5.238767e-08	0.0001934931	0.1	5.238767e-08	1.968614e-05	0.1	5.238767e-08	2.777533e-05	0.1	5.238767e-08	0.0005019986	0.1	5.238767e-08	1.831092e-06	0.1	5.238767e-08	0.004242265	0.1	5.238767e-08	2.58047e-05	0.1	5.238767e-08	2.329985e-06	0.1	5.238767e-08	0.001568396	0.1	5.238767e-08	5.956581e-07	0.1	5.238767e-08	1.44257e-10	0.1
5.640853e-08	0.9868473	0.1	5.640853e-08	5.586065e-108	0.1	5.640853e-08	0.0001933508	0.1	5.640853e-08	2.123502e-05	0.1	5.640853e-08	2.996365e-05	0.1	5.640853e-08	0.0005053926	0.1	5.640853e-08	1.999944e-06	0.1	5.640853e-08	0.004600794	0.1	5.640853e-08	2.759509e-05	0.1	5.640853e-08	2.512531e-06	0.1	5.640853e-08	0.001567851	0.1	5.640853e-08	6.454214e-07	0.1	5.640853e-08	1.554815e-10	0.1
6.071746e-08	0.9860681	0.1	6.071746e-08	6.009201e-108	0.1	6.071746e-08	0.0001931983	0.1	6.071746e-08	2.289808e-05	0.1	6.071746e-08	3.231326e-05	0.1	6.071746e-08	0.0005080604	0.1	6.071746e-08	2.185138e-06	0.1	6.071746e-08	0.004985573	0.1	6.071746e-08	2.945669e-05	0.1	6.071746e-08	2.705821e-06	0.1	6.071746e-08	0.0015671	0.1	6.071746e-08	6.988698e-07	0.1	6.071746e-08	1.673352e-10	0.1
6.571719e-08	0.9851645	0.1	6.571719e-08	6.499548e-108	0.1	6.571719e-08	0.0001930213	0.1	6.571719e-08	2.483269e-05	0.1	6.571719e-08	3.504653e-05	0.1	6.571719e-08	0.00051022	0.1	6.571719e-08	2.405567e-06	0.1	6.571719e-08	0.005432451	0.1	6.571719e-08	3.153928e-05	0.1	6.571719e-08	2.926621e-06	0.1	6.571719e-08	0.001566124	0.1	6.571719e-08	7.60958e-07	0.1	6.571719e-08	1.808489e-10	0.1
7.088961e-08	0.9842303	0.1	7.088961e-08	7.006128e-108	0.1	7.088961e-08	0.0001928383	0.1	7.088961e-08	2.684046e-05	0.1	7.088961e-08	3.788314e-05	0.1	7.088961e-08	0.0005116862	0.1	7.088961e-08	2.639921e-06	0.1	7.088961e-08	0.005894946	0.1	7.088961e-08	3.360306e-05	0.1	7.088961e-08	3.150641e-06	0.1	7.088961e-08	0.001565059	0.1	7.088961e-08	8.251745e-07	0.1	7.088961e-08	1.945436e-10	0.1
7.727673e-08	0.983078	0.1	7.727673e-08	7.630687e-108	0.1	7.727673e-08	0.0001926126	0.1	7.727673e-08	2.932947e-05	0.1	7.727673e-08	4.139967e-05	0.1	7.727673e-08	0.0005127493	0.1	7.727673e-08	2.938218e-06	0.1	7.727673e-08	0.006465982	0.1	7.727673e-08	3.602074e-05	0.1	7.727673e-08	3.420454e-06	0.1	7.727673e-08	0.001563713	0.1	7.727673e-08	9.043062e-07	0.1	7.727673e-08	2.110341e-10	0.1
8.394305e-08	0.9818769	0.1	8.394305e-08	8.281389e-108	0.1	8.394305e-08	0.0001923773	0.1	8.394305e-08	3.193937e-05	0.1	8.394305e-08	4.508697e-05	0.1	8.394305e-08	0.0005132697	0.1	8.394305e-08	3.26009e-06	0.1	8.394305e-08	0.007061606	0.1	8.394305e-08	3.838783e-05	0.1	8.394305e-08	3.693396e-06	0.1	8.394305e-08	0.001562295	0.1	8.394305e-08	9.865351e-07	0.1	8.394305e-08	2.277304e-10	0.1
9.172618e-08	0.9804769	0.1	9.172618e-08	9.03961e-108	0.1	9.172618e-08	0.000192103	0.1	9.172618e-08	3.500223e-05	0.1	9.172618e-08	4.941424e-05	0.1	9.172618e-08	0.0005133966	0.1	9.172618e-08	3.649513e-06	0.1	9.172618e-08	0.00775626	0.1	9.172618e-08	4.09497e-05	0.1	9.172618e-08	4.000221e-06	0.1	9.172618e-08	0.001560635	0.1	9.172618e-08	1.081856e-06	0.1	9.172618e-08	2.465364e-10	0.1
9.984376e-08	0.9790197	0.1	9.984376e-08	9.828706e-108	0.1	9.984376e-08	0.0001918176	0.1	9.984376e-08	3.821399e-05	0.1	9.984376e-08	5.395188e-05	0.1	9.984376e-08	0.0005131938	0.1	9.984376e-08	4.071265e-06	0.1	9.984376e-08	0.008479682	0.1	9.984376e-08	4.339428e-05	0.1	9.984376e-08	4.306201e-06	0.1	9.984376e-08	0.001558905	0.1	9.984376e-08	1.180261e-06	0.1	9.984376e-08	2.653441e-10	0.1
1.092991e-07	0.9773263	0.1	1.092991e-07	1.074566e-107	0.1	1.092991e-07	0.0001914858	0.1	1.092991e-07	4.197498e-05	0.1	1.092991e-07	5.926551e-05	0.1	1.092991e-07	0.0005127105	0.1	1.092991e-07	4.582447e-06	0.1	1.092991e-07	0.009320753	0.1	1.092991e-07	4.596016e-05	0.1	1.092991e-07	4.644412e-06	0.1	1.092991e-07	0.001556894	0.1	1.092991e-07	1.293314e-06	0.1	1.092991e-07	2.862019e-10	0.1
1.191839e-07	0.9755605	0.1	1.191839e-07	1.170175e-107	0.1	1.191839e-07	0.0001911399	0.1	1.191839e-07	4.592559e-05	0.1	1.191839e-07	6.484708e-05	0.1	1.191839e-07	0.0005120495	0.1	1.191839e-07	5.139478e-06	0.1	1.191839e-07	0.01019808	0.1	1.191839e-07	4.833765e-05	0.1	1.191839e-07	4.977435e-06	0.1	1.191839e-07	0.001554796	0.1	1.191839e-07	1.409442e-06	0.1	1.191839e-07	3.068015e-10	0.1
1.307865e-07	0.973494	0.1	1.307865e-07	1.282074e-107	0.1	1.307865e-07	0.000190735	0.1	1.307865e-07	5.05799e-05	0.1	1.307865e-07	7.142292e-05	0.1	1.307865e-07	0.0005111696	0.1	1.307865e-07	5.822253e-06	0.1	1.307865e-07	0.01122525	0.1	1.307865e-07	5.076404e-05	0.1	1.307865e-07	5.342768e-06	0.1	1.307865e-07	0.00155234	0.1	1.307865e-07	1.542806e-06	0.1	1.307865e-07	3.29434e-10	0.1
1.434781e-07	0.9712409	0.1	1.434781e-07	1.404074e-107	0.1	1.434781e-07	0.0001902937	0.1	1.434781e-07	5.568122e-05	0.1	1.434781e-07	7.863039e-05	0.1	1.434781e-07	0.0005101443	0.1	1.434781e-07	6.603959e-06	0.1	1.434781e-07	0.0123455	0.1	1.434781e-07	5.30173e-05	0.1	1.434781e-07	5.713137e-06	0.1	1.434781e-07	0.001549663	0.1	1.434781e-07	1.684831e-06	0.1	1.434781e-07	3.523374e-10	0.1
1.578031e-07	0.9687072	0.1	1.578031e-07	1.541277e-107	0.1	1.578031e-07	0.0001897973	0.1	1.578031e-07	6.143605e-05	0.1	1.578031e-07	8.676128e-05	0.1	1.578031e-07	0.0005089507	0.1	1.578031e-07	7.528471e-06	0.1	1.578031e-07	0.0136057	0.1	1.578031e-07	5.512854e-05	0.1	1.578031e-07	6.09834e-06	0.1	1.578031e-07	0.00154665	0.1	1.578031e-07	1.840168e-06	0.1	1.578031e-07	3.759759e-10	0.1
1.754153e-07	0.9656055	0.1	1.754153e-07	1.709242e-107	0.1	1.754153e-07	0.0001891897	0.1	1.754153e-07	6.84822e-05	0.1	1.754153e-07	9.671676e-05	0.1	1.754153e-07	0.0005074594	0.1	1.754153e-07	8.723605e-06	0.1	1.754153e-07	0.01514889	0.1	1.754153e-07	5.720879e-05	0.1	1.754153e-07	6.530942e-06	0.1	1.754153e-07	0.001542962	0.1	1.754153e-07	2.023953e-06	0.1	1.754153e-07	4.020461e-10	0.1
1.958925e-07	0.9620177	0.1	1.958925e-07	1.903538e-107	0.1	1.958925e-07	0.0001884868	0.1	1.958925e-07	7.659927e-05	0.1	1.958925e-07	0.0001081855	0.1	1.958925e-07	0.0005057106	0.1	1.958925e-07	1.018926e-05	0.1	1.958925e-07	0.01693449	0.1	1.958925e-07	5.907279e-05	0.1	1.958925e-07	6.987266e-06	0.1	1.958925e-07	0.001538695	0.1	1.958925e-07	2.227959e-06	0.1	1.958925e-07	4.28596e-10	0.1
2.198651e-07	0.9578424	0.1	2.198651e-07	2.129654e-107	0.1	2.198651e-07	0.0001876688	0.1	2.198651e-07	8.595548e-05	0.1	2.198651e-07	0.0001214051	0.1	2.198651e-07	0.0005036543	0.1	2.198651e-07	1.200067e-05	0.1	2.198651e-07	0.01901311	0.1	2.198651e-07	6.070589e-05	0.1	2.198651e-07	7.47159e-06	0.1	2.198651e-07	0.001533726	0.1	2.198651e-07	2.454297e-06	0.1	2.198651e-07	4.551612e-10	0.1
2.501796e-07	0.9526005	0.1	2.501796e-07	2.413532e-107	0.1	2.501796e-07	0.0001866419	0.1	2.501796e-07	9.750593e-05	0.1	2.501796e-07	0.0001377252	0.1	2.501796e-07	0.0005010505	0.1	2.501796e-07	1.442284e-05	0.1	2.501796e-07	0.0216234	0.1	2.501796e-07	6.220588e-05	0.1	2.501796e-07	8.026175e-06	0.1	2.501796e-07	0.001527486	0.1	2.501796e-07	2.722668e-06	0.1	2.501796e-07	4.828447e-10	0.1
2.891654e-07	0.9459208	0.1	2.891654e-07	2.775282e-107	0.1	2.891654e-07	0.0001853333	0.1	2.891654e-07	0.0001118386	0.1	2.891654e-07	0.0001579766	0.1	2.891654e-07	0.0004977086	0.1	2.891654e-07	1.77203e-05	0.1	2.891654e-07	0.02495062	0.1	2.891654e-07	6.358031e-05	0.1	2.891654e-07	8.669853e-06	0.1	2.891654e-07	0.001519529	0.1	2.891654e-07	3.041156e-06	0.1	2.891654e-07	5.106172e-10	0.1
3.30319e-07	0.9389436	0.1	3.30319e-07	3.153144e-107	0.1	3.30319e-07	0.0001839665	0.1	3.30319e-07	0.0001263013	0.1	3.30319e-07	0.0001784118	0.1	3.30319e-07	0.0004942002	0.1	3.30319e-07	2.137473e-05	0.1	3.30319e-07	0.02842686	0.1	3.30319e-07	6.466102e-05	0.1	3.30319e-07	9.285295e-06	0.1	3.30319e-07	0.001511212	0.1	3.30319e-07	3.347924e-06	0.1	3.30319e-07	5.325623e-10	0.1
3.714726e-07	0.9320413	0.1	3.714726e-07	3.526962e-107	0.1	3.714726e-07	0.0001826142	0.1	3.714726e-07	0.0001400859	0.1	3.714726e-07	0.0001978887	0.1	3.714726e-07	0.0004907185	0.1	3.714726e-07	2.515205e-05	0.1	3.714726e-07	0.03186656	0.1	3.714726e-07	6.553797e-05	0.1	3.714726e-07	9.847352e-06	0.1	3.714726e-07	0.001502978	0.1	3.714726e-07	3.627301e-06	0.1	3.714726e-07	5.488492e-10	0.1
4.142882e-07	0.9249384	0.1	4.142882e-07	3.91166e-107	0.1	4.142882e-07	0.0001812227	0.1	4.142882e-07	0.0001537376	0.1	4.142882e-07	0.0002171781	0.1	4.142882e-07	0.0004871279	0.1	4.142882e-07	2.915275e-05	0.1	4.142882e-07	0.03540689	0.1	4.142882e-07	6.632522e-05	0.1	4.142882e-07	1.038303e-05	0.1	4.142882e-07	0.001494499	0.1	4.142882e-07	3.891591e-06	0.1	4.142882e-07	5.613767e-10	0.1
4.637516e-07	0.9168306	0.1	4.637516e-07	4.350833e-107	0.1	4.637516e-07	0.0001796343	0.1	4.637516e-07	0.0001686866	0.1	4.637516e-07	0.0002383003	0.1	4.637516e-07	0.0004830223	0.1	4.637516e-07	3.378779e-05	0.1	4.637516e-07	0.03944904	0.1	4.637516e-07	6.713247e-05	0.1	4.637516e-07	1.094671e-05	0.1	4.637516e-07	0.001484812	0.1	4.637516e-07	4.166854e-06	0.1	4.637516e-07	5.718442e-10	0.1
5.218131e-07	0.9074448	0.1	5.218131e-07	4.859307e-107	0.1	5.218131e-07	0.0001777956	0.1	5.218131e-07	0.0001851937	0.1	5.218131e-07	0.0002616241	0.1	5.218131e-07	0.0004782619	0.1	5.218131e-07	3.913912e-05	0.1	5.218131e-07	0.04412946	0.1	5.218131e-07	6.797979e-05	0.1	5.218131e-07	1.154204e-05	0.1	5.218131e-07	0.001473587	0.1	5.218131e-07	4.453835e-06	0.1	5.218131e-07	5.804335e-10	0.1
5.884682e-07	0.8968414	0.1	5.884682e-07	5.433891e-107	0.1	5.884682e-07	0.0001757182	0.1	5.884682e-07	0.0002028799	0.1	5.884682e-07	0.0002866139	0.1	5.884682e-07	0.0004728757	0.1	5.884682e-07	4.502359e-05	0.1	5.884682e-07	0.04941862	0.1	5.884682e-07	6.884737e-05	0.1	5.884682e-07	1.214955e-05	0.1	5.884682e-07	0.001460892	0.1	5.884682e-07	4.742241e-06	0.1	5.884682e-07	5.87231e-10	0.1
6.647896e-07	0.8849202	0.1	6.647896e-07	6.080119e-107	0.1	6.647896e-07	0.0001733827	0.1	6.647896e-07	0.0002216307	0.1	6.647896e-07	0.0003131078	0.1	6.647896e-07	0.0004668107	0.1	6.647896e-07	5.126304e-05	0.1	6.647896e-07	0.05536705	0.1	6.647896e-07	6.972448e-05	0.1	6.647896e-07	1.276124e-05	0.1	6.647896e-07	0.001446601	0.1	6.647896e-07	5.027805e-06	0.1	6.647896e-07	5.927266e-10	0.1
7.590865e-07	0.8705068	0.1	7.590865e-07	6.861882e-107	0.1	7.590865e-07	0.000170559	0.1	7.590865e-07	0.0002428073	0.1	7.590865e-07	0.0003430292	0.1	7.590865e-07	0.0004594657	0.1	7.590865e-07	5.807394e-05	0.1	7.590865e-07	0.0625619	0.1	7.590865e-07	7.065878e-05	0.1	7.590865e-07	1.341448e-05	0.1	7.590865e-07	0.001429297	0.1	7.590865e-07	5.327518e-06	0.1	7.590865e-07	5.977341e-10	0.1
8.712886e-07	0.8537961	0.1	8.712886e-07	7.768991e-107	0.1	8.712886e-07	0.0001672851	0.1	8.712886e-07	0.0002654221	0.1	8.712886e-07	0.0003749829	0.1	8.712886e-07	0.0004509348	0.1	8.712886e-07	6.480186e-05	0.1	8.712886e-07	0.07090737	0.1	8.712886e-07	7.158066e-05	0.1	8.712886e-07	1.407019e-05	0.1	8.712886e-07	0.001409197	0.1	8.712886e-07	5.623605e-06	0.1	8.712886e-07	6.022549e-10	0.1
9.954274e-07	0.8358431	0.1	9.954274e-07	8.744641e-107	0.1	9.954274e-07	0.0001637678	0.1	9.954274e-07	0.0002874731	0.1	9.954274e-07	0.0004061399	0.1	9.954274e-07	0.0004417519	0.1	9.954274e-07	7.061457e-05	0.1	9.954274e-07	0.07987779	0.1	9.954274e-07	7.238783e-05	0.1	9.954274e-07	1.466858e-05	0.1	9.954274e-07	0.001387557	0.1	9.954274e-07	5.890671e-06	0.1	9.954274e-07	6.058937e-10	0.1
1.119566e-06	0.8184295	0.1	1.119566e-06	9.692308e-107	0.1	1.119566e-06	0.0001603563	0.1	1.119566e-06	0.0003066619	0.1	1.119566e-06	0.000433253	0.1	1.119566e-06	0.0004328279	0.1	1.119566e-06	7.498884e-05	0.1	1.119566e-06	0.08858293	0.1	1.119566e-06	7.299691e-05	0.1	1.119566e-06	1.515565e-05	0.1	1.119566e-06	0.001366519	0.1	1.119566e-06	6.106653e-06	0.1	1.119566e-06	6.08168e-10	0.1
1.243705e-06	0.8015329	0.1	1.243705e-06	1.061335e-106	0.1	1.243705e-06	0.0001570459	0.1	1.243705e-06	0.0003232144	0.1	1.243705e-06	0.0004566411	0.1	1.243705e-06	0.0004241527	0.1	1.243705e-06	7.823972e-05	0.1	1.243705e-06	0.09703348	0.1	1.243705e-06	7.343066e-05	0.1	1.243705e-06	1.55491e-05	0.1	1.243705e-06	0.00134606	0.1	1.243705e-06	6.280709e-06	0.1	1.243705e-06	6.091314e-10	0.1
1.389815e-06	0.782279	0.1	1.389815e-06	1.166502e-106	0.1	1.389815e-06	0.0001532737	0.1	1.389815e-06	0.0003396093	0.1	1.389815e-06	0.0004798068	0.1	1.389815e-06	0.0004142485	0.1	1.389815e-06	8.099628e-05	0.1	1.389815e-06	0.1066673	0.1	1.389815e-06	7.374444e-05	0.1	1.389815e-06	1.591166e-05	0.1	1.389815e-06	0.001322687	0.1	1.389815e-06	6.441204e-06	0.1	1.389815e-06	6.087728e-10	0.1
1.479349e-06	0.7708057	0.1	1.479349e-06	1.229296e-106	0.1	1.479349e-06	0.0001510258	0.1	1.479349e-06	0.0003481461	0.1	1.479349e-06	0.0004918692	0.1	1.479349e-06	0.0004083372	0.1	1.479349e-06	8.225434e-05	0.1	1.479349e-06	0.11241	0.1	1.479349e-06	7.384408e-05	0.1	1.479349e-06	1.608802e-05	0.1	1.479349e-06	0.001308728	0.1	1.479349e-06	6.519504e-06	0.1	1.479349e-06	6.078748e-10	0.1
1.588495e-06	0.7571407	0.1	1.588495e-06	1.304224e-106	0.1	1.588495e-06	0.0001483486	0.1	1.588495e-06	0.0003571366	0.1	1.588495e-06	0.0005045728	0.1	1.588495e-06	0.000401288	0.1	1.588495e-06	8.344775e-05	0.1	1.588495e-06	0.1192517	0.1	1.588495e-06	7.38816e-05	0.1	1.588495e-06	1.626248e-05	0.1	1.588495e-06	0.001292072	0.1	1.588495e-06	6.597328e-06	0.1	1.588495e-06	6.062003e-10	0.1
1.738763e-06	0.738884	0.1	1.738763e-06	1.404596e-106	0.1	1.738763e-06	0.0001447717	0.1	1.738763e-06	0.0003672063	0.1	1.738763e-06	0.0005188013	0.1	1.738763e-06	0.0003918559	0.1	1.738763e-06	8.461309e-05	0.1	1.738763e-06	0.1283954	0.1	1.738763e-06	7.380081e-05	0.1	1.738763e-06	1.643989e-05	0.1	1.738763e-06	0.001269763	0.1	1.738763e-06	6.677276e-06	0.1	1.738763e-06	6.030381e-10	0.1
1.931104e-06	0.7164125	0.1	1.931104e-06	1.528624e-106	0.1	1.931104e-06	0.000140369	0.1	1.931104e-06	0.0003766806	0.1	1.931104e-06	0.000532189	0.1	1.931104e-06	0.0003802255	0.1	1.931104e-06	8.550187e-05	0.1	1.931104e-06	0.1396545	0.1	1.931104e-06	7.350922e-05	0.1	1.931104e-06	1.65791e-05	0.1	1.931104e-06	0.001242213	0.1	1.931104e-06	6.74171e-06	0.1	1.931104e-06	5.978659e-10	0.1
2.188056e-06	0.6878675	0.1	2.188056e-06	1.687098e-106	0.1	2.188056e-06	0.0001347763	0.1	2.188056e-06	0.0003843701	0.1	2.188056e-06	0.0005430549	0.1	2.188056e-06	0.000365422	0.1	2.188056e-06	8.594044e-05	0.1	2.188056e-06	0.1539632	0.1	2.188056e-06	7.285964e-05	0.1	2.188056e-06	1.664466e-05	0.1	2.188056e-06	0.001207062	0.1	2.188056e-06	6.776093e-06	0.1	2.188056e-06	5.895325e-10	0.1
2.445008e-06	0.6608912	0.1	2.445008e-06	1.838016e-106	0.1	2.445008e-06	0.000129491	0.1	2.445008e-06	0.000387542	0.1	2.445008e-06	0.0005475379	0.1	2.445008e-06	0.0003514057	0.1	2.445008e-06	8.57816e-05	0.1	2.445008e-06	0.1674916	0.1	2.445008e-06	7.198775e-05	0.1	2.445008e-06	1.66068e-05	0.1	2.445008e-06	0.001173672	0.1	2.445008e-06	6.766241e-06	0.1	2.445008e-06	5.800783e-10	0.1
2.714968e-06	0.6341107	0.1	2.714968e-06	1.98919e-106	0.1	2.714968e-06	0.0001242439	0.1	2.714968e-06	0.0003871448	0.1	2.714968e-06	0.000546978	0.1	2.714968e-06	0.0003374702	0.1	2.714968e-06	8.516846e-05	0.1	2.714968e-06	0.1809271	0.1	2.714968e-06	7.090142e-05	0.1	2.714968e-06	1.648598e-05	0.1	2.714968e-06	0.001140346	0.1	2.714968e-06	6.721308e-06	0.1	2.714968e-06	5.693571e-10	0.1
3.036961e-06	0.604093	0.1	3.036961e-06	2.160586e-106	0.1	3.036961e-06	0.0001183626	0.1	3.036961e-06	0.0003829669	0.1	3.036961e-06	0.0005410764	0.1	3.036961e-06	0.0003218308	0.1	3.036961e-06	8.402654e-05	0.1	3.036961e-06	0.1959923	0.1	3.036961e-06	6.945213e-05	0.1	3.036961e-06	1.626507e-05	0.1	3.036961e-06	0.001102761	0.1	3.036961e-06	6.634973e-06	0.1	3.036961e-06	5.559369e-10	0.1
3.371907e-06	0.5749006	0.1	3.371907e-06	2.329675e-106	0.1	3.371907e-06	0.0001126429	0.1	3.371907e-06	0.0003755908	0.1	3.371907e-06	0.0005306558	0.1	3.371907e-06	0.0003066072	0.1	3.371907e-06	8.252468e-05	0.1	3.371907e-06	0.2106482	0.1	3.371907e-06	6.783579e-05	0.1	3.371907e-06	1.597534e-05	0.1	3.371907e-06	0.001065953	0.1	3.371907e-06	6.519591e-06	0.1	3.371907e-06	5.416237e-10	0.1
3.758668e-06	0.5435321	0.1	3.758668e-06	2.514616e-106	0.1	3.758668e-06	0.0001064968	0.1	3.758668e-06	0.0003645432	0.1	3.758668e-06	0.0005150479	0.1	3.758668e-06	0.0002902392	0.1	3.758668e-06	8.054677e-05	0.1	3.758668e-06	0.2264013	0.1	3.758668e-06	6.590046e-05	0.1	3.758668e-06	1.559351e-05	0.1	3.758668e-06	0.001026089	0.1	3.758668e-06	6.366098e-06	0.1	3.758668e-06	5.250201e-10	0.1
4.145429e-06	0.5144321	0.1	4.145429e-06	2.689867e-106	0.1	4.145429e-06	0.0001007952	0.1	4.145429e-06	0.0003518498	0.1	4.145429e-06	0.0004971144	0.1	4.145429e-06	0.0002750514	0.1	4.145429e-06	7.842522e-05	0.1	4.145429e-06	0.241019	0.1	4.145429e-06	6.394472e-05	0.1	4.145429e-06	1.518335e-05	0.1	4.145429e-06	0.0009887859	0.1	4.145429e-06	6.200338e-06	0.1	4.145429e-06	5.086163e-10	0.1
4.53219e-06	0.487381	0.1	4.53219e-06	2.856658e-106	0.1	4.53219e-06	9.549496e-05	0.1	4.53219e-06	0.0003382877	0.1	4.53219e-06	0.0004779533	0.1	4.53219e-06	0.0002609343	0.1	4.53219e-06	7.62417e-05	0.1	4.53219e-06	0.2546103	0.1	4.53219e-06	6.200562e-05	0.1	4.53219e-06	1.476063e-05	0.1	4.53219e-06	0.0009537994	0.1	4.53219e-06	6.028966e-06	0.1	4.53219e-06	4.926008e-10	0.1
4.91895e-06	0.4621859	0.1	4.91895e-06	3.016053e-106	0.1	4.91895e-06	9.055841e-05	0.1	4.91895e-06	0.000324385	0.1	4.91895e-06	0.0004583109	0.1	4.91895e-06	0.0002477904	0.1	4.91895e-06	7.404965e-05	0.1	4.91895e-06	0.2672713	0.1	4.91895e-06	6.010685e-05	0.1	4.91895e-06	1.433579e-05	0.1	4.91895e-06	0.0009209147	0.1	4.91895e-06	5.856386e-06	0.1	4.91895e-06	4.770876e-10	0.1
5.353564e-06	0.4358785	0.1	5.353564e-06	3.187488e-106	0.1	5.353564e-06	8.540389e-05	0.1	5.353564e-06	0.0003087903	0.1	5.353564e-06	0.000436278	0.1	5.353564e-06	0.000234074	0.1	5.353564e-06	7.161881e-05	0.1	5.353564e-06	0.2804931	0.1	5.353564e-06	5.803917e-05	0.1	5.353564e-06	1.386423e-05	0.1	5.353564e-06	0.0008862352	0.1	5.353564e-06	5.664559e-06	0.1	5.353564e-06	4.60332e-10	0.1
5.820079e-06	0.4097704	0.1	5.820079e-06	3.363701e-106	0.1	5.820079e-06	8.028842e-05	0.1	5.820079e-06	0.0002924303	0.1	5.820079e-06	0.0004131638	0.1	5.820079e-06	0.0002204723	0.1	5.820079e-06	6.908057e-05	0.1	5.820079e-06	0.2936164	0.1	5.820079e-06	5.590986e-05	0.1	5.820079e-06	1.337146e-05	0.1	5.820079e-06	0.000851431	0.1	5.820079e-06	5.463894e-06	0.1	5.820079e-06	4.431864e-10	0.1
6.286595e-06	0.3856467	0.1	6.286595e-06	3.533e-106	0.1	6.286595e-06	7.556176e-05	0.1	6.286595e-06	0.0002766897	0.1	6.286595e-06	0.0003909246	0.1	6.286595e-06	0.0002079166	0.1	6.286595e-06	6.663649e-05	0.1	6.286595e-06	0.3057435	0.1	6.286595e-06	5.387998e-05	0.1	6.286595e-06	1.289671e-05	0.1	6.286595e-06	0.0008188865	0.1	6.286595e-06	5.270419e-06	0.1	6.286595e-06	4.269166e-10	0.1
6.791749e-06	0.3615345	0.1	6.791749e-06	3.709709e-106	0.1	6.791749e-06	7.083734e-05	0.1	6.791749e-06	0.0002604858	0.1	6.791749e-06	0.0003680307	0.1	6.791749e-06	0.0001953806	0.1	6.791749e-06	6.410806e-05	0.1	6.791749e-06	0.3178661	0.1	6.791749e-06	5.17953e-05	0.1	6.791749e-06	1.240537e-05	0.1	6.791749e-06	0.0007859401	0.1	6.791749e-06	5.070073e-06	0.1	6.791749e-06	4.10263e-10	0.1
7.354863e-06	0.3368602	0.1	7.354863e-06	3.899901e-106	0.1	7.354863e-06	6.600278e-05	0.1	7.354863e-06	0.000243528	0.1	7.354863e-06	0.0003440717	0.1	7.354863e-06	0.0001825687	0.1	7.354863e-06	6.143906e-05	0.1	7.354863e-06	0.3302723	0.1	7.354863e-06	4.960697e-05	0.1	7.354863e-06	1.188654e-05	0.1	7.354863e-06	0.0007517367	0.1	7.354863e-06	4.858432e-06	0.1	7.354863e-06	3.928246e-10	0.1
7.917976e-06	0.3142597	0.1	7.917976e-06	4.084173e-106	0.1	7.917976e-06	6.157456e-05	0.1	7.917976e-06	0.0002277429	0.1	7.917976e-06	0.0003217696	0.1	7.917976e-06	0.0001708498	0.1	7.917976e-06	5.892569e-05	0.1	7.917976e-06	0.3416367	0.1	7.917976e-06	4.75546e-05	0.1	7.917976e-06	1.139785e-05	0.1	7.917976e-06	0.0007199144	0.1	7.917976e-06	4.659024e-06	0.1	7.917976e-06	3.764976e-10	0.1
8.572712e-06	0.2902948	0.1	8.572712e-06	4.292405e-106	0.1	8.572712e-06	5.687899e-05	0.1	8.572712e-06	0.000210811	0.1	8.572712e-06	0.0002978471	0.1	8.572712e-06	0.0001584422	0.1	8.572712e-06	5.61903e-05	0.1	8.572712e-06	0.3536882	0.1	8.572712e-06	4.532756e-05	0.1	8.572712e-06	1.086588e-05	0.1	8.572712e-06	0.0006855802	0.1	8.572712e-06	4.44191e-06	0.1	8.572712e-06	3.588012e-10	0.1
9.250353e-06	0.2678074	0.1	9.250353e-06	4.50252e-106	0.1	9.250353e-06	5.247293e-05	0.1	9.250353e-06	0.0001947925	0.1	9.250353e-06	0.0002752152	0.1	9.250353e-06	0.0001468187	0.1	9.250353e-06	5.355669e-05	0.1	9.250353e-06	0.3649976	0.1	9.250353e-06	4.318804e-05	0.1	9.250353e-06	1.035362e-05	0.1	9.250353e-06	0.000652726	0.1	9.250353e-06	4.232809e-06	0.1	9.250353e-06	3.418123e-10	0.1
1.001621e-05	0.2448804	0.1	1.001621e-05	4.734939e-106	0.1	1.001621e-05	4.798073e-05	0.1	1.001621e-05	0.0001783707	0.1	1.001621e-05	0.0002520134	0.1	1.001621e-05	0.0001349883	0.1	1.001621e-05	5.080122e-05	0.1	1.001621e-05	0.376529	0.1	1.001621e-05	4.095295e-05	0.1	1.001621e-05	9.817572e-06	0.1	1.001621e-05	0.0006184906	0.1	1.001621e-05	4.013975e-06	0.1	1.001621e-05	3.240705e-10	0.1
1.084087e-05	0.222769	0.1	1.084087e-05	4.980833e-106	0.1	1.084087e-05	4.364831e-05	0.1	1.084087e-05	0.0001624752	0.1	1.084087e-05	0.0002295553	0.1	1.084087e-05	0.0001235999	0.1	1.084087e-05	4.807011e-05	0.1	1.084087e-05	0.3876513	0.1	1.084087e-05	3.874004e-05	0.1	1.084087e-05	9.28618e-06	0.1	1.084087e-05	0.0005846445	0.1	1.084087e-05	3.797026e-06	0.1	1.084087e-05	3.065059e-10	0.1
1.175421e-05	0.2009785	0.1	1.175421e-05	5.249589e-106	0.1	1.175421e-05	3.93788e-05	0.1	1.175421e-05	0.0001467747	0.1	1.175421e-05	0.0002073726	0.1	1.175421e-05	0.0001123983	0.1	1.175421e-05	4.529859e-05	0.1	1.175421e-05	0.3986133	0.1	1.175421e-05	3.649611e-05	0.1	1.175421e-05	8.746834e-06	0.1	1.175421e-05	0.0005503461	0.1	1.175421e-05	3.576823e-06	0.1	1.175421e-05	2.886923e-10	0.1
1.28006e-05	0.1790047	0.1	1.28006e-05	5.554758e-106	0.1	1.28006e-05	3.507336e-05	0.1	1.28006e-05	0.0001309196	0.1	1.28006e-05	0.0001849715	0.1	1.28006e-05	0.0001011255	0.1	1.28006e-05	4.24099e-05	0.1	1.28006e-05	0.4096689	0.1	1.28006e-05	3.415865e-05	0.1	1.28006e-05	8.184575e-06	0.1	1.28006e-05	0.0005146192	0.1	1.28006e-05	3.34726e-06	0.1	1.28006e-05	2.701294e-10	0.1
1.384698e-05	0.159755	0.1	1.384698e-05	5.858661e-106	0.1	1.384698e-05	3.130165e-05	0.1	1.384698e-05	0.0001170185	0.1	1.384698e-05	0.0001653312	0.1	1.384698e-05	9.127032e-05	0.1	1.384698e-05	3.978706e-05	0.1	1.384698e-05	0.4193552	0.1	1.384698e-05	3.203726e-05	0.1	1.384698e-05	7.673949e-06	0.1	1.384698e-05	0.000482181	0.1	1.384698e-05	3.138778e-06	0.1	1.384698e-05	2.532736e-10	0.1
1.478872e-05	0.1444259	0.1	1.478872e-05	6.13216e-106	0.1	1.478872e-05	2.829814e-05	0.1	1.478872e-05	0.0001059437	0.1	1.478872e-05	0.000149684	0.1	1.478872e-05	8.343651e-05	0.1	1.478872e-05	3.762467e-05	0.1	1.478872e-05	0.4270698	0.1	1.478872e-05	3.028889e-05	0.1	1.478872e-05	7.252871e-06	0.1	1.478872e-05	0.000455429	0.1	1.478872e-05	2.966858e-06	0.1	1.478872e-05	2.393736e-10	0.1
1.531191e-05	0.1366314	0.1	1.531191e-05	6.284375e-106	0.1	1.531191e-05	2.677093e-05	0.1	1.531191e-05	0.0001003111	0.1	1.531191e-05	0.0001417259	0.1	1.531191e-05	7.945819e-05	0.1	1.531191e-05	3.649602e-05	0.1	1.531191e-05	0.4309929	0.1	1.531191e-05	2.937656e-05	0.1	1.531191e-05	7.033053e-06	0.1	1.531191e-05	0.0004414609	0.1	1.531191e-05	2.877111e-06	0.1	1.531191e-05	2.321168e-10	0.1
1.590601e-05	0.1283468	0.1	1.590601e-05	6.457607e-106	0.1	1.590601e-05	2.514768e-05	0.1	1.590601e-05	9.432341e-05	0.1	1.590601e-05	0.0001332661	0.1	1.590601e-05	7.523353e-05	0.1	1.590601e-05	3.527212e-05	0.1	1.590601e-05	0.4351631	0.1	1.590601e-05	2.838742e-05	0.1	1.590601e-05	6.794653e-06	0.1	1.590601e-05	0.0004263092	0.1	1.590601e-05	2.779776e-06	0.1	1.590601e-05	2.242459e-10	0.1
1.654738e-05	0.120026	0.1	1.654738e-05	6.645214e-106	0.1	1.654738e-05	2.351734e-05	0.1	1.654738e-05	8.830862e-05	0.1	1.654738e-05	0.000124768	0.1	1.654738e-05	7.09944e-05	0.1	1.654738e-05	3.401498e-05	0.1	1.654738e-05	0.4393519	0.1	1.654738e-05	2.737163e-05	0.1	1.654738e-05	6.549739e-06	0.1	1.654738e-05	0.00041074	0.1	1.654738e-05	2.679783e-06	0.1	1.654738e-05	2.161593e-10	0.1
1.735398e-05	0.1103981	0.1	1.735398e-05	6.8822e-106	0.1	1.735398e-05	2.163091e-05	0.1	1.735398e-05	8.134791e-05	0.1	1.735398e-05	0.0001149335	0.1	1.735398e-05	6.609457e-05	0.1	1.735398e-05	3.252119e-05	0.1	1.735398e-05	0.4441992	0.1	1.735398e-05	2.616494e-05	0.1	1.735398e-05	6.258669e-06	0.1	1.735398e-05	0.0003922308	0.1	1.735398e-05	2.560946e-06	0.1	1.735398e-05	2.065474e-10	0.1
1.82019e-05	0.1011846	0.1	1.82019e-05	7.132765e-106	0.1	1.82019e-05	1.982565e-05	0.1	1.82019e-05	7.468547e-05	0.1	1.82019e-05	0.0001055204	0.1	1.82019e-05	6.141091e-05	0.1	1.82019e-05	3.104689e-05	0.1	1.82019e-05	0.4488386	0.1	1.82019e-05	2.497436e-05	0.1	1.82019e-05	5.971335e-06	0.1	1.82019e-05	0.0003739521	0.1	1.82019e-05	2.443636e-06	0.1	1.82019e-05	1.970572e-10	0.1
1.926887e-05	0.09076498	0.1	1.926887e-05	7.4504e-106	0.1	1.926887e-05	1.778408e-05	0.1	1.926887e-05	6.714915e-05	0.1	1.926887e-05	9.487259e-05	0.1	1.926887e-05	5.612057e-05	0.1	1.926887e-05	2.931823e-05	0.1	1.926887e-05	0.4540862	0.1	1.926887e-05	2.357893e-05	0.1	1.926887e-05	5.634338e-06	0.1	1.926887e-05	0.0003525037	0.1	1.926887e-05	2.30605e-06	0.1	1.926887e-05	1.859244e-10	0.1
2.050174e-05	0.0801522	0.1	2.050174e-05	7.820912e-106	0.1	2.050174e-05	1.570466e-05	0.1	2.050174e-05	5.947079e-05	0.1	2.050174e-05	8.402412e-05	0.1	2.050174e-05	5.073937e-05	0.1	2.050174e-05	2.747804e-05	0.1	2.050174e-05	0.4594323	0.1	2.050174e-05	2.209427e-05	0.1	2.050174e-05	5.275482e-06	0.1	2.050174e-05	0.0003296494	0.1	2.050174e-05	2.15954e-06	0.1	2.050174e-05	1.74066e-10	0.1
2.198346e-05	0.06913079	0.1	2.198346e-05	8.27139e-106	0.1	2.198346e-05	1.354518e-05	0.1	2.198346e-05	5.149362e-05	0.1	2.198346e-05	7.275346e-05	0.1	2.198346e-05	4.515893e-05	0.1	2.198346e-05	2.546311e-05	0.1	2.198346e-05	0.4649857	0.1	2.198346e-05	2.046979e-05	0.1	2.198346e-05	4.882389e-06	0.1	2.198346e-05	0.0003045939	0.1	2.198346e-05	1.999053e-06	0.1	2.198346e-05	1.610713e-10	0.1
2.346518e-05	0.05971032	0.1	2.346518e-05	8.727613e-106	0.1	2.346518e-05	1.169938e-05	0.1	2.346518e-05	4.46718e-05	0.1	2.346518e-05	6.311516e-05	0.1	2.346518e-05	4.039569e-05	0.1	2.346518e-05	2.363627e-05	0.1	2.346518e-05	0.469734	0.1	2.346518e-05	1.89983e-05	0.1	2.346518e-05	4.525822e-06	0.1	2.346518e-05	0.0002818438	0.1	2.346518e-05	1.853479e-06	0.1	2.346518e-05	1.492783e-10	0.1
2.435421e-05	0.05471892	0.1	2.435421e-05	9.004084e-106	0.1	2.435421e-05	1.072139e-05	0.1	2.435421e-05	4.105568e-05	0.1	2.435421e-05	5.800608e-05	0.1	2.435421e-05	3.787444e-05	0.1	2.435421e-05	2.262058e-05	0.1	2.435421e-05	0.4722506	0.1	2.435421e-05	1.818085e-05	0.1	2.435421e-05	4.327494e-06	0.1	2.435421e-05	0.0002691787	0.1	2.435421e-05	1.772508e-06	0.1	2.435421e-05	1.427161e-10	0.1
2.479873e-05	0.05239	0.1	2.479873e-05	9.143077e-106	0.1	2.479873e-05	1.026507e-05	0.1	2.479873e-05	3.9368e-05	0.1	2.479873e-05	5.562161e-05	0.1	2.479873e-05	3.669867e-05	0.1	2.479873e-05	2.213357e-05	0.1	2.479873e-05	0.473425	0.1	2.479873e-05	1.778911e-05	0.1	2.479873e-05	4.232378e-06	0.1	2.479873e-05	0.0002631013	0.1	2.479873e-05	1.733674e-06	0.1	2.479873e-05	1.395681e-10	0.1
2.526057e-05	0.05008036	0.1	2.526057e-05	9.288016e-106	0.1	2.526057e-05	9.812528e-06	0.1	2.526057e-05	3.769396e-05	0.1	2.526057e-05	5.325642e-05	0.1	2.526057e-05	3.553302e-05	0.1	2.526057e-05	2.164158e-05	0.1	2.526057e-05	0.4745898	0.1	2.526057e-05	1.73935e-05	0.1	2.526057e-05	4.136273e-06	0.1	2.526057e-05	0.0002569584	0.1	2.526057e-05	1.694437e-06	0.1	2.526057e-05	1.363868e-10	0.1
2.597844e-05	0.0467	0.1	2.597844e-05	9.514355e-106	0.1	2.597844e-05	9.150196e-06	0.1	2.597844e-05	3.524324e-05	0.1	2.597844e-05	4.979388e-05	0.1	2.597844e-05	3.382769e-05	0.1	2.597844e-05	2.090396e-05	0.1	2.597844e-05	0.4762949	0.1	2.597844e-05	1.680068e-05	0.1	2.597844e-05	3.992154e-06	0.1	2.597844e-05	0.0002477419	0.1	2.597844e-05	1.635596e-06	0.1	2.597844e-05	1.316149e-10	0.1
2.717193e-05	0.04159783	0.1	2.717193e-05	9.893419e-106	0.1	2.717193e-05	8.150502e-06	0.1	2.717193e-05	3.15426e-05	0.1	2.717193e-05	4.456539e-05	0.1	2.717193e-05	3.125533e-05	0.1	2.717193e-05	1.974623e-05	0.1	2.717193e-05	0.4788691	0.1	2.717193e-05	1.587105e-05	0.1	2.717193e-05	3.765869e-06	0.1	2.717193e-05	0.0002332579	0.1	2.717193e-05	1.543207e-06	0.1	2.717193e-05	1.24119e-10	0.1
2.856442e-05	0.03637045	0.1	2.856442e-05	1.033989e-105	0.1	2.856442e-05	7.126273e-06	0.1	2.856442e-05	2.774871e-05	0.1	2.856442e-05	3.920514e-05	0.1	2.856442e-05	2.862185e-05	0.1	2.856442e-05	1.849497e-05	0.1	2.856442e-05	0.4815075	0.1	2.856442e-05	1.486767e-05	0.1	2.856442e-05	3.521175e-06	0.1	2.856442e-05	0.0002175753	0.1	2.856442e-05	1.443299e-06	0.1	2.856442e-05	1.160081e-10	0.1
3.008959e-05	0.03141943	0.1	3.008959e-05	1.083381e-105	0.1	3.008959e-05	6.156193e-06	0.1	3.008959e-05	2.415254e-05	0.1	3.008959e-05	3.412424e-05	0.1	3.008959e-05	2.612952e-05	0.1	3.008959e-05	1.723567e-05	0.1	3.008959e-05	0.4840075	0.1	3.008959e-05	1.385958e-05	0.1	3.008959e-05	3.274755e-06	0.1	3.008959e-05	0.000201756	0.1	3.008959e-05	1.342682e-06	0.1	3.008959e-05	1.078332e-10	0.1
3.161475e-05	0.02716112	0.1	3.161475e-05	1.133253e-105	0.1	3.161475e-05	5.321839e-06	0.1	3.161475e-05	2.10567e-05	0.1	3.161475e-05	2.975024e-05	0.1	3.161475e-05	2.39874e-05	0.1	3.161475e-05	1.608107e-05	0.1	3.161475e-05	0.4861589	0.1	3.161475e-05	1.293723e-05	0.1	3.161475e-05	3.048665e-06	0.1	3.161475e-05	0.0001872136	0.1	3.161475e-05	1.25036e-06	0.1	3.161475e-05	1.003254e-10	0.1
3.313992e-05	0.02349408	0.1	3.313992e-05	1.18357e-105	0.1	3.313992e-05	4.603337e-06	0.1	3.313992e-05	1.838805e-05	0.1	3.313992e-05	2.597981e-05	0.1	3.313992e-05	2.214386e-05	0.1	3.313992e-05	1.502094e-05	0.1	3.313992e-05	0.4880125	0.1	3.313992e-05	1.209237e-05	0.1	3.313992e-05	2.840919e-06	0.1	3.313992e-05	0.0001738216	0.1	3.313992e-05	1.165522e-06	0.1	3.313992e-05	9.341905e-11	0.1
3.466508e-05	0.02033285	0.1	3.466508e-05	1.2343e-105	0.1	3.466508e-05	3.983941e-06	0.1	3.466508e-05	1.608499e-05	0.1	3.466508e-05	2.27259e-05	0.1	3.466508e-05	2.055546e-05	0.1	3.466508e-05	1.40464e-05	0.1	3.466508e-05	0.4896113	0.1	3.466508e-05	1.131785e-05	0.1	3.466508e-05	2.649796e-06	0.1	3.466508e-05	0.0001614703	0.1	3.466508e-05	1.087465e-06	0.1	3.466508e-05	8.705741e-11	0.1
3.588521e-05	0.0181191	0.1	3.588521e-05	1.275158e-105	0.1	3.588521e-05	3.550189e-06	0.1	3.588521e-05	1.447048e-05	0.1	3.588521e-05	2.044481e-05	0.1	3.588521e-05	1.944361e-05	0.1	3.588521e-05	1.332317e-05	0.1	3.588521e-05	0.4907316	0.1	3.588521e-05	1.074465e-05	0.1	3.588521e-05	2.507853e-06	0.1	3.588521e-05	0.0001522738	0.1	3.588521e-05	1.029486e-06	0.1	3.588521e-05	8.232677e-11	0.1
3.634276e-05	0.01735379	0.1	3.634276e-05	1.290539e-105	0.1	3.634276e-05	3.400237e-06	0.1	3.634276e-05	1.391193e-05	0.1	3.634276e-05	1.965566e-05	0.1	3.634276e-05	1.905932e-05	0.1	3.634276e-05	1.306406e-05	0.1	3.634276e-05	0.491119	0.1	3.634276e-05	1.053969e-05	0.1	3.634276e-05	2.456977e-06	0.1	3.634276e-05	0.0001489719	0.1	3.634276e-05	1.008704e-06	0.1	3.634276e-05	8.062979e-11	0.1
3.679706e-05	0.0166265	0.1	3.679706e-05	1.305841e-105	0.1	3.679706e-05	3.257735e-06	0.1	3.679706e-05	1.338093e-05	0.1	3.679706e-05	1.890543e-05	0.1	3.679706e-05	1.869417e-05	0.1	3.679706e-05	1.281306e-05	0.1	3.679706e-05	0.4914873	0.1	3.679706e-05	1.034135e-05	0.1	3.679706e-05	2.40768e-06	0.1	3.679706e-05	0.0001457693	0.1	3.679706e-05	9.885651e-07	0.1	3.679706e-05	7.898468e-11	0.1
3.7406e-05	0.01570008	0.1	3.7406e-05	1.326398e-105	0.1	3.7406e-05	3.076216e-06	0.1	3.7406e-05	1.270423e-05	0.1	3.7406e-05	1.794934e-05	0.1	3.7406e-05	1.822911e-05	0.1	3.7406e-05	1.248614e-05	0.1	3.7406e-05	0.4919565	0.1	3.7406e-05	1.008336e-05	0.1	3.7406e-05	2.343451e-06	0.1	3.7406e-05	0.0001415917	0.1	3.7406e-05	9.62325e-07	0.1	3.7406e-05	7.684002e-11	0.1
3.819545e-05	0.01457674	0.1	3.819545e-05	1.353126e-105	0.1	3.819545e-05	2.856116e-06	0.1	3.819545e-05	1.188317e-05	0.1	3.819545e-05	1.678929e-05	0.1	3.819545e-05	1.766529e-05	0.1	3.819545e-05	1.207794e-05	0.1	3.819545e-05	0.4925256	0.1	3.819545e-05	9.761811e-06	0.1	3.819545e-05	2.263224e-06	0.1	3.819545e-05	0.0001363648	0.1	3.819545e-05	9.295464e-07	0.1	3.819545e-05	7.415906e-11	0.1
3.926484e-05	0.01318413	0.1	3.926484e-05	1.389462e-105	0.1	3.926484e-05	2.583253e-06	0.1	3.926484e-05	1.086439e-05	0.1	3.926484e-05	1.53499e-05	0.1	3.926484e-05	1.696646e-05	0.1	3.926484e-05	1.155189e-05	0.1	3.926484e-05	0.4932315	0.1	3.926484e-05	9.348489e-06	0.1	3.926484e-05	2.159775e-06	0.1	3.926484e-05	0.0001296092	0.1	3.926484e-05	8.87275e-07	0.1	3.926484e-05	7.069825e-11	0.1
3.993321e-05	0.01238316	0.1	3.993321e-05	1.412245e-105	0.1	3.993321e-05	2.426315e-06	0.1	3.993321e-05	1.027794e-05	0.1	3.993321e-05	1.452132e-05	0.1	3.993321e-05	1.65646e-05	0.1	3.993321e-05	1.123809e-05	0.1	3.993321e-05	0.4936377	0.1	3.993321e-05	9.102575e-06	0.1	3.993321e-05	2.098035e-06	0.1	3.993321e-05	0.0001255676	0.1	3.993321e-05	8.620434e-07	0.1	3.993321e-05	6.863047e-11	0.1
4.08282e-05	0.01138737	0.1	4.08282e-05	1.442835e-105	0.1	4.08282e-05	2.231203e-06	0.1	4.08282e-05	9.548233e-06	0.1	4.08282e-05	1.349035e-05	0.1	4.08282e-05	1.606506e-05	0.1	4.08282e-05	1.083508e-05	0.1	4.08282e-05	0.4941428	0.1	4.08282e-05	8.787543e-06	0.1	4.08282e-05	2.018708e-06	0.1	4.08282e-05	0.0001203629	0.1	4.08282e-05	8.296204e-07	0.1	4.08282e-05	6.597088e-11	0.1
4.183254e-05	0.0103662	0.1	4.183254e-05	1.477271e-105	0.1	4.183254e-05	2.03112e-06	0.1	4.183254e-05	8.799168e-06	0.1	4.183254e-05	1.243202e-05	0.1	4.183254e-05	1.555288e-05	0.1	4.183254e-05	1.040523e-05	0.1	4.183254e-05	0.4946611	0.1	4.183254e-05	8.452605e-06	0.1	4.183254e-05	1.934048e-06	0.1	4.183254e-05	0.0001147915	0.1	4.183254e-05	7.950119e-07	0.1	4.183254e-05	6.312864e-11	0.1
