Batch	m_SP	7	P1	R	W4_L	W3	P2_L	P3	P4											
0.1781361	9.8675663365734e-06	0.1	0.1781361	2.931475e-09	0.1	0.1781361	1.712846e-08	0.1	0.1781361	2.177373e-08	0.1	0.1781361	8.42308926e-08	0.1	0.1781361	3.756075e-09	0.1	0.1781361	2.51177e-09	0.1
0.3656889	9.7301317516438e-06	0.1	0.3656889	5.976013e-09	0.1	0.3656889	3.491746e-08	0.1	0.3656889	4.438715e-08	0.1	0.3656889	1.7171015799999998e-07	0.1	0.3656889	7.657022e-09	0.1	0.3656889	5.120405e-09	0.1
0.4594653	9.6621344452234e-06	0.1	0.4594653	7.48233e-09	0.1	0.4594653	4.371884e-08	0.1	0.4594653	5.557547e-08	0.1	0.4594653	2.14991788e-07	0.1	0.4594653	9.587049e-09	0.1	0.4594653	6.411066e-09	0.1
0.6470182	9.5275608651123e-06	0.1	0.6470182	1.046347e-08	0.1	0.6470182	6.11375e-08	0.1	0.6470182	7.771811e-08	0.1	0.6470182	3.00649732e-07	0.1	0.6470182	1.340676e-08	0.1	0.6470182	8.965392e-09	0.1
1.007333	9.274262619219999e-06	0.1	1.007333	1.607466e-08	0.1	1.007333	9.392333e-08	0.1	1.007333	1.193955e-07	0.1	1.007333	4.6187731899999997e-07	0.1	1.007333	2.059633e-08	0.1	1.007333	1.377321e-08	0.1
1.546186	8.9079657929304e-06	0.1	1.546186	2.418906e-08	0.1	1.546186	1.413354e-07	0.1	1.546186	1.796658e-07	0.1	1.546186	6.95030701e-07	0.1	1.546186	3.099325e-08	0.1	1.546186	2.072585e-08	0.1
2.085038	8.55613588147e-06	0.1	2.085038	3.1983e-08	0.1	2.085038	1.868748e-07	0.1	2.085038	2.375556e-07	0.1	2.085038	9.1897553e-07	0.1	2.085038	4.097956e-08	0.1	2.085038	2.74039e-08	0.1
2.623891	8.2182021332665e-06	0.1	2.623891	3.946908e-08	0.1	2.623891	2.306156e-07	0.1	2.623891	2.93159e-07	0.1	2.623891	1.13407501e-06	0.1	2.623891	5.057142e-08	0.1	2.623891	3.381819e-08	0.1
3.162744	7.893616222369499e-06	0.1	3.162744	4.665953e-08	0.1	3.162744	2.726288e-07	0.1	3.162744	3.465663e-07	0.1	3.162744	1.34067964e-06	0.1	3.162744	5.978449e-08	0.1	3.162744	3.997913e-08	0.1
3.701597	7.581850291313701e-06	0.1	3.701597	5.356595e-08	0.1	3.701597	3.129827e-07	0.1	3.701597	3.978642e-07	0.1	3.701597	1.5391238999999999e-06	0.1	3.701597	6.863364e-08	0.1	3.701597	4.589675e-08	0.1
4.240449	7.2823973384404e-06	0.1	4.240449	6.019963e-08	0.1	4.240449	3.517428e-07	0.1	4.240449	4.471361e-07	0.1	4.240449	1.7297304e-06	0.1	4.240449	7.713333e-08	0.1	4.240449	5.158064e-08	0.1
4.779302	6.9947723622303e-06	0.1	4.779302	6.657128e-08	0.1	4.779302	3.889719e-07	0.1	4.779302	4.944619e-07	0.1	4.779302	1.91280853e-06	0.1	4.779302	8.529728e-08	0.1	4.779302	5.704005e-08	0.1
5.496349	6.6295707923028e-06	0.1	5.496349	7.466145e-08	0.1	5.496349	4.362423e-07	0.1	5.496349	5.545521e-07	0.1	5.496349	2.1452654e-06	0.1	5.496349	9.566314e-08	0.1	5.496349	6.397192e-08	0.1
6.632535	6.0895400528896e-06	0.1	6.632535	8.662454e-08	0.1	6.632535	5.06142e-07	0.1	6.632535	6.434087e-07	0.1	6.632535	2.48900443e-06	0.1	6.632535	1.109914e-07	0.1	6.632535	7.422223e-08	0.1
8.376112	5.3451129090528e-06	0.1	8.376112	1.031156e-07	0.1	8.376112	6.024982e-07	0.1	8.376112	7.658969e-07	0.1	8.376112	2.96284501e-06	0.1	8.376112	1.321212e-07	0.1	8.376112	8.83522e-08	0.1
10.84054	4.4454712070913e-06	0.1	10.84054	1.23045e-07	0.1	10.84054	7.18945e-07	0.1	10.84054	9.139242e-07	0.1	10.84054	3.53548353e-06	0.1	10.84054	1.576566e-07	0.1	10.84054	1.054283e-07	0.1
13.48517	3.647757106755e-06	0.1	13.48517	1.407165e-07	0.1	13.48517	8.221986e-07	0.1	13.48517	1.04518e-06	0.1	13.48517	4.04324368e-06	0.1	13.48517	1.80299e-07	0.1	13.48517	1.205697e-07	0.1
16.94107	2.8169954627262e-06	0.1	16.94107	1.591202e-07	0.1	16.94107	9.297301e-07	0.1	16.94107	1.181875e-06	0.1	16.94107	4.57204075e-06	0.1	16.94107	2.038794e-07	0.1	16.94107	1.363385e-07	0.1
20.93782	2.0892054078872e-06	0.1	20.93782	1.752427e-07	0.1	20.93782	1.023933e-06	0.1	20.93782	1.301626e-06	0.1	20.93782	5.03529411e-06	0.1	20.93782	2.245371e-07	0.1	20.93782	1.501527e-07	0.1
24.93456	1.5494452084799998e-06	0.1	24.93456	1.871999e-07	0.1	24.93456	1.093798e-06	0.1	24.93456	1.390439e-06	0.1	24.93456	5.37886226e-06	0.1	24.93456	2.398577e-07	0.1	24.93456	1.60398e-07	0.1
28.93131	1.149136383689e-06	0.1	28.93131	1.960678e-07	0.1	28.93131	1.145613e-06	0.1	28.93131	1.456306e-06	0.1	28.93131	5.63366858e-06	0.1	28.93131	2.512201e-07	0.1	28.93131	1.679963e-07	0.1
32.92805	8.522492376555501e-07	0.1	32.92805	2.026447e-07	0.1	32.92805	1.184042e-06	0.1	32.92805	1.505156e-06	0.1	32.92805	5.822643e-06	0.1	32.92805	2.59647e-07	0.1	32.92805	1.736315e-07	0.1
36.9248	6.320652075433799e-07	0.1	36.9248	2.075224e-07	0.1	36.9248	1.212542e-06	0.1	36.9248	1.541385e-06	0.1	36.9248	5.96279482e-06	0.1	36.9248	2.658968e-07	0.1	36.9248	1.778109e-07	0.1
40.92154	4.687671714575e-07	0.1	40.92154	2.111399e-07	0.1	40.92154	1.233679e-06	0.1	40.92154	1.568255e-06	0.1	40.92154	6.06673773e-06	0.1	40.92154	2.705319e-07	0.1	40.92154	1.809105e-07	0.1
44.91829	3.4765825924311996e-07	0.1	44.91829	2.138228e-07	0.1	44.91829	1.249355e-06	0.1	44.91829	1.588182e-06	0.1	44.91829	6.14382629e-06	0.1	44.91829	2.739694e-07	0.1	44.91829	1.832092e-07	0.1
49.23622	2.5171934587116003e-07	0.1	49.23622	2.159481e-07	0.1	49.23622	1.261773e-06	0.1	49.23622	1.603968e-06	0.1	49.23622	6.20489345e-06	0.1	49.23622	2.766926e-07	0.1	49.23622	1.850303e-07	0.1
54.03592	1.758060288279e-07	0.1	54.03592	2.176298e-07	0.1	54.03592	1.271599e-06	0.1	54.03592	1.616459e-06	0.1	54.03592	6.25321448e-06	0.1	54.03592	2.788473e-07	0.1	54.03592	1.864712e-07	0.1
58.83563	1.227865125938e-07	0.1	58.83563	2.188043e-07	0.1	58.83563	1.278462e-06	0.1	58.83563	1.625183e-06	0.1	58.83563	6.28696215e-06	0.1	58.83563	2.803522e-07	0.1	58.83563	1.874776e-07	0.1
