Batch	m_SP	13	P1	W1	W2	W3	W4	W5	W6	R	P2	P3	P4	P5	P6																							
0.0	9.9999e-06	0.1	0.0	0.0	0.1	0.0	0.0	0.1	0.0	0.0	0.1	0.0	0.0	0.1	0.0	0.0	0.1	0.0	0.0	0.1	0.0	0.0	0.1	0.0	0.0	0.1	0.0	0.0	0.1	0.0	0.0	0.1	0.0	0.0	0.1	0.0	0.0	0.1
0.1943782	9.999861000390002e-06	0.1	0.1943782	2.525241e-24	0.1	0.1943782	1.86368e-28	0.1	0.1943782	1.601816e-21	0.1	0.1943782	8.868033e-22	0.1	0.1943782	1.090023e-21	0.1	0.1943782	3.8532e-11	0.1	0.1943782	2.041297e-29	0.1	0.1943782	8.336876e-23	0.1	0.1943782	2.451972e-29	0.1	0.1943782	2.045079e-33	0.1	0.1943782	1.879395e-30	0.1	0.1943782	2.676737e-39	0.1
58.47919	9.988329115710001e-06	0.1	58.47919	2.767043e-21	0.1	58.47919	3.931972e-24	0.1	58.47919	1.453402e-18	0.1	58.47919	9.825998e-19	0.1	58.47919	1.231779e-18	0.1	58.47919	1.157153e-08	0.1	58.47919	6.318856e-27	0.1	58.47919	3.107338e-20	0.1	58.47919	7.634331e-27	0.1	58.47919	6.182828e-31	0.1	58.47919	5.802175e-28	0.1	58.47919	8.062088e-37	0.1
389.147	9.92368276218e-06	0.1	389.147	9.4203e-20	0.1	389.147	1.567139e-22	0.1	389.147	4.605398e-17	0.1	389.147	3.34531e-17	0.1	389.147	4.193916e-17	0.1	389.147	7.621839e-08	0.1	389.147	4.938676e-26	0.1	389.147	4.311637e-19	0.1	389.147	6.178548e-26	0.1	389.147	4.339368e-30	0.1	389.147	4.529738e-27	0.1	389.147	5.398801e-36	0.1
1104.912	9.78821011692e-06	0.1	1104.912	7.233487e-19	0.1	1104.912	1.22768e-21	0.1	1104.912	3.49585e-16	0.1	1104.912	2.568742e-16	0.1	1104.912	3.220383e-16	0.1	1104.912	2.116939e-07	0.1	1104.912	1.956663e-25	0.1	1104.912	2.573287e-18	0.1	1104.912	2.634347e-25	0.1	1104.912	1.551435e-29	0.1	1104.912	1.876235e-26	0.1	1104.912	1.553243e-35	0.1
2198.179	9.59255507349e-06	0.1	2198.179	2.773889e-18	0.1	2198.179	4.733859e-21	0.1	2198.179	1.336114e-15	0.1	2198.179	9.850588e-16	0.1	2198.179	1.234952e-15	0.1	2198.179	4.073526e-07	0.1	2198.179	6.103701e-25	0.1	2198.179	9.056528e-18	0.1	2198.179	8.949523e-25	0.1	2198.179	4.977029e-29	0.1	2198.179	6.432977e-26	0.1	2198.179	3.148856e-35	0.1
3922.666	9.30967790229e-06	0.1	3922.666	8.497818e-18	0.1	3922.666	1.45363e-20	0.1	3922.666	4.086595e-15	0.1	3922.666	3.017732e-15	0.1	3922.666	3.783286e-15	0.1	3922.666	6.902359e-07	0.1	3922.666	1.931007e-24	0.1	3922.666	2.644672e-17	0.1	3922.666	3.057817e-24	0.1	3922.666	1.802342e-28	0.1	3922.666	2.279132e-25	0.1	3922.666	5.769044e-35	0.1
6587.675	8.927903720070001e-06	0.1	6587.675	2.27006e-17	0.1	6587.675	3.887105e-20	0.1	6587.675	1.090547e-14	0.1	6587.675	8.061402e-15	0.1	6587.675	1.010647e-14	0.1	6587.675	1.072017e-06	0.1	6587.675	6.251562e-24	0.1	6587.675	6.703327e-17	0.1	6587.675	1.030373e-23	0.1	6587.675	6.819598e-28	0.1	6587.675	8.060282e-25	0.1	6587.675	1.00165e-34	0.1
10032.24	8.51931280602e-06	0.1	10032.24	4.927229e-17	0.1	10032.24	8.438808e-20	0.1	10032.24	2.365103e-14	0.1	10032.24	1.74975e-14	0.1	10032.24	2.193638e-14	0.1	10032.24	1.480616e-06	0.1	10032.24	1.748019e-23	0.1	10032.24	1.321691e-16	0.1	10032.24	2.803827e-23	0.1	10032.24	2.130506e-27	0.1	10032.24	2.315109e-24	0.1	10032.24	1.577418e-34	0.1
13812.23	8.160795391230001e-06	0.1	13812.23	8.714257e-17	0.1	13812.23	1.492124e-19	0.1	13812.23	4.179652e-14	0.1	13812.23	3.094594e-14	0.1	13812.23	3.87965e-14	0.1	13812.23	1.839141e-06	0.1	13812.23	3.926822e-23	0.1	13812.23	2.002555e-16	0.1	13812.23	5.747083e-23	0.1	13812.23	5.114586e-27	0.1	13812.23	5.039241e-24	0.1	13812.23	2.23347e-34	0.1
18933.88	7.7915020842e-06	0.1	18933.88	1.497624e-16	0.1	18933.88	2.562901e-19	0.1	18933.88	7.17631e-14	0.1	18933.88	5.31834e-14	0.1	18933.88	6.667531e-14	0.1	18933.88	2.208442e-06	0.1	18933.88	8.806123e-23	0.1	18933.88	2.659064e-16	0.1	18933.88	1.086372e-22	0.1	18933.88	1.207495e-26	0.1	18933.88	1.031956e-23	0.1	18933.88	3.123921e-34	0.1
24055.52	7.52271177213e-06	0.1	24055.52	2.221427e-16	0.1	24055.52	3.799272e-19	0.1	24055.52	1.063594e-13	0.1	24055.52	7.8887e-14	0.1	24055.52	9.889957e-14	0.1	24055.52	2.477238e-06	0.1	24055.52	1.623355e-22	0.1	24055.52	3.034557e-16	0.1	24055.52	1.679685e-22	0.1	24055.52	2.297957e-26	0.1	24055.52	1.70817e-23	0.1	24055.52	3.951831e-34	0.1
29177.17	7.32707272854e-06	0.1	29177.17	3.016231e-16	0.1	29177.17	5.155664e-19	0.1	29177.17	1.443112e-13	0.1	29177.17	1.07112e-13	0.1	29177.17	1.342849e-13	0.1	29177.17	2.67288e-06	0.1	29177.17	2.647173e-22	0.1	29177.17	3.248261e-16	0.1	29177.17	2.334717e-22	0.1	29177.17	3.83061e-26	0.1	29177.17	2.503766e-23	0.1	29177.17	4.674357e-34	0.1
34298.82	7.1846781525000005e-06	0.1	34298.82	3.862679e-16	0.1	34298.82	6.598908e-19	0.1	34298.82	1.846913e-13	0.1	34298.82	1.371709e-13	0.1	34298.82	1.719693e-13	0.1	34298.82	2.815278e-06	0.1	34298.82	3.97122e-22	0.1	34298.82	3.37932e-16	0.1	34298.82	3.041607e-22	0.1	34298.82	5.840049e-26	0.1	34298.82	3.396286e-23	0.1	34298.82	5.282825e-34	0.1
39420.47	7.08103518894e-06	0.1	39420.47	4.746696e-16	0.1	39420.47	8.104864e-19	0.1	39420.47	2.268247e-13	0.1	39420.47	1.68564e-13	0.1	39420.47	2.113264e-13	0.1	39420.47	2.918922e-06	0.1	39420.47	5.609565e-22	0.1	39420.47	3.465603e-16	0.1	39420.47	3.790877e-22	0.1	39420.47	8.351281e-26	0.1	39420.47	4.366309e-23	0.1	39420.47	5.786328e-34	0.1
44542.11	7.00559894331e-06	0.1	44542.11	5.658045e-16	0.1	44542.11	9.65596e-19	0.1	44542.11	2.702201e-13	0.1	44542.11	2.009277e-13	0.1	44542.11	2.519004e-13	0.1	44542.11	2.99436e-06	0.1	44542.11	7.572513e-22	0.1	44542.11	3.524974e-16	0.1	44542.11	4.573778e-22	0.1	44542.11	1.138234e-25	0.1	44542.11	5.397462e-23	0.1	44542.11	6.200074e-34	0.1
50088.99	6.94687153059e-06	0.1	50088.99	6.667309e-16	0.1	50088.99	1.137202e-18	0.1	50088.99	3.1823e-13	0.1	50088.99	2.367685e-13	0.1	50088.99	2.968335e-13	0.1	50088.99	3.053089e-06	0.1	50088.99	1.007325e-21	0.1	50088.99	3.569686e-16	0.1	50088.99	5.451407e-22	0.1	50088.99	1.526632e-25	0.1	50088.99	6.568047e-23	0.1	50088.99	6.565425e-34	0.1
56273.72	6.90130598625e-06	0.1	56273.72	7.811907e-16	0.1	56273.72	1.331604e-18	0.1	56273.72	3.726168e-13	0.1	56273.72	2.774153e-13	0.1	56273.72	3.477919e-13	0.1	56273.72	3.098655e-06	0.1	56273.72	1.33292e-21	0.1	56273.72	3.603645e-16	0.1	56273.72	6.458291e-22	0.1	56273.72	2.03478e-25	0.1	56273.72	7.924097e-23	0.1	56273.72	6.893178e-34	0.1
62458.44	6.87025729674e-06	0.1	62458.44	8.970544e-16	0.1	62458.44	1.528154e-18	0.1	62458.44	4.276044e-13	0.1	62458.44	3.185607e-13	0.1	62458.44	3.993753e-13	0.1	62458.44	3.129704e-06	0.1	62458.44	1.708458e-21	0.1	62458.44	3.626482e-16	0.1	62458.44	7.488277e-22	0.1	62458.44	2.623137e-25	0.1	62458.44	9.321077e-23	0.1	62458.44	7.157377e-34	0.1
69148.88	6.847703522280001e-06	0.1	69148.88	1.023458e-15	0.1	69148.88	1.742312e-18	0.1	69148.88	4.875175e-13	0.1	69148.88	3.634488e-13	0.1	69148.88	4.556509e-13	0.1	69148.88	3.152259e-06	0.1	69148.88	2.17146e-21	0.1	69148.88	3.642949e-16	0.1	69148.88	8.622408e-22	0.1	69148.88	3.350729e-25	0.1	69148.88	1.086713e-22	0.1	69148.88	7.390767e-34	0.1
76597.9	6.83147868453e-06	0.1	76597.9	1.165049e-15	0.1	76597.9	1.981861e-18	0.1	76597.9	5.545339e-13	0.1	76597.9	4.137304e-13	0.1	76597.9	5.186884e-13	0.1	76597.9	3.168483e-06	0.1	76597.9	2.756804e-21	0.1	76597.9	3.65476e-16	0.1	76597.9	9.903493e-22	0.1	76597.9	4.272888e-25	0.1	76597.9	1.262029e-22	0.1	76597.9	7.60514e-34	0.1
84046.92	6.82125678675e-06	0.1	84046.92	1.307216e-15	0.1	84046.92	2.222022e-18	0.1	84046.92	6.21721e-13	0.1	84046.92	4.642167e-13	0.1	84046.92	5.819824e-13	0.1	84046.92	3.178705e-06	0.1	84046.92	3.416068e-21	0.1	84046.92	3.662212e-16	0.1	84046.92	1.119883e-21	0.1	84046.92	5.313538e-25	0.1	84046.92	1.439808e-22	0.1	84046.92	7.786554e-34	0.1
92737.1	6.81400385928e-06	0.1	92737.1	1.473517e-15	0.1	92737.1	2.502485e-18	0.1	92737.1	7.001831e-13	0.1	92737.1	5.232733e-13	0.1	92737.1	6.560208e-13	0.1	92737.1	3.185958e-06	0.1	92737.1	4.278883e-21	0.1	92737.1	3.667539e-16	0.1	92737.1	1.272277e-21	0.1	92737.1	6.677592e-25	0.1	92737.1	1.649424e-22	0.1	92737.1	7.970708e-34	0.1
101737.6	6.809660902710001e-06	0.1	101737.6	1.646055e-15	0.1	101737.6	2.792933e-18	0.1	101737.6	7.814386e-13	0.1	101737.6	5.845446e-13	0.1	101737.6	7.328359e-13	0.1	101737.6	3.190301e-06	0.1	101737.6	5.279088e-21	0.1	101737.6	3.670785e-16	0.1	101737.6	1.431103e-21	0.1	101737.6	8.260722e-25	0.1	101737.6	1.868266e-22	0.1	101737.6	8.141506e-34	0.1
112181.1	6.806889930420001e-06	0.1	112181.1	1.846465e-15	0.1	112181.1	3.12962e-18	0.1	112181.1	8.756295e-13	0.1	112181.1	6.557141e-13	0.1	112181.1	8.220601e-13	0.1	112181.1	3.193071e-06	0.1	112181.1	6.57575e-21	0.1	112181.1	3.672928e-16	0.1	112181.1	1.616207e-21	0.1	112181.1	1.031483e-24	0.1	112181.1	2.123647e-22	0.1	112181.1	8.324375e-34	0.1
122985.4	6.80540594526e-06	0.1	122985.4	2.05392e-15	0.1	122985.4	3.477367e-18	0.1	122985.4	9.729148e-13	0.1	122985.4	7.293853e-13	0.1	122985.4	9.144207e-13	0.1	122985.4	3.194556e-06	0.1	122985.4	8.071161e-21	0.1	122985.4	3.67416e-16	0.1	122985.4	1.808261e-21	0.1	122985.4	1.268507e-24	0.1	122985.4	2.388872e-22	0.1	122985.4	8.503558e-34	0.1
