Batch	m_SP	7	W4_L	R	W3	P1	P2_L	P3	P4											
1.337739e-08	0.9818718	0.1	1.337739e-08	0.000577791	0.1	1.337739e-08	8.257926e-06	0.1	1.337739e-08	0.003337469	0.1	1.337739e-08	0.0039863626	0.1	1.337739e-08	0.000577791	0.1	1.337739e-08	5.157906e-07	0.1
2.77594e-08	0.9641158	0.1	2.77594e-08	0.001182763	0.1	2.77594e-08	1.690433e-05	0.1	2.77594e-08	0.006831944	0.1	2.77594e-08	0.0081602573	0.1	2.77594e-08	0.001182763	0.1	2.77594e-08	1.055846e-06	0.1
5.172942e-08	0.9355679	0.1	5.172942e-08	0.002155435	0.1	5.172942e-08	3.080599e-05	0.1	5.172942e-08	0.01245034	0.1	5.172942e-08	0.014871027700000001	0.1	5.172942e-08	0.002155435	0.1	5.172942e-08	1.924144e-06	0.1
9.116555e-08	0.891254	0.1	9.116555e-08	0.003665276	0.1	9.116555e-08	5.238499e-05	0.1	9.116555e-08	0.02117157	0.1	9.116555e-08	0.025287888499999998	0.1	9.116555e-08	0.003665276	0.1	9.116555e-08	3.27197e-06	0.1
1.471706e-07	0.8334417	0.1	1.471706e-07	0.005635028	0.1	1.471706e-07	8.053716e-05	0.1	1.471706e-07	0.03254936	0.1	1.471706e-07	0.038877837	0.1	1.471706e-07	0.005635028	0.1	1.471706e-07	5.030356e-06	0.1
2.367267e-07	0.7517233	0.1	2.367267e-07	0.008419293	0.1	2.367267e-07	0.0001203305	0.1	2.367267e-07	0.04863199	0.1	2.367267e-07	0.058087353999999994	0.1	2.367267e-07	0.008419293	0.1	2.367267e-07	7.515853e-06	0.1
3.458885e-07	0.6667681	0.1	3.458885e-07	0.01131384	0.1	3.458885e-07	0.0001617002	0.1	3.458885e-07	0.06535166	0.1	3.458885e-07	0.078057781	0.1	3.458885e-07	0.01131384	0.1	3.458885e-07	1.00998e-05	0.1
5.035205e-07	0.566084	0.1	5.035205e-07	0.0147443	0.1	5.035205e-07	0.0002107291	0.1	5.035205e-07	0.08516686	0.1	5.035205e-07	0.10172558	0.1	5.035205e-07	0.0147443	0.1	5.035205e-07	1.316215e-05	0.1
6.611525e-07	0.4850252	0.1	6.611525e-07	0.0175061	0.1	6.611525e-07	0.0002502013	0.1	6.611525e-07	0.1011197	0.1	6.611525e-07	0.120780083	0.1	6.611525e-07	0.0175061	0.1	6.611525e-07	1.562759e-05	0.1
8.187845e-07	0.4186744	0.1	8.187845e-07	0.01976677	0.1	8.187845e-07	0.0002825113	0.1	8.187845e-07	0.1141779	0.1	8.187845e-07	0.136377211	0.1	8.187845e-07	0.01976677	0.1	8.187845e-07	1.764568e-05	0.1
9.764165e-07	0.3636214	0.1	9.764165e-07	0.02164251	0.1	9.764165e-07	0.0003093199	0.1	9.764165e-07	0.1250127	0.1	9.764165e-07	0.149318474	0.1	9.764165e-07	0.02164251	0.1	9.764165e-07	1.932014e-05	0.1
1.140406e-06	0.3157216	0.1	1.140406e-06	0.02327453	0.1	1.140406e-06	0.000332645	0.1	1.140406e-06	0.1344396	0.1	1.140406e-06	0.160578299	0.1	1.140406e-06	0.02327453	0.1	1.140406e-06	2.077703e-05	0.1
1.329824e-06	0.2697311	0.1	1.329824e-06	0.02484149	0.1	1.329824e-06	0.0003550405	0.1	1.329824e-06	0.1434908	0.1	1.329824e-06	0.171389275	0.1	1.329824e-06	0.02484149	0.1	1.329824e-06	2.217585e-05	0.1
1.519241e-06	0.2316184	0.1	1.519241e-06	0.02614004	0.1	1.519241e-06	0.0003735997	0.1	1.519241e-06	0.1509916	0.1	1.519241e-06	0.180348435	0.1	1.519241e-06	0.02614004	0.1	1.519241e-06	2.333506e-05	0.1
1.708659e-06	0.1997375	0.1	1.708659e-06	0.02722627	0.1	1.708659e-06	0.0003891244	0.1	1.708659e-06	0.1572659	0.1	1.708659e-06	0.187842645	0.1	1.708659e-06	0.02722628	0.1	1.708659e-06	2.430473e-05	0.1
1.898077e-06	0.1728603	0.1	1.898077e-06	0.02814202	0.1	1.898077e-06	0.0004022125	0.1	1.898077e-06	0.1625555	0.1	1.898077e-06	0.194160685	0.1	1.898077e-06	0.02814202	0.1	1.898077e-06	2.512222e-05	0.1
2.087495e-06	0.1500516	0.1	2.087495e-06	0.02891915	0.1	2.087495e-06	0.0004133193	0.1	2.087495e-06	0.1670444	0.1	2.087495e-06	0.199522339	0.1	2.087495e-06	0.02891915	0.1	2.087495e-06	2.581595e-05	0.1
2.276913e-06	0.1305874	0.1	2.276913e-06	0.02958232	0.1	2.276913e-06	0.0004227976	0.1	2.276913e-06	0.1708751	0.1	2.276913e-06	0.204097785	0.1	2.276913e-06	0.02958232	0.1	2.276913e-06	2.640797e-05	0.1
2.466331e-06	0.1138978	0.1	2.466331e-06	0.03015096	0.1	2.466331e-06	0.0004309247	0.1	2.466331e-06	0.1741597	0.1	2.466331e-06	0.20802099500000001	0.1	2.466331e-06	0.03015096	0.1	2.466331e-06	2.691559e-05	0.1
2.655749e-06	0.09952886	0.1	2.655749e-06	0.03064053	0.1	2.655749e-06	0.0004379218	0.1	2.655749e-06	0.1769876	0.1	2.655749e-06	0.21139871600000001	0.1	2.655749e-06	0.03064053	0.1	2.655749e-06	2.735262e-05	0.1
2.845166e-06	0.08711428	0.1	2.845166e-06	0.03106352	0.1	2.845166e-06	0.0004439672	0.1	2.845166e-06	0.1794308	0.1	2.845166e-06	0.214316965	0.1	2.845166e-06	0.03106352	0.1	2.845166e-06	2.773022e-05	0.1
3.034584e-06	0.07635565	0.1	3.034584e-06	0.03143008	0.1	3.034584e-06	0.0004492062	0.1	3.034584e-06	0.1815482	0.1	3.034584e-06	0.216845976	0.1	3.034584e-06	0.03143008	0.1	3.034584e-06	2.805745e-05	0.1
3.224002e-06	0.06700754	0.1	3.224002e-06	0.03174858	0.1	3.224002e-06	0.0004537583	0.1	3.224002e-06	0.1833879	0.1	3.224002e-06	0.219043504	0.1	3.224002e-06	0.03174858	0.1	3.224002e-06	2.834177e-05	0.1
3.41342e-06	0.05886644	0.1	3.41342e-06	0.03202596	0.1	3.41342e-06	0.0004577227	0.1	3.41342e-06	0.1849902	0.1	3.41342e-06	0.220957203	0.1	3.41342e-06	0.03202596	0.1	3.41342e-06	2.858939e-05	0.1
3.602838e-06	0.05176239	0.1	3.602838e-06	0.03226801	0.1	3.602838e-06	0.000461182	0.1	3.602838e-06	0.1863883	0.1	3.602838e-06	0.22262718799999998	0.1	3.602838e-06	0.03226801	0.1	3.602838e-06	2.880546e-05	0.1
3.792256e-06	0.04555251	0.1	3.792256e-06	0.03247959	0.1	3.792256e-06	0.000464206	0.1	3.792256e-06	0.1876104	0.1	3.792256e-06	0.224086881	0.1	3.792256e-06	0.03247959	0.1	3.792256e-06	2.899434e-05	0.1
3.981674e-06	0.04011601	0.1	3.981674e-06	0.03266482	0.1	3.981674e-06	0.0004668533	0.1	3.981674e-06	0.1886803	0.1	3.981674e-06	0.22536484599999998	0.1	3.981674e-06	0.03266482	0.1	3.981674e-06	2.915969e-05	0.1
4.171091e-06	0.03535025	0.1	4.171091e-06	0.0328272	0.1	4.171091e-06	0.0004691741	0.1	4.171091e-06	0.1896183	0.1	4.171091e-06	0.226485115	0.1	4.171091e-06	0.0328272	0.1	4.171091e-06	2.930464e-05	0.1
4.360509e-06	0.03116761	0.1	4.360509e-06	0.0329697	0.1	4.360509e-06	0.0004712108	0.1	4.360509e-06	0.1904414	0.1	4.360509e-06	0.22746841599999998	0.1	4.360509e-06	0.0329697	0.1	4.360509e-06	2.943186e-05	0.1
4.549927e-06	0.02749298	0.1	4.549927e-06	0.0330949	0.1	4.549927e-06	0.0004730002	0.1	4.549927e-06	0.1911646	0.1	4.549927e-06	0.22833218500000002	0.1	4.549927e-06	0.0330949	0.1	4.549927e-06	2.954363e-05	0.1
4.739345e-06	0.02426178	0.1	4.739345e-06	0.033205	0.1	4.739345e-06	0.0004745737	0.1	4.739345e-06	0.1918005	0.1	4.739345e-06	0.22909168400000002	0.1	4.739345e-06	0.033205	0.1	4.739345e-06	2.96419e-05	0.1
4.928763e-06	0.02141824	0.1	4.928763e-06	0.03330188	0.1	4.928763e-06	0.0004759584	0.1	4.928763e-06	0.1923602	0.1	4.928763e-06	0.229760112	0.1	4.928763e-06	0.03330188	0.1	4.928763e-06	2.972839e-05	0.1
5.118181e-06	0.01891412	0.1	5.118181e-06	0.0333872	0.1	5.118181e-06	0.0004771778	0.1	5.118181e-06	0.192853	0.1	5.118181e-06	0.230348814	0.1	5.118181e-06	0.0333872	0.1	5.118181e-06	2.980455e-05	0.1
5.307599e-06	0.01670756	0.1	5.307599e-06	0.03346238	0.1	5.307599e-06	0.0004782523	0.1	5.307599e-06	0.1932873	0.1	5.307599e-06	0.230867488	0.1	5.307599e-06	0.03346238	0.1	5.307599e-06	2.987167e-05	0.1
5.497016e-06	0.01476214	0.1	5.497016e-06	0.03352866	0.1	5.497016e-06	0.0004791996	0.1	5.497016e-06	0.1936701	0.1	5.497016e-06	0.231324795	0.1	5.497016e-06	0.03352866	0.1	5.497016e-06	2.993084e-05	0.1
5.686434e-06	0.01304615	0.1	5.686434e-06	0.03358713	0.1	5.686434e-06	0.0004800352	0.1	5.686434e-06	0.1940078	0.1	5.686434e-06	0.231728163	0.1	5.686434e-06	0.03358713	0.1	5.686434e-06	2.998303e-05	0.1
5.875852e-06	0.0115319	0.1	5.875852e-06	0.03363872	0.1	5.875852e-06	0.0004807726	0.1	5.875852e-06	0.1943059	0.1	5.875852e-06	0.232084188	0.1	5.875852e-06	0.03363872	0.1	5.875852e-06	3.002909e-05	0.1
6.06527e-06	0.01019517	0.1	6.06527e-06	0.03368427	0.1	6.06527e-06	0.0004814235	0.1	6.06527e-06	0.1945689	0.1	6.06527e-06	0.232398344	0.1	6.06527e-06	0.03368427	0.1	6.06527e-06	3.006975e-05	0.1
