Batch	m_SP	7	W3	R	W4_L	P1	P2_L	P3	P4											
0.001793939	0.9896653	0.1	0.001793939	4.937798e-10	0.1	0.001793939	3.6445619e-06	0.1	0.001793939	0.004286242	0.1	0.001793939	1.1453882028999999e-07	0.1	0.001793939	3.124733e-10	0.1	0.001793939	2.048172e-06	0.1
0.001950408	0.9886442	0.1	0.001950408	5.366575e-10	0.1	0.001950408	3.9644474e-06	0.1	0.001950408	0.004788921	0.1	0.001950408	1.2515267021e-07	0.1	0.001950408	3.396009e-10	0.1	0.001950408	2.225105e-06	0.1
0.002106877	0.9876205	0.1	0.002106877	5.794673e-10	0.1	0.002106877	4.2839222e-06	0.1	0.002106877	0.005294982	0.1	0.002106877	1.3577231328e-07	0.1	0.002106877	3.666858e-10	0.1	0.002106877	2.401756e-06	0.1
0.002282372	0.9864706	0.1	0.002282372	6.274021e-10	0.1	0.002282372	4.6417273e-06	0.1	0.002282372	0.005865325	0.1	0.002282372	1.4768327631e-07	0.1	0.002282372	3.970132e-10	0.1	0.002282372	2.599554e-06	0.1
0.002470551	0.9852367	0.1	0.002470551	6.787071e-10	0.1	0.002470551	5.0247622e-06	0.1	0.002470551	0.006478938	0.1	0.002470551	1.6044888127e-07	0.1	0.002470551	4.294731e-10	0.1	0.002470551	2.811257e-06	0.1
0.002658731	0.9840027	0.1	0.002658731	7.299149e-10	0.1	0.002658731	5.407124600000001e-06	0.1	0.002658731	0.007093737	0.1	0.002658731	1.7320297639e-07	0.1	0.002658731	4.618716e-10	0.1	0.002658731	3.022557e-06	0.1
0.00286215	0.9826697	0.1	0.00286215	7.851608e-10	0.1	0.00286215	5.8196825e-06	0.1	0.00286215	0.007758875	0.1	0.00286215	1.8697288118999998e-07	0.1	0.00286215	4.96825e-10	0.1	0.00286215	3.25052e-06	0.1
0.003088428	0.9811884	0.1	0.003088428	8.464826e-10	0.1	0.003088428	6.2776476e-06	0.1	0.003088428	0.008498726	0.1	0.003088428	2.0226560242e-07	0.1	0.003088428	5.356226e-10	0.1	0.003088428	3.503553e-06	0.1
0.003314707	0.9797094	0.1	0.003314707	9.076655e-10	0.1	0.003314707	6.734602e-06	0.1	0.003314707	0.009238006	0.1	0.003314707	2.1752960956e-07	0.1	0.003314707	5.743323e-10	0.1	0.003314707	3.756012e-06	0.1
0.00356932	0.9780483	0.1	0.00356932	9.763444e-10	0.1	0.00356932	7.247561000000001e-06	0.1	0.00356932	0.01006872	0.1	0.00356932	2.3466847720000002e-07	0.1	0.00356932	6.177848e-10	0.1	0.00356932	4.039402e-06	0.1
0.003842824	0.9762681	0.1	0.003842824	1.049924e-09	0.1	0.003842824	7.79714e-06	0.1	0.003842824	0.01095937	0.1	0.003842824	2.530339421e-07	0.1	0.003842824	6.643381e-10	0.1	0.003842824	4.343015e-06	0.1
0.00412806	0.9744162	0.1	0.00412806	1.126447e-09	0.1	0.00412806	8.368711e-06	0.1	0.00412806	0.01188607	0.1	0.00412806	2.7213630550000005e-07	0.1	0.00412806	7.127535e-10	0.1	0.00412806	4.658772e-06	0.1
0.004460225	0.9722659	0.1	0.004460225	1.215287e-09	0.1	0.004460225	9.032287e-06	0.1	0.004460225	0.01296225	0.1	0.004460225	2.943150185e-07	0.1	0.004460225	7.689615e-10	0.1	0.004460225	5.02535e-06	0.1
0.004807064	0.9700279	0.1	0.004807064	1.307739e-09	0.1	0.004807064	9.722851e-06	0.1	0.004807064	0.01408241	0.1	0.004807064	3.1739669799999996e-07	0.1	0.004807064	8.274551e-10	0.1	0.004807064	5.406835e-06	0.1
0.005212599	0.9674209	0.1	0.005212599	1.415435e-09	0.1	0.005212599	1.0527273999999999e-05	0.1	0.005212599	0.01538739	0.1	0.005212599	3.44284724e-07	0.1	0.005212599	8.955929e-10	0.1	0.005212599	5.851217e-06	0.1
0.005654439	0.9645922	0.1	0.005654439	1.532281e-09	0.1	0.005654439	1.1400049e-05	0.1	0.005654439	0.01680334	0.1	0.005654439	3.734578783e-07	0.1	0.005654439	9.695202e-10	0.1	0.005654439	6.333357e-06	0.1
0.006150739	0.9614296	0.1	0.006150739	1.662922e-09	0.1	0.006150739	1.2375868e-05	0.1	0.006150739	0.01838651	0.1	0.006150739	4.060755322e-07	0.1	0.006150739	1.052176e-09	0.1	0.006150739	6.87242e-06	0.1
0.006754803	0.9576009	0.1	0.006754803	1.82107e-09	0.1	0.006754803	1.3557153e-05	0.1	0.006754803	0.02030305	0.1	0.006754803	4.455612767e-07	0.1	0.006754803	1.152235e-09	0.1	0.006754803	7.524987e-06	0.1
0.007452787	0.9532053	0.1	0.007452787	2.002642e-09	0.1	0.007452787	1.4913399999999999e-05	0.1	0.007452787	0.02250346	0.1	0.007452787	4.908952976999999e-07	0.1	0.007452787	1.267114e-09	0.1	0.007452787	8.274206e-06	0.1
0.00826471	0.9481297	0.1	0.00826471	2.212297e-09	0.1	0.00826471	1.6479414e-05	0.1	0.00826471	0.02504421	0.1	0.00826471	5.432410677e-07	0.1	0.00826471	1.399761e-09	0.1	0.00826471	9.139304e-06	0.1
0.009281931	0.9418273	0.1	0.009281931	2.47263e-09	0.1	0.009281931	1.8423964e-05	0.1	0.009281931	0.02819912	0.1	0.009281931	6.082397791e-07	0.1	0.009281931	1.564471e-09	0.1	0.009281931	1.021351e-05	0.1
0.0106601	0.9333873	0.1	0.0106601	2.821259e-09	0.1	0.0106601	2.1028036e-05	0.1	0.0106601	0.03242406	0.1	0.0106601	6.952838484e-07	0.1	0.0106601	1.785045e-09	0.1	0.0106601	1.165206e-05	0.1
0.01263073	0.9215125	0.1	0.01263073	3.311769e-09	0.1	0.01263073	2.4691883e-05	0.1	0.01263073	0.0383684	0.1	0.01263073	8.177519117999999e-07	0.1	0.01263073	2.095386e-09	0.1	0.01263073	1.367604e-05	0.1
0.01589951	0.9023024	0.1	0.01589951	4.105275e-09	0.1	0.01589951	3.0618956e-05	0.1	0.01589951	0.04798468	0.1	0.01589951	1.015870515e-06	0.1	0.01589951	2.597429e-09	0.1	0.01589951	1.695028e-05	0.1
0.02134746	0.8715726	0.1	0.02134746	5.374627e-09	0.1	0.02134746	4.0100339e-05	0.1	0.02134746	0.06336761	0.1	0.02134746	1.3327972940000001e-06	0.1	0.02134746	3.400537e-09	0.1	0.02134746	2.218799e-05	0.1
0.03224337	0.8145397	0.1	0.03224337	7.730475e-09	0.1	0.03224337	5.7697270000000005e-05	0.1	0.03224337	0.09191748	0.1	0.03224337	1.9209943007000003e-06	0.1	0.03224337	4.891059e-09	0.1	0.03224337	3.190891e-05	0.1
0.05146465	0.7263221	0.1	0.05146465	1.137446e-08	0.1	0.05146465	8.491589999999999e-05	0.1	0.05146465	0.1360779	0.1	0.05146465	2.830806992e-06	0.1	0.05146465	7.196573e-09	0.1	0.05146465	4.694504e-05	0.1
0.07531131	0.6346255	0.1	0.07531131	1.516215e-08	0.1	0.07531131	0.00011320796999999999	0.1	0.07531131	0.1819799	0.1	0.07531131	3.776500263e-06	0.1	0.07531131	9.593011e-09	0.1	0.07531131	6.257416e-05	0.1
0.1093341	0.5294636	0.1	0.1093341	1.950605e-08	0.1	0.1093341	0.00014565462	0.1	0.1093341	0.2346225	0.1	0.1093341	4.861065963e-06	0.1	0.1093341	1.234136e-08	0.1	0.1093341	8.049837e-05	0.1
0.1433569	0.4464911	0.1	0.1433569	2.293338e-08	0.1	0.1433569	0.00017125493000000002	0.1	0.1433569	0.2761573	0.1	0.1433569	5.716784674e-06	0.1	0.1433569	1.45098e-08	0.1	0.1433569	9.464051e-05	0.1
0.1773797	0.3797524	0.1	0.1773797	2.569015e-08	0.1	0.1773797	0.00019184651000000001	0.1	0.1773797	0.3095658	0.1	0.1773797	6.405081354e-06	0.1	0.1773797	1.625397e-08	0.1	0.1773797	0.0001060157	0.1
0.2114024	0.3252342	0.1	0.2114024	2.794212e-08	0.1	0.2114024	0.00020866755	0.1	0.2114024	0.3368568	0.1	0.2114024	6.967343823e-06	0.1	0.2114024	1.767878e-08	0.1	0.2114024	0.000115308	0.1
0.2454252	0.2801332	0.1	0.2454252	2.980509e-08	0.1	0.2454252	0.000222583	0.1	0.2454252	0.3594337	0.1	0.2454252	7.432482826e-06	0.1	0.2454252	1.885746e-08	0.1	0.2454252	0.0001229952	0.1
0.279448	0.2424317	0.1	0.279448	3.136242e-08	0.1	0.279448	0.00023421540999999998	0.1	0.279448	0.3783065	0.1	0.279448	7.821308820999999e-06	0.1	0.279448	1.984277e-08	0.1	0.279448	0.0001294212	0.1
0.3134708	0.2106399	0.1	0.3134708	3.267564e-08	0.1	0.3134708	0.0002440244	0.1	0.3134708	0.394221	0.1	0.3134708	8.14918705e-06	0.1	0.3134708	2.067363e-08	0.1	0.3134708	0.0001348399	0.1
0.3474935	0.183634	0.1	0.3474935	3.379117e-08	0.1	0.3474935	0.00025235683999999997	0.1	0.3474935	0.4077398	0.1	0.3474935	8.427706223e-06	0.1	0.3474935	2.137941e-08	0.1	0.3474935	0.0001394429	0.1
0.3815163	0.1605502	0.1	0.3815163	3.474469e-08	0.1	0.3815163	0.00025947915	0.1	0.3815163	0.4192953	0.1	0.3815163	8.66577696e-06	0.1	0.3815163	2.19827e-08	0.1	0.3815163	0.0001433774	0.1
0.4155391	0.1407134	0.1	0.4155391	3.556408e-08	0.1	0.4155391	0.00026559954	0.1	0.4155391	0.4292253	0.1	0.4155391	8.87036009e-06	0.1	0.4155391	2.250112e-08	0.1	0.4155391	0.0001467584	0.1
0.4495619	0.1235888	0.1	0.4495619	3.627144e-08	0.1	0.4495619	0.0002708832	0.1	0.4495619	0.4377976	0.1	0.4495619	9.046969853e-06	0.1	0.4495619	2.294866e-08	0.1	0.4495619	0.0001496772	0.1
0.4849486	0.1081946	0.1	0.4849486	3.690733e-08	0.1	0.4849486	0.00027563288	0.1	0.4849486	0.4455037	0.1	0.4849486	9.205735366e-06	0.1	0.4849486	2.335098e-08	0.1	0.4849486	0.0001523011	0.1
0.5257912	0.09299107	0.1	0.5257912	3.753534e-08	0.1	0.5257912	0.00028032383	0.1	0.5257912	0.4531144	0.1	0.5257912	9.362534079e-06	0.1	0.5257912	2.374832e-08	0.1	0.5257912	0.0001548924	0.1
0.5666339	0.08007848	0.1	0.5666339	3.806872e-08	0.1	0.5666339	0.00028430786	0.1	0.5666339	0.4595782	0.1	0.5666339	9.495705191e-06	0.1	0.5666339	2.408578e-08	0.1	0.5666339	0.0001570933	0.1
0.6074765	0.06907235	0.1	0.6074765	3.852334e-08	0.1	0.6074765	0.00028770369	0.1	0.6074765	0.4650877	0.1	0.6074765	9.609214315e-06	0.1	0.6074765	2.437342e-08	0.1	0.6074765	0.0001589692	0.1
0.6483191	0.05966257	0.1	0.6483191	3.891203e-08	0.1	0.6483191	0.000290607	0.1	0.6483191	0.4697981	0.1	0.6483191	9.706259748e-06	0.1	0.6483191	2.461934e-08	0.1	0.6483191	0.0001605731	0.1
0.6891617	0.05159664	0.1	0.6891617	3.924521e-08	0.1	0.6891617	0.00029309564	0.1	0.6891617	0.4738358	0.1	0.6891617	9.789446550000001e-06	0.1	0.6891617	2.483014e-08	0.1	0.6891617	0.0001619478	0.1
0.7300043	0.04466718	0.1	0.7300043	3.953144e-08	0.1	0.7300043	0.00029523365999999996	0.1	0.7300043	0.4773046	0.1	0.7300043	9.860911589e-06	0.1	0.7300043	2.501123e-08	0.1	0.7300043	0.0001631289	0.1
0.7708469	0.03870264	0.1	0.7708469	3.977782e-08	0.1	0.7708469	0.00029707396	0.1	0.7708469	0.4802904	0.1	0.7708469	9.922426584e-06	0.1	0.7708469	2.516711e-08	0.1	0.7708469	0.0001641456	0.1
0.8116896	0.03356018	0.1	0.8116896	3.999024e-08	0.1	0.8116896	0.00029866062000000003	0.1	0.8116896	0.4828646	0.1	0.8116896	9.975462135e-06	0.1	0.8116896	2.530151e-08	0.1	0.8116896	0.0001650221	0.1
0.8525322	0.02912018	0.1	0.8525322	4.017364e-08	0.1	0.8525322	0.00030003051	0.1	0.8525322	0.4850872	0.1	0.8525322	1.0021255741e-05	0.1	0.8525322	2.541754e-08	0.1	0.8525322	0.0001657788	0.1
0.8933748	0.02528197	0.1	0.8933748	4.033218e-08	0.1	0.8933748	0.00030121475	0.1	0.8933748	0.4870086	0.1	0.8933748	1.0060841826e-05	0.1	0.8933748	2.551785e-08	0.1	0.8933748	0.000166433	0.1
0.9342174	0.02196048	0.1	0.9342174	4.046938e-08	0.1	0.9342174	0.0003022396	0.1	0.9342174	0.4886713	0.1	0.9342174	1.0095095745e-05	0.1	0.9342174	2.560466e-08	0.1	0.9342174	0.0001669992	0.1
0.97506	0.01908348	0.1	0.97506	4.058822e-08	0.1	0.97506	0.0003031272	0.1	0.97506	0.4901114	0.1	0.97506	1.0124767802e-05	0.1	0.97506	2.567985e-08	0.1	0.97506	0.0001674895	0.1
1.015903	0.01658952	0.1	1.015903	4.069124e-08	0.1	1.015903	0.00030389665	0.1	1.015903	0.4913599	0.1	1.015903	1.0150488253000001e-05	0.1	1.015903	2.574503e-08	0.1	1.015903	0.0001679146	0.1
1.056745	0.01442611	0.1	1.056745	4.07806e-08	0.1	1.056745	0.00030456423	0.1	1.056745	0.4924429	0.1	1.056745	1.0172797319e-05	0.1	1.056745	2.580157e-08	0.1	1.056745	0.0001682833	0.1
1.097588	0.01254831	0.1	1.097588	4.085817e-08	0.1	1.097588	0.00030514363	0.1	1.097588	0.4933829	0.1	1.097588	1.0192165189e-05	0.1	1.097588	2.585064e-08	0.1	1.097588	0.0001686034	0.1
1.13843	0.01091757	0.1	1.13843	4.092553e-08	0.1	1.13843	0.00030564673000000003	0.1	1.13843	0.4941992	0.1	1.13843	1.0208982022e-05	0.1	1.13843	2.589326e-08	0.1	1.13843	0.0001688813	0.1
