# T[K]         R         W4_L         W3         P1         P2_L         P4         P3
600	5.8764e+07(1.00)	1.9367e+14(1.00)	2.9431e+04(1.00)	3.4962e+07(1.00)	5.4643e+08(1.00)	3.5950e-03(1.00)	1.9367e+14(1.00)
700	3.9704e+08(1.00)	1.9378e+14(1.00)	3.7136e+05(1.00)	2.5877e+08(1.00)	2.7078e+09(1.00)	9.9753e-01(1.00)	1.9378e+14(1.00)
800	2.0445e+09(1.00)	1.9556e+14(1.00)	3.4668e+06(1.00)	1.5309e+09(1.00)	1.1349e+10(1.00)	9.1953e+01(1.00)	1.9558e+14(1.00)
900	8.5832e+09(1.00)	1.9873e+14(1.00)	2.4298e+07(1.00)	7.2103e+09(1.00)	4.0842e+10(1.00)	3.7731e+03(1.00)	1.9880e+14(1.00)
1000	3.0422e+10(1.00)	2.0189e+14(1.00)	1.3137e+08(1.00)	2.7459e+10(1.00)	1.2909e+11(1.00)	8.2673e+04(1.00)	2.0212e+14(1.00)
1100	9.3044e+10(1.00)	2.0456e+14(1.00)	5.5609e+08(1.00)	8.6525e+10(1.00)	3.6546e+11(1.00)	1.0964e+06(1.00)	2.0518e+14(1.00)
1200	2.4891e+11(1.00)	2.0821e+14(1.00)	1.8965e+09(1.00)	2.3014e+11(1.00)	9.2363e+11(1.00)	9.7193e+06(1.00)	2.0974e+14(1.00)
1300	5.8967e+11(1.00)	2.1009e+14(1.00)	5.3733e+09(1.00)	5.2843e+11(1.00)	2.0959e+12(1.00)	6.1140e+07(1.00)	2.1349e+14(1.00)
1400	1.2445e+12(1.00)	2.0969e+14(1.00)	1.2840e+10(1.00)	1.0667e+12(1.00)	4.2806e+12(1.00)	2.8841e+08(1.00)	2.1653e+14(1.00)
1500	2.3506e+12(1.00)	2.0661e+14(1.00)	2.6371e+10(1.00)	1.9259e+12(1.00)	7.9486e+12(1.00)	1.0667e+09(1.00)	2.1916e+14(1.00)
1600	4.0491e+12(1.00)	1.9949e+14(1.00)	4.7506e+10(1.00)	3.1603e+12(1.00)	1.3500e+13(1.00)	3.2294e+09(1.00)	2.2057e+14(1.00)
1700	6.3701e+12(1.00)	1.8903e+14(1.00)	7.6451e+10(1.00)	4.7406e+12(1.00)	2.1026e+13(1.00)	8.2171e+09(1.00)	2.2159e+14(1.00)
1800	9.2671e+12(1.00)	1.7388e+14(1.00)	1.1067e+11(1.00)	6.5800e+12(1.00)	3.0330e+13(1.00)	1.8080e+10(1.00)	2.2053e+14(1.00)
1900	1.2546e+13(1.00)	1.5509e+14(1.00)	1.4722e+11(1.00)	8.5253e+12(1.00)	4.1054e+13(1.00)	3.4970e+10(1.00)	2.1772e+14(1.00)
2000	1.6100e+13(1.00)	1.3532e+14(1.00)	1.8080e+11(1.00)	1.0470e+13(1.00)	5.2438e+13(1.00)	6.0944e+10(1.00)	2.1486e+14(1.00)
2100	1.9554e+13(1.00)	1.1456e+14(1.00)	2.0550e+11(1.00)	1.2148e+13(1.00)	6.3700e+13(1.00)	9.6887e+10(1.00)	2.1054e+14(1.00)
2200	2.2713e+13(1.00)	9.5589e+13(1.00)	2.2132e+11(1.00)	1.3530e+13(1.00)	7.4359e+13(1.00)	1.4221e+11(1.00)	2.0679e+14(1.00)
2300	2.5528e+13(1.00)	7.8361e+13(1.00)	2.3746e+11(1.00)	1.4645e+13(1.00)	8.4003e+13(1.00)	1.9592e+11(1.00)	2.0317e+14(1.00)
2400	2.7901e+13(1.00)	6.3220e+13(1.00)	2.3251e+11(1.00)	1.5337e+13(1.00)	9.2409e+13(1.00)	2.5429e+11(1.00)	1.9953e+14(1.00)
2500	2.9781e+13(1.00)	5.0456e+13(1.00)	2.1964e+11(1.00)	1.5830e+13(1.00)	9.9531e+13(1.00)	3.1564e+11(1.00)	1.9616e+14(1.00)
