Batch	m_SP	6	P4	W3	R	P1	P2_L	P3	
4.448141000000e-09	9.878750223615e-06	1.000000000000e-01	4.448141000000e-09	1.300765000000e-08	1.000000000000e-01	4.448141000000e-09	2.974845000000e-10	1.000000000000e-01	4.448141000000e-09	1.054473000000e-07	1.000000000000e-01	4.448141000000e-09	2.006577390000e-09	1.000000000000e-01	4.448141000000e-09	3.886925000000e-10	1.000000000000e-01
1.235131000000e-08	9.667109427747e-06	1.000000000000e-01	1.235131000000e-08	3.573086000000e-08	1.000000000000e-01	1.235131000000e-08	8.171727000000e-10	1.000000000000e-01	1.235131000000e-08	2.896582000000e-07	1.000000000000e-01	1.235131000000e-08	5.511951700000e-09	1.000000000000e-01	1.235131000000e-08	1.067716000000e-09	1.000000000000e-01
2.546006000000e-08	9.326017143170e-06	1.000000000000e-01	2.546006000000e-08	7.235174000000e-08	1.000000000000e-01	2.546006000000e-08	1.654732000000e-09	1.000000000000e-01	2.546006000000e-08	5.865437000000e-07	1.000000000000e-01	2.546006000000e-08	1.116140800000e-08	1.000000000000e-01	2.546006000000e-08	2.162068000000e-09	1.000000000000e-01
4.730799000000e-08	8.784064495802e-06	1.000000000000e-01	4.730799000000e-08	1.305347000000e-07	1.000000000000e-01	4.730799000000e-08	2.985509000000e-09	1.000000000000e-01	4.730799000000e-08	1.058261000000e-06	1.000000000000e-01	4.730799000000e-08	2.013770780000e-08	1.000000000000e-01	4.730799000000e-08	3.900858000000e-09	1.000000000000e-01
9.001318000000e-08	7.813996230920e-06	1.000000000000e-01	9.001318000000e-08	2.346688000000e-07	1.000000000000e-01	9.001318000000e-08	5.367541000000e-09	1.000000000000e-01	9.001318000000e-08	1.902623000000e-06	1.000000000000e-01	9.001318000000e-08	3.620487900000e-08	1.000000000000e-01	9.001318000000e-08	7.013215000000e-09	1.000000000000e-01
1.467930000000e-07	6.688075053894e-06	1.000000000000e-01	1.467930000000e-07	3.555117000000e-07	1.000000000000e-01	1.467930000000e-07	8.132283000000e-09	1.000000000000e-01	1.467930000000e-07	2.882665000000e-06	1.000000000000e-01	1.467930000000e-07	5.485350400000e-08	1.000000000000e-01	1.467930000000e-07	1.062562000000e-08	1.000000000000e-01
2.129559000000e-07	5.579083449662e-06	1.000000000000e-01	2.129559000000e-07	4.745075000000e-07	1.000000000000e-01	2.129559000000e-07	1.085547000000e-08	1.000000000000e-01	2.129559000000e-07	3.848005000000e-06	1.000000000000e-01	2.129559000000e-07	7.322185400000e-08	1.000000000000e-01	2.129559000000e-07	1.418372000000e-08	1.000000000000e-01
2.929394000000e-07	4.481022231774e-06	1.000000000000e-01	2.929394000000e-07	5.922871000000e-07	1.000000000000e-01	2.929394000000e-07	1.355183000000e-08	1.000000000000e-01	2.929394000000e-07	4.803874000000e-06	1.000000000000e-01	2.929394000000e-07	9.140925700000e-08	1.000000000000e-01	2.929394000000e-07	1.770677000000e-08	1.000000000000e-01
3.936539000000e-07	3.400324933974e-06	1.000000000000e-01	3.936539000000e-07	7.081388000000e-07	1.000000000000e-01	3.936539000000e-07	1.620558000000e-08	1.000000000000e-01	3.936539000000e-07	5.744695000000e-06	1.000000000000e-01	3.936539000000e-07	1.093092760000e-07	1.000000000000e-01	3.936539000000e-07	2.117413000000e-08	1.000000000000e-01
4.943684000000e-07	2.580264166904e-06	1.000000000000e-01	4.943684000000e-07	7.959776000000e-07	1.000000000000e-01	4.943684000000e-07	1.821933000000e-08	1.000000000000e-01	4.943684000000e-07	6.458688000000e-06	1.000000000000e-01	4.943684000000e-07	1.228923680000e-07	1.000000000000e-01	4.943684000000e-07	2.380527000000e-08	1.000000000000e-01
5.950830000000e-07	1.957979322176e-06	1.000000000000e-01	5.950830000000e-07	8.625596000000e-07	1.000000000000e-01	5.950830000000e-07	1.974744000000e-08	1.000000000000e-01	5.950830000000e-07	7.000559000000e-06	1.000000000000e-01	5.950830000000e-07	1.331998830000e-07	1.000000000000e-01	5.950830000000e-07	2.580188000000e-08	1.000000000000e-01
6.957975000000e-07	1.485771849955e-06	1.000000000000e-01	6.957975000000e-07	9.130114000000e-07	1.000000000000e-01	6.957975000000e-07	2.090703000000e-08	1.000000000000e-01	6.957975000000e-07	7.411818000000e-06	1.000000000000e-01	6.957975000000e-07	1.410216060000e-07	1.000000000000e-01	6.957975000000e-07	2.731697000000e-08	1.000000000000e-01
7.965120000000e-07	1.127447818323e-06	1.000000000000e-01	7.965120000000e-07	9.512230000000e-07	1.000000000000e-01	7.965120000000e-07	2.178698000000e-08	1.000000000000e-01	7.965120000000e-07	7.723965000000e-06	1.000000000000e-01	7.965120000000e-07	1.469571410000e-07	1.000000000000e-01	7.965120000000e-07	2.846669000000e-08	1.000000000000e-01
8.972265000000e-07	8.555417288571e-07	1.000000000000e-01	8.972265000000e-07	9.801466000000e-07	1.000000000000e-01	8.972265000000e-07	2.245473000000e-08	1.000000000000e-01	8.972265000000e-07	7.960904000000e-06	1.000000000000e-01	8.972265000000e-07	1.514612480000e-07	1.000000000000e-01	8.972265000000e-07	2.933914000000e-08	1.000000000000e-01
9.979411000000e-07	6.492116192100e-07	1.000000000000e-01	9.979411000000e-07	1.002022000000e-06	1.000000000000e-01	9.979411000000e-07	2.296146000000e-08	1.000000000000e-01	9.979411000000e-07	8.140772000000e-06	1.000000000000e-01	9.979411000000e-07	1.548793440000e-07	1.000000000000e-01	9.979411000000e-07	3.000120000000e-08	1.000000000000e-01
1.098656000000e-06	4.926423859472e-07	1.000000000000e-01	1.098656000000e-06	1.018549000000e-06	1.000000000000e-01	1.098656000000e-06	2.334600000000e-08	1.000000000000e-01	1.098656000000e-06	8.277334000000e-06	1.000000000000e-01	1.098656000000e-06	1.574731900000e-07	1.000000000000e-01	1.098656000000e-06	3.050360000000e-08	1.000000000000e-01
1.207803000000e-06	3.652940054051e-07	1.000000000000e-01	1.207803000000e-06	1.031911000000e-06	1.000000000000e-01	1.207803000000e-06	2.365879000000e-08	1.000000000000e-01	1.207803000000e-06	8.388490000000e-06	1.000000000000e-01	1.207803000000e-06	1.595831600000e-07	1.000000000000e-01	1.207803000000e-06	3.091226000000e-08	1.000000000000e-01
1.329599000000e-06	2.616383072722e-07	1.000000000000e-01	1.329599000000e-06	1.042688000000e-06	1.000000000000e-01	1.329599000000e-06	2.391341000000e-08	1.000000000000e-01	1.329599000000e-06	8.479063000000e-06	1.000000000000e-01	1.329599000000e-06	1.613008150000e-07	1.000000000000e-01	1.329599000000e-06	3.124491000000e-08	1.000000000000e-01
1.451396000000e-06	1.873965768781e-07	1.000000000000e-01	1.451396000000e-06	1.050304000000e-06	1.000000000000e-01	1.451396000000e-06	2.409581000000e-08	1.000000000000e-01	1.451396000000e-06	8.544038000000e-06	1.000000000000e-01	1.451396000000e-06	1.625312380000e-07	1.000000000000e-01	1.451396000000e-06	3.148319000000e-08	1.000000000000e-01
1.573193000000e-06	1.342220765775e-07	1.000000000000e-01	1.573193000000e-06	1.055656000000e-06	1.000000000000e-01	1.573193000000e-06	2.422647000000e-08	1.000000000000e-01	1.573193000000e-06	8.590678000000e-06	1.000000000000e-01	1.573193000000e-06	1.634126610000e-07	1.000000000000e-01	1.573193000000e-06	3.165388000000e-08	1.000000000000e-01
