Batch	m_SP	13	W5	W1	W2	W3	W4	W6	R	P1	P2	P3	P4	P5	P6																							
2.28566e-11	0.9878003	0.1	2.28566e-11	2.264912e-111	0.1	2.28566e-11	2.264912e-111	0.1	2.28566e-11	1.106527e-05	0.1	2.28566e-11	2.264912e-111	0.1	2.28566e-11	8.58995e-05	0.1	2.28566e-11	0.0008934882	0.1	2.28566e-11	0.0007381141	0.1	2.28566e-11	0.002666422	0.1	2.28566e-11	0.001384779	0.1	2.28566e-11	1.754913e-06	0.1	2.28566e-11	0.0003667413	0.1	2.28566e-11	5.316384e-08	0.1
3.313407e-11	0.982397	0.1	3.313407e-11	3.270004e-111	0.1	3.313407e-11	3.270004e-111	0.1	3.313407e-11	1.600468e-05	0.1	3.313407e-11	3.270004e-111	0.1	3.313407e-11	0.0001231341	0.1	3.313407e-11	0.001291785	0.1	3.313407e-11	0.001074524	0.1	3.313407e-11	0.003840059	0.1	3.313407e-11	0.00199366	0.1	3.313407e-11	2.573668e-06	0.1	3.313407e-11	0.0005292268	0.1	3.313407e-11	7.844398e-08	0.1
4.047512e-11	0.9785712	0.1	4.047512e-11	3.982963e-111	0.1	4.047512e-11	3.982963e-111	0.1	4.047512e-11	1.952887e-05	0.1	4.047512e-11	3.982963e-111	0.1	4.047512e-11	0.0001492585	0.1	4.047512e-11	0.001575482	0.1	4.047512e-11	0.001318595	0.1	4.047512e-11	0.004666386	0.1	4.047512e-11	0.002421949	0.1	4.047512e-11	3.178485e-06	0.1	4.047512e-11	0.0006443158	0.1	4.047512e-11	9.745883e-08	0.1
5.123514e-11	0.9730165	0.1	5.123514e-11	5.020606e-111	0.1	5.123514e-11	5.020606e-111	0.1	5.123514e-11	2.469812e-05	0.1	5.123514e-11	5.020606e-111	0.1	5.123514e-11	0.0001868956	0.1	5.123514e-11	0.001990607	0.1	5.123514e-11	0.001684073	0.1	5.123514e-11	0.005857183	0.1	5.123514e-11	0.003038368	0.1	5.123514e-11	4.10375e-06	0.1	5.123514e-11	0.0008114851	0.1	5.123514e-11	1.271916e-07	0.1
6.47581e-11	0.9661287	0.1	6.47581e-11	6.312493e-111	0.1	6.47581e-11	6.312493e-111	0.1	6.47581e-11	3.121815e-05	0.1	6.47581e-11	6.312493e-111	0.1	6.47581e-11	0.000233192	0.1	6.47581e-11	0.002512047	0.1	6.47581e-11	0.002160038	0.1	6.47581e-11	0.007315343	0.1	6.47581e-11	0.003791597	0.1	6.47581e-11	5.347185e-06	0.1	6.47581e-11	0.001018907	0.1	6.47581e-11	1.684122e-07	0.1
8.0123e-11	0.9584344	0.1	8.0123e-11	7.764238e-111	0.1	8.0123e-11	7.764238e-111	0.1	8.0123e-11	3.868455e-05	0.1	8.0123e-11	7.764238e-111	0.1	8.0123e-11	0.0002845893	0.1	8.0123e-11	0.003105525	0.1	8.0123e-11	0.00272889	0.1	8.0123e-11	0.008914006	0.1	8.0123e-11	0.004614831	0.1	8.0123e-11	6.892471e-06	0.1	8.0123e-11	0.001250776	0.1	8.0123e-11	2.215013e-07	0.1
9.548791e-11	0.950886	0.1	9.548791e-11	9.199313e-111	0.1	9.548791e-11	9.199313e-111	0.1	9.548791e-11	4.624092e-05	0.1	9.548791e-11	9.199313e-111	0.1	9.548791e-11	0.0003348671	0.1	9.548791e-11	0.003701525	0.1	9.548791e-11	0.00333339	0.1	9.548791e-11	0.01044451	0.1	9.548791e-11	0.005399798	0.1	9.548791e-11	8.603259e-06	0.1	9.548791e-11	0.001478353	0.1	9.548791e-11	2.822379e-07	0.1
1.108528e-10	0.9434877	0.1	1.108528e-10	1.061822e-110	0.1	1.108528e-10	1.061822e-110	0.1	1.108528e-10	5.391201e-05	0.1	1.108528e-10	1.061822e-110	0.1	1.108528e-10	0.0003841715	0.1	1.108528e-10	0.004301309	0.1	1.108528e-10	0.003978609	0.1	1.108528e-10	0.01190147	0.1	1.108528e-10	0.006143511	0.1	1.108528e-10	1.050105e-05	0.1	1.108528e-10	0.001701372	0.1	1.108528e-10	3.513644e-07	0.1
1.262177e-10	0.9362425	0.1	1.262177e-10	1.202146e-110	0.1	1.262177e-10	1.202146e-110	0.1	1.262177e-10	6.171788e-05	0.1	1.262177e-10	1.202146e-110	0.1	1.262177e-10	0.0004326248	0.1	1.262177e-10	0.00490587	0.1	1.262177e-10	0.004668589	0.1	1.262177e-10	0.01328075	0.1	1.262177e-10	0.006843775	0.1	1.262177e-10	1.260301e-05	0.1	1.262177e-10	0.001919552	0.1	1.262177e-10	4.293185e-07	0.1
1.415826e-10	0.929152	0.1	1.415826e-10	1.340953e-110	0.1	1.415826e-10	1.340953e-110	0.1	1.415826e-10	6.967393e-05	0.1	1.415826e-10	1.340953e-110	0.1	1.415826e-10	0.0004803258	0.1	1.415826e-10	0.005515939	0.1	1.415826e-10	0.005406345	0.1	1.415826e-10	0.01457951	0.1	1.415826e-10	0.007499173	0.1	1.415826e-10	1.492197e-05	0.1	1.415826e-10	0.002132603	0.1	1.415826e-10	5.162451e-07	0.1
1.588747e-10	0.9213572	0.1	1.588747e-10	1.495417e-110	0.1	1.588747e-10	1.495417e-110	0.1	1.588747e-10	7.882089e-05	0.1	1.588747e-10	1.495417e-110	0.1	1.588747e-10	0.0005332043	0.1	1.588747e-10	0.006209689	0.1	1.588747e-10	0.006296264	0.1	1.588747e-10	0.01594284	0.1	1.588747e-10	0.008182289	0.1	1.588747e-10	1.780199e-05	0.1	1.588747e-10	0.00236588	0.1	1.588747e-10	6.246402e-07	0.1
1.774515e-10	0.9131998	0.1	1.774515e-10	1.659364e-110	0.1	1.774515e-10	1.659364e-110	0.1	1.774515e-10	8.888495e-05	0.1	1.774515e-10	1.659364e-110	0.1	1.774515e-10	0.000589146	0.1	1.774515e-10	0.006963755	0.1	1.774515e-10	0.007324236	0.1	1.774515e-10	0.01729077	0.1	1.774515e-10	0.008851959	0.1	1.774515e-10	2.12217e-05	0.1	1.774515e-10	0.002608377	0.1	1.774515e-10	7.529492e-07	0.1
1.977494e-10	0.9045381	0.1	1.977494e-10	1.836234e-110	0.1	1.977494e-10	1.836234e-110	0.1	1.977494e-10	0.0001001665	0.1	1.977494e-10	1.836234e-110	0.1	1.977494e-10	0.0006493126	0.1	1.977494e-10	0.007797972	0.1	1.977494e-10	0.008532747	0.1	1.977494e-10	0.01862691	0.1	1.977494e-10	0.00950913	0.1	1.977494e-10	2.534476e-05	0.1	1.977494e-10	0.002863193	0.1	1.977494e-10	9.059512e-07	0.1
2.206292e-10	0.8950798	0.1	2.206292e-10	2.032883e-110	0.1	2.206292e-10	2.032883e-110	0.1	2.206292e-10	0.0001132336	0.1	2.206292e-10	2.032883e-110	0.1	2.206292e-10	0.0007159702	0.1	2.206292e-10	0.008750361	0.1	2.206292e-10	0.009999393	0.1	2.206292e-10	0.01996687	0.1	2.206292e-10	0.01016029	0.1	2.206292e-10	3.046674e-05	0.1	2.206292e-10	0.00313705	0.1	2.206292e-10	1.092228e-06	0.1
2.482737e-10	0.884063	0.1	2.482737e-10	2.266822e-110	0.1	2.482737e-10	2.266822e-110	0.1	2.482737e-10	0.0001294903	0.1	2.482737e-10	2.266822e-110	0.1	2.482737e-10	0.0007948496	0.1	2.482737e-10	0.009915841	0.1	2.482737e-10	0.01191164	0.1	2.482737e-10	0.02136337	0.1	2.482737e-10	0.01082868	0.1	2.482737e-10	3.729575e-05	0.1	2.482737e-10	0.00344817	0.1	2.482737e-10	1.332666e-06	0.1
2.759181e-10	0.8734685	0.1	2.759181e-10	2.496949e-110	0.1	2.759181e-10	2.496949e-110	0.1	2.759181e-10	0.0001462112	0.1	2.759181e-10	2.496949e-110	0.1	2.759181e-10	0.0008718204	0.1	2.759181e-10	0.01109375	0.1	2.759181e-10	0.01396486	0.1	2.759181e-10	0.02253524	0.1	2.759181e-10	0.01137956	0.1	2.759181e-10	4.477452e-05	0.1	2.759181e-10	0.003736956	0.1	2.759181e-10	1.584609e-06	0.1
3.035626e-10	0.863265	0.1	3.035626e-10	2.723451e-110	0.1	3.035626e-10	2.723451e-110	0.1	3.035626e-10	0.0001633333	0.1	3.035626e-10	2.723451e-110	0.1	3.035626e-10	0.0009467344	0.1	3.035626e-10	0.01227949	0.1	3.035626e-10	0.01614349	0.1	3.035626e-10	0.02350504	0.1	3.035626e-10	0.01182672	0.1	3.035626e-10	5.283895e-05	0.1	3.035626e-10	0.004003068	0.1	3.035626e-10	1.84256e-06	0.1
3.31207e-10	0.8534208	0.1	3.31207e-10	2.946489e-110	0.1	3.31207e-10	2.946489e-110	0.1	3.31207e-10	0.0001807883	0.1	3.31207e-10	2.946489e-110	0.1	3.31207e-10	0.001019422	0.1	3.31207e-10	0.0134681	0.1	3.31207e-10	0.01843087	0.1	3.31207e-10	0.02429633	0.1	3.31207e-10	0.01218408	0.1	3.31207e-10	6.142043e-05	0.1	3.31207e-10	0.004246592	0.1	3.31207e-10	2.101524e-06	0.1
3.588515e-10	0.8439057	0.1	3.588515e-10	3.166208e-110	0.1	3.588515e-10	3.166208e-110	0.1	3.588515e-10	0.0001985075	0.1	3.588515e-10	3.166208e-110	0.1	3.588515e-10	0.001089715	0.1	3.588515e-10	0.01465463	0.1	3.588515e-10	0.02081038	0.1	3.588515e-10	0.0249323	0.1	3.588515e-10	0.01246493	0.1	3.588515e-10	7.045038e-05	0.1	3.588515e-10	0.004467989	0.1	3.588515e-10	2.357232e-06	0.1
3.864959e-10	0.8346914	0.1	3.864959e-10	3.382733e-110	0.1	3.864959e-10	3.382733e-110	0.1	3.864959e-10	0.0002164251	0.1	3.864959e-10	3.382733e-110	0.1	3.864959e-10	0.001157461	0.1	3.864959e-10	0.01583431	0.1	3.864959e-10	0.02326615	0.1	3.864959e-10	0.0254349	0.1	3.864959e-10	0.01268149	0.1	3.864959e-10	7.986345e-05	0.1	3.864959e-10	0.004668042	0.1	3.864959e-10	2.606228e-06	0.1
4.141404e-10	0.825752	0.1	4.141404e-10	3.596177e-110	0.1	4.141404e-10	3.596177e-110	0.1	4.141404e-10	0.0002344808	0.1	4.141404e-10	3.596177e-110	0.1	4.141404e-10	0.001222535	0.1	4.141404e-10	0.01700272	0.1	4.141404e-10	0.0257836	0.1	4.141404e-10	0.02582423	0.1	4.141404e-10	0.01284469	0.1	4.141404e-10	8.959949e-05	0.1	4.141404e-10	0.004847775	0.1	4.141404e-10	2.845872e-06	0.1
4.417848e-10	0.8170647	0.1	4.417848e-10	3.80664e-110	0.1	4.417848e-10	3.80664e-110	0.1	4.417848e-10	0.0002526205	0.1	4.417848e-10	3.80664e-110	0.1	4.417848e-10	0.001284844	0.1	4.417848e-10	0.01815586	0.1	4.417848e-10	0.02834963	0.1	4.417848e-10	0.02611833	0.1	4.417848e-10	0.01296405	0.1	4.417848e-10	9.960454e-05	0.1	4.417848e-10	0.005008388	0.1	4.417848e-10	3.074271e-06	0.1
4.694293e-10	0.8086089	0.1	4.694293e-10	4.014213e-110	0.1	4.694293e-10	4.014213e-110	0.1	4.694293e-10	0.0002707973	0.1	4.694293e-10	4.014213e-110	0.1	4.694293e-10	0.001344324	0.1	4.694293e-10	0.01929017	0.1	4.694293e-10	0.03095277	0.1	4.694293e-10	0.026333	0.1	4.694293e-10	0.01304772	0.1	4.694293e-10	0.0001098312	0.1	4.694293e-10	0.005151187	0.1	4.694293e-10	3.290189e-06	0.1
4.995102e-10	0.7996503	0.1	4.995102e-10	4.236897e-110	0.1	4.995102e-10	4.236897e-110	0.1	4.995102e-10	0.0002905714	0.1	4.995102e-10	4.236897e-110	0.1	4.995102e-10	0.001405795	0.1	4.995102e-10	0.02049949	0.1	4.995102e-10	0.03381595	0.1	4.995102e-10	0.02649235	0.1	4.995102e-10	0.01310626	0.1	4.995102e-10	0.0001211633	0.1	4.995102e-10	0.005287924	0.1	4.995102e-10	3.510163e-06	0.1
5.332459e-10	0.7898802	0.1	5.332459e-10	4.482809e-110	0.1	5.332459e-10	4.482809e-110	0.1	5.332459e-10	0.0003126902	0.1	5.332459e-10	4.482809e-110	0.1	5.332459e-10	0.001470699	0.1	5.332459e-10	0.02182077	0.1	5.332459e-10	0.03705206	0.1	5.332459e-10	0.02659693	0.1	5.332459e-10	0.01314037	0.1	5.332459e-10	0.0001340718	0.1	5.332459e-10	0.005420269	0.1	5.332459e-10	3.737961e-06	0.1
5.724576e-10	0.778862	0.1	5.724576e-10	4.76372e-110	0.1	5.724576e-10	4.76372e-110	0.1	5.724576e-10	0.000338261	0.1	5.724576e-10	4.76372e-110	0.1	5.724576e-10	0.001540836	0.1	5.724576e-10	0.02330522	0.1	5.724576e-10	0.04083108	0.1	5.724576e-10	0.02664204	0.1	5.724576e-10	0.01314858	0.1	5.724576e-10	0.0001492757	0.1	5.724576e-10	0.005549264	0.1	5.724576e-10	3.977995e-06	0.1
6.130382e-10	0.7678107	0.1	6.130382e-10	5.049067e-110	0.1	6.130382e-10	5.049067e-110	0.1	6.130382e-10	0.0003645091	0.1	6.130382e-10	5.049067e-110	0.1	6.130382e-10	0.001607561	0.1	6.130382e-10	0.02477878	0.1	6.130382e-10	0.04474663	0.1	6.130382e-10	0.02662402	0.1	6.130382e-10	0.01313156	0.1	6.130382e-10	0.0001651727	0.1	6.130382e-10	0.005658258	0.1	6.130382e-10	4.199685e-06	0.1
6.536189e-10	0.7570894	0.1	6.536189e-10	5.329151e-110	0.1	6.536189e-10	5.329151e-110	0.1	6.536189e-10	0.0003904918	0.1	6.536189e-10	5.329151e-110	0.1	6.536189e-10	0.001668539	0.1	6.536189e-10	0.02618498	0.1	6.536189e-10	0.04865437	0.1	6.536189e-10	0.02655836	0.1	6.536189e-10	0.01309664	0.1	6.536189e-10	0.0001811818	0.1	6.536189e-10	0.005745876	0.1	6.536189e-10	4.396153e-06	0.1
6.941996e-10	0.7466752	0.1	6.941996e-10	5.604163e-110	0.1	6.941996e-10	5.604163e-110	0.1	6.941996e-10	0.0004161769	0.1	6.941996e-10	5.604163e-110	0.1	6.941996e-10	0.00172403	0.1	6.941996e-10	0.02752147	0.1	6.941996e-10	0.052545	0.1	6.941996e-10	0.02645895	0.1	6.941996e-10	0.01304975	0.1	6.941996e-10	0.000197263	0.1	6.941996e-10	0.005815314	0.1	6.941996e-10	4.569679e-06	0.1
7.347802e-10	0.7365491	0.1	7.347802e-10	5.874284e-110	0.1	7.347802e-10	5.874284e-110	0.1	7.347802e-10	0.0004415432	0.1	7.347802e-10	5.874284e-110	0.1	7.347802e-10	0.001774323	0.1	7.347802e-10	0.02878698	0.1	7.347802e-10	0.0564119	0.1	7.347802e-10	0.02633608	0.1	7.347802e-10	0.0129951	0.1	7.347802e-10	0.0002133871	0.1	7.347802e-10	0.005869366	0.1	7.347802e-10	4.722625e-06	0.1
7.753609e-10	0.726695	0.1	7.753609e-10	6.13969e-110	0.1	7.753609e-10	6.13969e-110	0.1	7.753609e-10	0.0004665777	0.1	7.753609e-10	6.13969e-110	0.1	7.753609e-10	0.001819721	0.1	7.753609e-10	0.02998111	0.1	7.753609e-10	0.0602504	0.1	7.753609e-10	0.02619737	0.1	7.753609e-10	0.01293565	0.1	7.753609e-10	0.0002295323	0.1	7.753609e-10	0.005910447	0.1	7.753609e-10	4.857291e-06	0.1
8.159416e-10	0.717099	0.1	8.159416e-10	6.400545e-110	0.1	8.159416e-10	6.400545e-110	0.1	8.159416e-10	0.0004912734	0.1	8.159416e-10	6.400545e-110	0.1	8.159416e-10	0.001860531	0.1	8.159416e-10	0.03110417	0.1	8.159416e-10	0.06405735	0.1	8.159416e-10	0.02604835	0.1	8.159416e-10	0.01287346	0.1	8.159416e-10	0.000245683	0.1	8.159416e-10	0.005940622	0.1	8.159416e-10	4.975829e-06	0.1
8.565222e-10	0.7077489	0.1	8.565222e-10	6.657012e-110	0.1	8.565222e-10	6.657012e-110	0.1	8.565222e-10	0.0005156278	0.1	8.565222e-10	6.657012e-110	0.1	8.565222e-10	0.001897058	0.1	8.565222e-10	0.03215707	0.1	8.565222e-10	0.06783066	0.1	8.565222e-10	0.02589302	0.1	8.565222e-10	0.0128099	0.1	8.565222e-10	0.000261828	0.1	8.565222e-10	0.005961646	0.1	8.565222e-10	5.080197e-06	0.1
8.971029e-10	0.6986339	0.1	8.971029e-10	6.909242e-110	0.1	8.971029e-10	6.909242e-110	0.1	8.971029e-10	0.0005396412	0.1	8.971029e-10	6.909242e-110	0.1	8.971029e-10	0.001929596	0.1	8.971029e-10	0.03314115	0.1	8.971029e-10	0.07156907	0.1	8.971029e-10	0.02573423	0.1	8.971029e-10	0.01274588	0.1	8.971029e-10	0.0002779588	0.1	8.971029e-10	0.005975001	0.1	8.971029e-10	5.172144e-06	0.1
9.461707e-10	0.6879123	0.1	9.461707e-10	7.208775e-110	0.1	9.461707e-10	7.208775e-110	0.1	9.461707e-10	0.0005682251	0.1	9.461707e-10	7.208775e-110	0.1	9.461707e-10	0.001964017	0.1	9.461707e-10	0.0342416	0.1	9.461707e-10	0.07604173	0.1	9.461707e-10	0.02554038	0.1	9.461707e-10	0.01266865	0.1	9.461707e-10	0.0002974358	0.1	9.461707e-10	0.005982673	0.1	9.461707e-10	5.268917e-06	0.1
9.952384e-10	0.6775039	0.1	9.952384e-10	7.502573e-110	0.1	9.952384e-10	7.502573e-110	0.1	9.952384e-10	0.000596321	0.1	9.952384e-10	7.502573e-110	0.1	9.952384e-10	0.001993497	0.1	9.952384e-10	0.03524753	0.1	9.952384e-10	0.08046183	0.1	9.952384e-10	0.02534667	0.1	9.952384e-10	0.01259213	0.1	9.952384e-10	0.0003168753	0.1	9.952384e-10	0.00598276	0.1	9.952384e-10	5.352104e-06	0.1
1.044306e-09	0.6673938	0.1	1.044306e-09	7.790872e-110	0.1	1.044306e-09	7.790872e-110	0.1	1.044306e-09	0.0006239372	0.1	1.044306e-09	7.790872e-110	0.1	1.044306e-09	0.002018476	0.1	1.044306e-09	0.03616295	0.1	1.044306e-09	0.08482943	0.1	1.044306e-09	0.02515451	0.1	1.044306e-09	0.01251657	0.1	1.044306e-09	0.0003362714	0.1	1.044306e-09	0.005976723	0.1	1.044306e-09	5.423657e-06	0.1
1.097493e-09	0.6567563	0.1	1.097493e-09	8.097412e-110	0.1	1.097493e-09	8.097412e-110	0.1	1.097493e-09	0.0006533401	0.1	1.097493e-09	8.097412e-110	0.1	1.097493e-09	0.002040942	0.1	1.097493e-09	0.03705796	0.1	1.097493e-09	0.08950474	0.1	1.097493e-09	0.02494889	0.1	1.097493e-09	0.01243578	0.1	1.097493e-09	0.0003572411	0.1	1.097493e-09	0.005964616	0.1	1.097493e-09	5.489949e-06	0.1
1.156857e-09	0.645258	0.1	1.156857e-09	8.432554e-110	0.1	1.156857e-09	8.432554e-110	0.1	1.156857e-09	0.0006855196	0.1	1.156857e-09	8.432554e-110	0.1	1.156857e-09	0.002060922	0.1	1.156857e-09	0.0379443	0.1	1.156857e-09	0.0946516	0.1	1.156857e-09	0.02472323	0.1	1.156857e-09	0.01234687	0.1	1.156857e-09	0.0003805732	0.1	1.156857e-09	0.005945672	0.1	1.156857e-09	5.552097e-06	0.1
1.216221e-09	0.6341344	0.1	1.216221e-09	8.76064e-110	0.1	1.216221e-09	8.76064e-110	0.1	1.216221e-09	0.0007170402	0.1	1.216221e-09	8.76064e-110	0.1	1.216221e-09	0.002076101	0.1	1.216221e-09	0.03871962	0.1	1.216221e-09	0.09972411	0.1	1.216221e-09	0.02450177	0.1	1.216221e-09	0.01225907	0.1	1.216221e-09	0.0004038217	0.1	1.216221e-09	0.005922224	0.1	1.216221e-09	5.603554e-06	0.1
1.280559e-09	0.6224788	0.1	1.280559e-09	9.108613e-110	0.1	1.280559e-09	9.108613e-110	0.1	1.280559e-09	0.0007504745	0.1	1.280559e-09	9.108613e-110	0.1	1.280559e-09	0.002087751	0.1	1.280559e-09	0.0394439	0.1	1.280559e-09	0.1051389	0.1	1.280559e-09	0.02426638	0.1	1.280559e-09	0.01216485	0.1	1.280559e-09	0.0004289161	0.1	1.280559e-09	0.005892855	0.1	1.280559e-09	5.648968e-06	0.1
1.352357e-09	0.609934	0.1	1.352357e-09	9.488054e-110	0.1	1.352357e-09	9.488054e-110	0.1	1.352357e-09	0.0007869133	0.1	1.352357e-09	9.488054e-110	0.1	1.352357e-09	0.002095576	0.1	1.352357e-09	0.04012173	0.1	1.352357e-09	0.1110818	0.1	1.352357e-09	0.02400896	0.1	1.352357e-09	0.01206048	0.1	1.352357e-09	0.0004567851	0.1	1.352357e-09	0.005856334	0.1	1.352357e-09	5.688699e-06	0.1
1.424156e-09	0.5978468	0.1	1.424156e-09	9.858591e-110	0.1	1.424156e-09	9.858591e-110	0.1	1.424156e-09	0.0008224527	0.1	1.424156e-09	9.858591e-110	0.1	1.424156e-09	0.002098648	0.1	1.424156e-09	0.04067498	0.1	1.424156e-09	0.116921	0.1	1.424156e-09	0.02375654	0.1	1.424156e-09	0.01195655	0.1	1.424156e-09	0.0004845004	0.1	1.424156e-09	0.005816792	0.1	1.424156e-09	5.718433e-06	0.1
1.505099e-09	0.5847326	0.1	1.505099e-09	1.02662e-109	0.1	1.505099e-09	1.02662e-109	0.1	1.505099e-09	0.000861465	0.1	1.505099e-09	1.02662e-109	0.1	1.505099e-09	0.002097211	0.1	1.505099e-09	0.04116519	0.1	1.505099e-09	0.1233816	0.1	1.505099e-09	0.02347727	0.1	1.505099e-09	0.01183956	0.1	1.505099e-09	0.0005155466	0.1	1.505099e-09	0.005769474	0.1	1.505099e-09	5.741543e-06	0.1
1.59214e-09	0.5711947	0.1	1.59214e-09	1.069319e-109	0.1	1.59214e-09	1.069319e-109	0.1	1.59214e-09	0.0009021973	0.1	1.59214e-09	1.069319e-109	0.1	1.59214e-09	0.002090736	0.1	1.59214e-09	0.0415531	0.1	1.59214e-09	0.1301862	0.1	1.59214e-09	0.02318252	0.1	1.59214e-09	0.0117137	0.1	1.59214e-09	0.0005486771	0.1	1.59214e-09	0.005716165	0.1	1.59214e-09	5.75566e-06	0.1
1.679181e-09	0.5581992	0.1	1.679181e-09	1.110908e-109	0.1	1.679181e-09	1.110908e-109	0.1	1.679181e-09	0.0009416958	0.1	1.679181e-09	1.110908e-109	0.1	1.679181e-09	0.002079968	0.1	1.679181e-09	0.04181552	0.1	1.679181e-09	0.1368453	0.1	1.679181e-09	0.02289287	0.1	1.679181e-09	0.01158763	0.1	1.679181e-09	0.0005815246	0.1	1.679181e-09	0.005660996	0.1	1.679181e-09	5.76007e-06	0.1
1.781045e-09	0.5436262	0.1	1.781045e-09	1.158251e-109	0.1	1.781045e-09	1.158251e-109	0.1	1.781045e-09	0.0009863917	0.1	1.781045e-09	1.158251e-109	0.1	1.781045e-09	0.002062861	0.1	1.781045e-09	0.04198641	0.1	1.781045e-09	0.1444562	0.1	1.781045e-09	0.02255974	0.1	1.781045e-09	0.01143979	0.1	1.781045e-09	0.0006195817	0.1	1.781045e-09	0.005594729	0.1	1.781045e-09	5.754516e-06	0.1
1.886616e-09	0.5291895	0.1	1.886616e-09	1.205893e-109	0.1	1.886616e-09	1.205893e-109	0.1	1.886616e-09	0.001031017	0.1	1.886616e-09	1.205893e-109	0.1	1.886616e-09	0.002040964	0.1	1.886616e-09	0.04203325	0.1	1.886616e-09	0.1521399	0.1	1.886616e-09	0.0222207	0.1	1.886616e-09	0.0112864	0.1	1.886616e-09	0.0006585578	0.1	1.886616e-09	0.005524713	0.1	1.886616e-09	5.738234e-06	0.1
1.996615e-09	0.5148092	0.1	1.996615e-09	1.254086e-109	0.1	1.996615e-09	1.254086e-109	0.1	1.996615e-09	0.001075726	0.1	1.996615e-09	1.254086e-109	0.1	1.996615e-09	0.002014568	0.1	1.996615e-09	0.04196596	0.1	1.996615e-09	0.1599286	0.1	1.996615e-09	0.02187384	0.1	1.996615e-09	0.01112666	0.1	1.996615e-09	0.0006986367	0.1	1.996615e-09	0.005450845	0.1	1.996615e-09	5.711569e-06	0.1
2.124328e-09	0.4988886	0.1	2.124328e-09	1.308305e-109	0.1	2.124328e-09	1.308305e-109	0.1	2.124328e-09	0.001125417	0.1	2.124328e-09	1.308305e-109	0.1	2.124328e-09	0.001980392	0.1	2.124328e-09	0.04176839	0.1	2.124328e-09	0.1686988	0.1	2.124328e-09	0.02147916	0.1	2.124328e-09	0.01094183	0.1	2.124328e-09	0.0007444564	0.1	2.124328e-09	0.005364489	0.1	2.124328e-09	5.670246e-06	0.1
2.252041e-09	0.4837293	0.1	2.252041e-09	1.360782e-109	0.1	2.252041e-09	1.360782e-109	0.1	2.252041e-09	0.001172805	0.1	2.252041e-09	1.360782e-109	0.1	2.252041e-09	0.001943398	0.1	2.252041e-09	0.04147016	0.1	2.252041e-09	0.1771826	0.1	2.252041e-09	0.02109312	0.1	2.252041e-09	0.01075826	0.1	2.252041e-09	0.0007894812	0.1	2.252041e-09	0.005278021	0.1	2.252041e-09	5.619843e-06	0.1
2.406681e-09	0.4662998	0.1	2.406681e-09	1.422159e-109	0.1	2.406681e-09	1.422159e-109	0.1	2.406681e-09	0.001227227	0.1	2.406681e-09	1.422159e-109	0.1	2.406681e-09	0.001896	0.1	2.406681e-09	0.04100786	0.1	2.406681e-09	0.1870825	0.1	2.406681e-09	0.02063733	0.1	2.406681e-09	0.01053852	0.1	2.406681e-09	0.0008429049	0.1	2.406681e-09	0.0051738	0.1	2.406681e-09	5.549328e-06	0.1
2.56132e-09	0.4497922	0.1	2.56132e-09	1.48134e-109	0.1	2.56132e-09	1.48134e-109	0.1	2.56132e-09	0.001278554	0.1	2.56132e-09	1.48134e-109	0.1	2.56132e-09	0.001846809	0.1	2.56132e-09	0.04046545	0.1	2.56132e-09	0.1965877	0.1	2.56132e-09	0.02019445	0.1	2.56132e-09	0.01032238	0.1	2.56132e-09	0.0008951087	0.1	2.56132e-09	0.005070679	0.1	2.56132e-09	5.471048e-06	0.1
2.71596e-09	0.4341229	0.1	2.71596e-09	1.538493e-109	0.1	2.71596e-09	1.538493e-109	0.1	2.71596e-09	0.001326943	0.1	2.71596e-09	1.538493e-109	0.1	2.71596e-09	0.001796693	0.1	2.71596e-09	0.03986808	0.1	2.71596e-09	0.205713	0.1	2.71596e-09	0.01976455	0.1	2.71596e-09	0.01011054	0.1	2.71596e-09	0.000946083	0.1	2.71596e-09	0.004969128	0.1	2.71596e-09	5.387305e-06	0.1
2.870599e-09	0.4192209	0.1	2.870599e-09	1.593772e-109	0.1	2.870599e-09	1.593772e-109	0.1	2.870599e-09	0.001372549	0.1	2.870599e-09	1.593772e-109	0.1	2.870599e-09	0.001746307	0.1	2.870599e-09	0.03923475	0.1	2.870599e-09	0.2144736	0.1	2.870599e-09	0.01934763	0.1	2.870599e-09	0.009903504	0.1	2.870599e-09	0.0009958289	0.1	2.870599e-09	0.004869497	0.1	2.870599e-09	5.299946e-06	0.1
3.025239e-09	0.405025	0.1	3.025239e-09	1.647316e-109	0.1	3.025239e-09	1.647316e-109	0.1	3.025239e-09	0.001415522	0.1	3.025239e-09	1.647316e-109	0.1	3.025239e-09	0.001696144	0.1	3.025239e-09	0.03857971	0.1	3.025239e-09	0.2228852	0.1	3.025239e-09	0.01894355	0.1	3.025239e-09	0.009701624	0.1	3.025239e-09	0.001044356	0.1	3.025239e-09	0.004772034	0.1	3.025239e-09	5.210435e-06	0.1
3.179878e-09	0.3914823	0.1	3.179878e-09	1.699253e-109	0.1	3.179878e-09	1.699253e-109	0.1	3.179878e-09	0.001456012	0.1	3.179878e-09	1.699253e-109	0.1	3.179878e-09	0.001646571	0.1	3.179878e-09	0.03791359	0.1	3.179878e-09	0.230963	0.1	3.179878e-09	0.01855213	0.1	3.179878e-09	0.009505108	0.1	3.179878e-09	0.001091678	0.1	3.179878e-09	0.00467691	0.1	3.179878e-09	5.119913e-06	0.1
3.334518e-09	0.3785463	0.1	3.334518e-09	1.7497e-109	0.1	3.334518e-09	1.7497e-109	0.1	3.334518e-09	0.00149416	0.1	3.334518e-09	1.7497e-109	0.1	3.334518e-09	0.001597856	0.1	3.334518e-09	0.03724424	0.1	3.334518e-09	0.2387224	0.1	3.334518e-09	0.01817305	0.1	3.334518e-09	0.009314057	0.1	3.334518e-09	0.001137817	0.1	3.334518e-09	0.00458423	0.1	3.334518e-09	5.029253e-06	0.1
3.514056e-09	0.3642348	0.1	3.514056e-09	1.806543e-109	0.1	3.514056e-09	1.806543e-109	0.1	3.514056e-09	0.001535695	0.1	3.514056e-09	1.806543e-109	0.1	3.514056e-09	0.001542624	0.1	3.514056e-09	0.03647061	0.1	3.514056e-09	0.2473511	0.1	3.514056e-09	0.01774799	0.1	3.514056e-09	0.009099119	0.1	3.514056e-09	0.00118993	0.1	3.514056e-09	0.004479763	0.1	3.514056e-09	4.924686e-06	0.1
3.699819e-09	0.3501698	0.1	3.699819e-09	1.86356e-109	0.1	3.699819e-09	1.86356e-109	0.1	3.699819e-09	0.001575758	0.1	3.699819e-09	1.86356e-109	0.1	3.699819e-09	0.001487181	0.1	3.699819e-09	0.03568046	0.1	3.699819e-09	0.2558719	0.1	3.699819e-09	0.01732461	0.1	3.699819e-09	0.008884423	0.1	3.699819e-09	0.001242244	0.1	3.699819e-09	0.004375237	0.1	3.699819e-09	4.818025e-06	0.1
3.885582e-09	0.3368056	0.1	3.885582e-09	1.918905e-109	0.1	3.885582e-09	1.918905e-109	0.1	3.885582e-09	0.001613072	0.1	3.885582e-09	1.918905e-109	0.1	3.885582e-09	0.001433606	0.1	3.885582e-09	0.03490546	0.1	3.885582e-09	0.2640018	0.1	3.885582e-09	0.01691721	0.1	3.885582e-09	0.008677379	0.1	3.885582e-09	0.00129297	0.1	3.885582e-09	0.0042743	0.1	3.885582e-09	4.713482e-06	0.1
4.071345e-09	0.3240931	0.1	4.071345e-09	1.972719e-109	0.1	4.071345e-09	1.972719e-109	0.1	4.071345e-09	0.001647834	0.1	4.071345e-09	1.972719e-109	0.1	4.071345e-09	0.001381966	0.1	4.071345e-09	0.03414865	0.1	4.071345e-09	0.2717634	0.1	4.071345e-09	0.01652508	0.1	4.071345e-09	0.008477755	0.1	4.071345e-09	0.001342153	0.1	4.071345e-09	0.004176877	0.1	4.071345e-09	4.611428e-06	0.1
4.280648e-09	0.3104961	0.1	4.280648e-09	2.03168e-109	0.1	4.280648e-09	2.03168e-109	0.1	4.280648e-09	0.001684175	0.1	4.280648e-09	2.03168e-109	0.1	4.280648e-09	0.00132613	0.1	4.280648e-09	0.03331995	0.1	4.280648e-09	0.2800933	0.1	4.280648e-09	0.01610065	0.1	4.280648e-09	0.008261385	0.1	4.280648e-09	0.00139578	0.1	4.280648e-09	0.004071189	0.1	4.280648e-09	4.4997e-06	0.1
4.505644e-09	0.2966764	0.1	4.505644e-09	2.093271e-109	0.1	4.505644e-09	2.093271e-109	0.1	4.505644e-09	0.00172017	0.1	4.505644e-09	2.093271e-109	0.1	4.505644e-09	0.001268859	0.1	4.505644e-09	0.03245893	0.1	4.505644e-09	0.2885881	0.1	4.505644e-09	0.01566382	0.1	4.505644e-09	0.00803844	0.1	4.505644e-09	0.001451383	0.1	4.505644e-09	0.003962211	0.1	4.505644e-09	4.383621e-06	0.1
4.73064e-09	0.2836214	0.1	4.73064e-09	2.153189e-109	0.1	4.73064e-09	2.153189e-109	0.1	4.73064e-09	0.001753258	0.1	4.73064e-09	2.153189e-109	0.1	4.73064e-09	0.00121437	0.1	4.73064e-09	0.0316293	0.1	4.73064e-09	0.2966382	0.1	4.73064e-09	0.01524594	0.1	4.73064e-09	0.007824975	0.1	4.73064e-09	0.001504946	0.1	4.73064e-09	0.003857807	0.1	4.73064e-09	4.271774e-06	0.1
4.973915e-09	0.2703022	0.1	4.973915e-09	2.216289e-109	0.1	4.973915e-09	2.216289e-109	0.1	4.973915e-09	0.001786055	0.1	4.973915e-09	2.216289e-109	0.1	4.973915e-09	0.001158472	0.1	4.973915e-09	0.03076726	0.1	4.973915e-09	0.3048764	0.1	4.973915e-09	0.0148141	0.1	4.973915e-09	0.007604232	0.1	4.973915e-09	0.00156065	0.1	4.973915e-09	0.003749797	0.1	4.973915e-09	4.155555e-06	0.1
5.244607e-09	0.2563797	0.1	5.244607e-09	2.284667e-109	0.1	5.244607e-09	2.284667e-109	0.1	5.244607e-09	0.001819258	0.1	5.244607e-09	2.284667e-109	0.1	5.244607e-09	0.001099783	0.1	5.244607e-09	0.02984964	0.1	5.244607e-09	0.3135152	0.1	5.244607e-09	0.01435639	0.1	5.244607e-09	0.007370139	0.1	5.244607e-09	0.00162004	0.1	5.244607e-09	0.003635216	0.1	5.244607e-09	4.031838e-06	0.1
5.515298e-09	0.2433279	0.1	5.515298e-09	2.351341e-109	0.1	5.515298e-09	2.351341e-109	0.1	5.515298e-09	0.001849346	0.1	5.515298e-09	2.351341e-109	0.1	5.515298e-09	0.00104458	0.1	5.515298e-09	0.02897401	0.1	5.515298e-09	0.3216398	0.1	5.515298e-09	0.01392102	0.1	5.515298e-09	0.00714738	0.1	5.515298e-09	0.001676817	0.1	5.515298e-09	0.003526156	0.1	5.515298e-09	3.913779e-06	0.1
5.820455e-09	0.2295722	0.1	5.820455e-09	2.42472e-109	0.1	5.820455e-09	2.42472e-109	0.1	5.820455e-09	0.001879932	0.1	5.820455e-09	2.42472e-109	0.1	5.820455e-09	0.0009862539	0.1	5.820455e-09	0.02803456	0.1	5.820455e-09	0.3302314	0.1	5.820455e-09	0.01345501	0.1	5.820455e-09	0.006908879	0.1	5.820455e-09	0.001737826	0.1	5.820455e-09	0.003409367	0.1	5.820455e-09	3.787112e-06	0.1
6.148589e-09	0.2158165	0.1	6.148589e-09	2.5018e-109	0.1	6.148589e-09	2.5018e-109	0.1	6.148589e-09	0.00190933	0.1	6.148589e-09	2.5018e-109	0.1	6.148589e-09	0.0009278167	0.1	6.148589e-09	0.02707726	0.1	6.148589e-09	0.3388545	0.1	6.148589e-09	0.01298098	0.1	6.148589e-09	0.006666214	0.1	6.148589e-09	0.001800054	0.1	6.148589e-09	0.003290524	0.1	6.148589e-09	3.658035e-06	0.1
6.490604e-09	0.2025191	0.1	6.490604e-09	2.580425e-109	0.1	6.490604e-09	2.580425e-109	0.1	6.490604e-09	0.001936593	0.1	6.490604e-09	2.580425e-109	0.1	6.490604e-09	0.0008712485	0.1	6.490604e-09	0.02613365	0.1	6.490604e-09	0.3472229	0.1	6.490604e-09	0.01251429	0.1	6.490604e-09	0.006427275	0.1	6.490604e-09	0.001861377	0.1	6.490604e-09	0.003173496	0.1	6.490604e-09	3.530805e-06	0.1
6.888145e-09	0.1882708	0.1	6.888145e-09	2.669974e-109	0.1	6.888145e-09	2.669974e-109	0.1	6.888145e-09	0.001964523	0.1	6.888145e-09	2.669974e-109	0.1	6.888145e-09	0.0008105727	0.1	6.888145e-09	0.02510089	0.1	6.888145e-09	0.356229	0.1	6.888145e-09	0.01200395	0.1	6.888145e-09	0.006165955	0.1	6.888145e-09	0.001928363	0.1	6.888145e-09	0.003045501	0.1	6.888145e-09	3.391556e-06	0.1
7.302521e-09	0.1746643	0.1	7.302521e-09	2.761586e-109	0.1	7.302521e-09	2.761586e-109	0.1	7.302521e-09	0.001989941	0.1	7.302521e-09	2.761586e-109	0.1	7.302521e-09	0.0007525853	0.1	7.302521e-09	0.02409143	0.1	7.302521e-09	0.3648718	0.1	7.302521e-09	0.01150541	0.1	7.302521e-09	0.005910659	0.1	7.302521e-09	0.001993556	0.1	7.302521e-09	0.002920451	0.1	7.302521e-09	3.25545e-06	0.1
7.784234e-09	0.1602726	0.1	7.784234e-09	2.866326e-109	0.1	7.784234e-09	2.866326e-109	0.1	7.784234e-09	0.00201549	0.1	7.784234e-09	2.866326e-109	0.1	7.784234e-09	0.000691216	0.1	7.784234e-09	0.02299583	0.1	7.784234e-09	0.3740646	0.1	7.784234e-09	0.01096452	0.1	7.784234e-09	0.005633667	0.1	7.784234e-09	0.002063782	0.1	7.784234e-09	0.002784774	0.1	7.784234e-09	3.107737e-06	0.1
8.304984e-09	0.1462436	0.1	8.304984e-09	2.977928e-109	0.1	8.304984e-09	2.977928e-109	0.1	8.304984e-09	0.002039083	0.1	8.304984e-09	2.977928e-109	0.1	8.304984e-09	0.0006313636	0.1	8.304984e-09	0.02189621	0.1	8.304984e-09	0.3830843	0.1	8.304984e-09	0.01042178	0.1	8.304984e-09	0.005355713	0.1	8.304984e-09	0.002133441	0.1	8.304984e-09	0.002648626	0.1	8.304984e-09	2.959486e-06	0.1
8.884288e-09	0.1322754	0.1	8.884288e-09	3.10065e-109	0.1	8.884288e-09	3.10065e-109	0.1	8.884288e-09	0.002061319	0.1	8.884288e-09	3.10065e-109	0.1	8.884288e-09	0.0005717452	0.1	8.884288e-09	0.02076521	0.1	8.884288e-09	0.3921318	0.1	8.884288e-09	0.009863614	0.1	8.884288e-09	0.005069861	0.1	8.884288e-09	0.002203888	0.1	8.884288e-09	0.00250861	0.1	8.884288e-09	2.807013e-06	0.1
9.542699e-09	0.1182213	0.1	9.542699e-09	3.238931e-109	0.1	9.542699e-09	3.238931e-109	0.1	9.542699e-09	0.002082481	0.1	9.542699e-09	3.238931e-109	0.1	9.542699e-09	0.0005117338	0.1	9.542699e-09	0.01958415	0.1	9.542699e-09	0.4013151	0.1	9.542699e-09	0.009280809	0.1	9.542699e-09	0.004771386	0.1	9.542699e-09	0.00227572	0.1	9.542699e-09	0.002362412	0.1	9.542699e-09	2.647804e-06	0.1
1.025385e-08	0.1049154	0.1	1.025385e-08	3.387502e-109	0.1	1.025385e-08	3.387502e-109	0.1	1.025385e-08	0.002101471	0.1	1.025385e-08	3.387502e-109	0.1	1.025385e-08	0.0004548907	0.1	1.025385e-08	0.01841809	0.1	1.025385e-08	0.4100988	0.1	1.025385e-08	0.00870546	0.1	1.025385e-08	0.004476728	0.1	1.025385e-08	0.002344411	0.1	1.025385e-08	0.002218083	0.1	1.025385e-08	2.490628e-06	0.1
1.0965e-08	0.09327639	0.1	1.0965e-08	3.535802e-109	0.1	1.0965e-08	3.535802e-109	0.1	1.0965e-08	0.002117328	0.1	1.0965e-08	3.535802e-109	0.1	1.0965e-08	0.0004051433	0.1	1.0965e-08	0.01735176	0.1	1.0965e-08	0.4178688	0.1	1.0965e-08	0.008179394	0.1	1.0965e-08	0.004207308	0.1	1.0965e-08	0.002404822	0.1	1.0965e-08	0.002086115	0.1	1.0965e-08	2.346909e-06	0.1
1.167615e-08	0.08306647	0.1	1.167615e-08	3.684248e-109	0.1	1.167615e-08	3.684248e-109	0.1	1.167615e-08	0.002130727	0.1	1.167615e-08	3.684248e-109	0.1	1.167615e-08	0.0003614809	0.1	1.167615e-08	0.01637313	0.1	1.167615e-08	0.4247657	0.1	1.167615e-08	0.00769668	0.1	1.167615e-08	0.003960088	0.1	1.167615e-08	0.002457846	0.1	1.167615e-08	0.001965017	0.1	1.167615e-08	2.215022e-06	0.1
1.253045e-08	0.07241361	0.1	1.253045e-08	3.863196e-109	0.1	1.253045e-08	3.863196e-109	0.1	1.253045e-08	0.002144268	0.1	1.253045e-08	3.863196e-109	0.1	1.253045e-08	0.0003158961	0.1	1.253045e-08	0.01529931	0.1	1.253045e-08	0.4320606	0.1	1.253045e-08	0.007167158	0.1	1.253045e-08	0.003688892	0.1	1.253045e-08	0.002512912	0.1	1.253045e-08	0.001832167	0.1	1.253045e-08	2.070322e-06	0.1
1.338476e-08	0.063255	0.1	1.338476e-08	4.043169e-109	0.1	1.338476e-08	4.043169e-109	0.1	1.338476e-08	0.002155601	0.1	1.338476e-08	4.043169e-109	0.1	1.338476e-08	0.0002766769	0.1	1.338476e-08	0.01432296	0.1	1.338476e-08	0.438432	0.1	1.338476e-08	0.006685895	0.1	1.338476e-08	0.003442406	0.1	1.338476e-08	0.002559735	0.1	1.338476e-08	0.001711411	0.1	1.338476e-08	1.938772e-06	0.1
1.423907e-08	0.0553586	0.1	1.423907e-08	4.224414e-109	0.1	1.423907e-08	4.224414e-109	0.1	1.423907e-08	0.002165164	0.1	1.423907e-08	4.224414e-109	0.1	1.423907e-08	0.0002428362	0.1	1.423907e-08	0.01343204	0.1	1.423907e-08	0.4440176	0.1	1.423907e-08	0.006246966	0.1	1.423907e-08	0.003217593	0.1	1.423907e-08	0.002599422	0.1	1.423907e-08	0.001601261	0.1	1.423907e-08	1.818748e-06	0.1
1.509338e-08	0.04853318	0.1	1.509338e-08	4.407085e-109	0.1	1.509338e-08	4.407085e-109	0.1	1.509338e-08	0.00217326	0.1	1.509338e-08	4.407085e-109	0.1	1.509338e-08	0.0002135608	0.1	1.509338e-08	0.01261649	0.1	1.509338e-08	0.448931	0.1	1.509338e-08	0.005845424	0.1	1.509338e-08	0.003011922	0.1	1.509338e-08	0.002632943	0.1	1.509338e-08	0.001500474	0.1	1.509338e-08	1.708893e-06	0.1
1.594769e-08	0.04262011	0.1	1.594769e-08	4.591268e-109	0.1	1.594769e-08	4.591268e-109	0.1	1.594769e-08	0.002180103	0.1	1.594769e-08	4.591268e-109	0.1	1.594769e-08	0.0001881759	0.1	1.594769e-08	0.01186785	0.1	1.594769e-08	0.4532668	0.1	1.594769e-08	0.005477104	0.1	1.594769e-08	0.002823256	0.1	1.594769e-08	0.002661147	0.1	1.594769e-08	0.001408005	0.1	1.594769e-08	1.608064e-06	0.1
1.6802e-08	0.03748693	0.1	1.6802e-08	4.777e-109	0.1	1.6802e-08	4.777e-109	0.1	1.6802e-08	0.002185846	0.1	1.6802e-08	4.777e-109	0.1	1.6802e-08	0.000166118	0.1	1.6802e-08	0.01117893	0.1	1.6802e-08	0.4571041	0.1	1.6802e-08	0.005138463	0.1	1.6802e-08	0.002649781	0.1	1.6802e-08	0.002684775	0.1	1.6802e-08	0.001322963	0.1	1.6802e-08	1.51529e-06	0.1
1.765631e-08	0.03302248	0.1	1.765631e-08	4.964283e-109	0.1	1.765631e-08	4.964283e-109	0.1	1.765631e-08	0.002190602	0.1	1.765631e-08	4.964283e-109	0.1	1.765631e-08	0.0001469144	0.1	1.765631e-08	0.01054356	0.1	1.765631e-08	0.4605096	0.1	1.765631e-08	0.004826463	0.1	1.765631e-08	0.002489941	0.1	1.765631e-08	0.002704467	0.1	1.765631e-08	0.001244585	0.1	1.765631e-08	1.42974e-06	0.1
1.851062e-08	0.029133	0.1	1.851062e-08	5.153091e-109	0.1	1.851062e-08	5.153091e-109	0.1	1.851062e-08	0.002194456	0.1	1.851062e-08	5.153091e-109	0.1	1.851062e-08	0.0001301659	0.1	1.851062e-08	0.009956434	0.1	1.851062e-08	0.4635395	0.1	1.851062e-08	0.004538481	0.1	1.851062e-08	0.002342393	0.1	1.851062e-08	0.002720777	0.1	1.851062e-08	0.001172214	0.1	1.851062e-08	1.350696e-06	0.1
1.936493e-08	0.02573907	0.1	1.936493e-08	5.343382e-109	0.1	1.936493e-08	5.343382e-109	0.1	1.936493e-08	0.002197473	0.1	1.936493e-08	5.343382e-109	0.1	1.936493e-08	0.0001155347	0.1	1.936493e-08	0.009412916	0.1	1.936493e-08	0.4662421	0.1	1.936493e-08	0.004272233	0.1	1.936493e-08	0.002205967	0.1	1.936493e-08	0.002734183	0.1	1.936493e-08	0.001105277	0.1	1.936493e-08	1.277533e-06	0.1
2.021924e-08	0.02277316	0.1	2.021924e-08	5.535103e-109	0.1	2.021924e-08	5.535103e-109	0.1	2.021924e-08	0.002199712	0.1	2.021924e-08	5.535103e-109	0.1	2.021924e-08	0.0001027333	0.1	2.021924e-08	0.008908966	0.1	2.021924e-08	0.4686583	0.1	2.021924e-08	0.00402572	0.1	2.021924e-08	0.002079639	0.1	2.021924e-08	0.002745097	0.1	2.021924e-08	0.001043272	0.1	2.021924e-08	1.209706e-06	0.1
2.107355e-08	0.02017768	0.1	2.107355e-08	5.72819e-109	0.1	2.107355e-08	5.72819e-109	0.1	2.107355e-08	0.00220122	0.1	2.107355e-08	5.72819e-109	0.1	2.107355e-08	9.151667e-05	0.1	2.107355e-08	0.008441023	0.1	2.107355e-08	0.4708233	0.1	2.107355e-08	0.003797181	0.1	2.107355e-08	0.001962506	0.1	2.107355e-08	0.002753872	0.1	2.107355e-08	0.0009857571	0.1	2.107355e-08	1.146733e-06	0.1
2.192785e-08	0.01790336	0.1	2.192785e-08	5.922576e-109	0.1	2.192785e-08	5.922576e-109	0.1	2.192785e-08	0.002202041	0.1	2.192785e-08	5.922576e-109	0.1	2.192785e-08	8.167484e-05	0.1	2.192785e-08	0.008005937	0.1	2.192785e-08	0.4727675	0.1	2.192785e-08	0.003585053	0.1	2.192785e-08	0.00185377	0.1	2.192785e-08	0.002760811	0.1	2.192785e-08	0.0009323413	0.1	2.192785e-08	1.088189e-06	0.1
2.278216e-08	0.01590792	0.1	2.278216e-08	6.118192e-109	0.1	2.278216e-08	6.118192e-109	0.1	2.278216e-08	0.002202217	0.1	2.278216e-08	6.118192e-109	0.1	2.278216e-08	7.302777e-05	0.1	2.278216e-08	0.007600906	0.1	2.278216e-08	0.474517	0.1	2.278216e-08	0.003387947	0.1	2.278216e-08	0.001752718	0.1	2.278216e-08	0.002766173	0.1	2.278216e-08	0.0008826763	0.1	2.278216e-08	1.033696e-06	0.1
2.363647e-08	0.01415501	0.1	2.363647e-08	6.314968e-109	0.1	2.363647e-08	6.314968e-109	0.1	2.363647e-08	0.002201787	0.1	2.363647e-08	6.314968e-109	0.1	2.363647e-08	6.542059e-05	0.1	2.363647e-08	0.007223427	0.1	2.363647e-08	0.4760945	0.1	2.363647e-08	0.00320462	0.1	2.363647e-08	0.001658714	0.1	2.363647e-08	0.00277018	0.1	2.363647e-08	0.0008364507	0.1	2.363647e-08	9.829161e-07	0.1
2.449078e-08	0.01261331	0.1	2.449078e-08	6.512833e-109	0.1	2.449078e-08	6.512833e-109	0.1	2.449078e-08	0.002200788	0.1	2.449078e-08	6.512833e-109	0.1	2.449078e-08	5.871977e-05	0.1	2.449078e-08	0.006871254	0.1	2.449078e-08	0.4775199	0.1	2.449078e-08	0.003033952	0.1	2.449078e-08	0.001571186	0.1	2.449078e-08	0.002773022	0.1	2.449078e-08	0.0007933847	0.1	2.449078e-08	9.355453e-07	0.1
2.534509e-08	0.01125578	0.1	2.534509e-08	6.71172e-109	0.1	2.534509e-08	6.71172e-109	0.1	2.534509e-08	0.002199257	0.1	2.534509e-08	6.71172e-109	0.1	2.534509e-08	5.281002e-05	0.1	2.534509e-08	0.006542366	0.1	2.534509e-08	0.4788102	0.1	2.534509e-08	0.002874937	0.1	2.534509e-08	0.001489617	0.1	2.534509e-08	0.002774861	0.1	2.534509e-08	0.0007532264	0.1	2.534509e-08	8.913107e-07	0.1
2.61994e-08	0.01005904	0.1	2.61994e-08	6.911564e-109	0.1	2.61994e-08	6.911564e-109	0.1	2.61994e-08	0.00219723	0.1	2.61994e-08	6.911564e-109	0.1	2.61994e-08	4.759155e-05	0.1	2.61994e-08	0.006234935	0.1	2.61994e-08	0.4799805	0.1	2.61994e-08	0.002726663	0.1	2.61994e-08	0.001413542	0.1	2.61994e-08	0.002775836	0.1	2.61994e-08	0.0007157476	0.1	2.61994e-08	8.499655e-07	0.1
