Batch	m_SP	6	R	W4_L	W3	P1	P2_L	P3	
9.261673000000e-12	9.738692638211e-06	1.000000000000e-01	9.261673000000e-12	1.775220000000e-07	1.000000000000e-01	9.261673000000e-12	1.733467000000e-10	1.000000000000e-01	9.261673000000e-12	1.475881000000e-08	1.000000000000e-01	9.261673000000e-12	4.887100600000e-08	1.000000000000e-01	9.261673000000e-12	1.970153000000e-08	1.000000000000e-01
1.982929000000e-11	9.448977619445e-06	1.000000000000e-01	1.982929000000e-11	3.744176000000e-07	1.000000000000e-01	1.982929000000e-11	3.656157000000e-10	1.000000000000e-01	1.982929000000e-11	3.112861000000e-08	1.000000000000e-01	1.982929000000e-11	1.030761300000e-07	1.000000000000e-01	1.982929000000e-11	4.155336000000e-08	1.000000000000e-01
4.427921000000e-11	8.811282361710e-06	1.000000000000e-01	4.427921000000e-11	8.078034000000e-07	1.000000000000e-01	4.427921000000e-11	7.888348000000e-10	1.000000000000e-01	4.427921000000e-11	6.716129000000e-08	1.000000000000e-01	4.427921000000e-11	2.223891800000e-07	1.000000000000e-01	4.427921000000e-11	8.965200000000e-08	1.000000000000e-01
8.828909000000e-11	7.769928860872e-06	1.000000000000e-01	8.828909000000e-11	1.515512000000e-06	1.000000000000e-01	8.828909000000e-11	1.480000000000e-09	1.000000000000e-01	8.828909000000e-11	1.260059000000e-07	1.000000000000e-01	8.828909000000e-11	4.172331300000e-07	1.000000000000e-01	8.828909000000e-11	1.681984000000e-07	1.000000000000e-01
1.436632000000e-10	6.632702376186e-06	1.000000000000e-01	1.436632000000e-10	2.288357000000e-06	1.000000000000e-01	1.436632000000e-10	2.234884000000e-09	1.000000000000e-01	1.436632000000e-10	1.902741000000e-07	1.000000000000e-01	1.436632000000e-10	6.300256900000e-07	1.000000000000e-01	1.436632000000e-10	2.539786000000e-07	1.000000000000e-01
2.033536000000e-10	5.592517244577e-06	1.000000000000e-01	2.033536000000e-10	2.995232000000e-06	1.000000000000e-01	2.033536000000e-10	2.925460000000e-09	1.000000000000e-01	2.033536000000e-10	2.490656000000e-07	1.000000000000e-01	2.033536000000e-10	8.246730700000e-07	1.000000000000e-01	2.033536000000e-10	3.324420000000e-07	1.000000000000e-01
2.727654000000e-10	4.586262340103e-06	1.000000000000e-01	2.727654000000e-10	3.679020000000e-06	1.000000000000e-01	2.727654000000e-10	3.593648000000e-09	1.000000000000e-01	2.727654000000e-10	3.059490000000e-07	1.000000000000e-01	2.727654000000e-10	1.012987300000e-06	1.000000000000e-01	2.727654000000e-10	4.083497000000e-07	1.000000000000e-01
3.486581000000e-10	3.692047694896e-06	1.000000000000e-01	3.486581000000e-10	4.286636000000e-06	1.000000000000e-01	3.486581000000e-10	4.187606000000e-09	1.000000000000e-01	3.486581000000e-10	3.565105000000e-07	1.000000000000e-01	3.486581000000e-10	1.180353300000e-06	1.000000000000e-01	3.486581000000e-10	4.758101000000e-07	1.000000000000e-01
4.245509000000e-10	2.972187738867e-06	1.000000000000e-01	4.245509000000e-10	4.775742000000e-06	1.000000000000e-01	4.245509000000e-10	4.665926000000e-09	1.000000000000e-01	4.245509000000e-10	3.972258000000e-07	1.000000000000e-01	4.245509000000e-10	1.315107000000e-06	1.000000000000e-01	4.245509000000e-10	5.301215000000e-07	1.000000000000e-01
5.004437000000e-10	2.392687330309e-06	1.000000000000e-01	5.004437000000e-10	5.169443000000e-06	1.000000000000e-01	5.004437000000e-10	5.051157000000e-09	1.000000000000e-01	5.004437000000e-10	4.300147000000e-07	1.000000000000e-01	5.004437000000e-10	1.423606100000e-06	1.000000000000e-01	5.004437000000e-10	5.738479000000e-07	1.000000000000e-01
5.794662000000e-10	1.909027945945e-06	1.000000000000e-01	5.794662000000e-10	5.497993000000e-06	1.000000000000e-01	5.794662000000e-10	5.372859000000e-09	1.000000000000e-01	5.794662000000e-10	4.573938000000e-07	1.000000000000e-01	5.794662000000e-10	1.514182000000e-06	1.000000000000e-01	5.794662000000e-10	6.103474000000e-07	1.000000000000e-01
6.710079000000e-10	1.469612335686e-06	1.000000000000e-01	6.710079000000e-10	5.796438000000e-06	1.000000000000e-01	6.710079000000e-10	5.665363000000e-09	1.000000000000e-01	6.710079000000e-10	4.822848000000e-07	1.000000000000e-01	6.710079000000e-10	1.596499800000e-06	1.000000000000e-01	6.710079000000e-10	6.435141000000e-07	1.000000000000e-01
7.625496000000e-10	1.131345518592e-06	1.000000000000e-01	7.625496000000e-10	6.026131000000e-06	1.000000000000e-01	7.625496000000e-10	5.890779000000e-09	1.000000000000e-01	7.625496000000e-10	5.014636000000e-07	1.000000000000e-01	7.625496000000e-10	1.659896700000e-06	1.000000000000e-01	7.625496000000e-10	6.690526000000e-07	1.000000000000e-01
8.540912000000e-10	8.709443646728e-07	1.000000000000e-01	8.540912000000e-10	6.202898000000e-06	1.000000000000e-01	8.540912000000e-10	6.064550000000e-09	1.000000000000e-01	8.540912000000e-10	5.162453000000e-07	1.000000000000e-01	8.540912000000e-10	1.708729500000e-06	1.000000000000e-01	8.540912000000e-10	6.887189000000e-07	1.000000000000e-01
9.456329000000e-10	6.704848835832e-07	1.000000000000e-01	9.456329000000e-10	6.338921000000e-06	1.000000000000e-01	9.456329000000e-10	6.198563000000e-09	1.000000000000e-01	9.456329000000e-10	5.276419000000e-07	1.000000000000e-01	9.456329000000e-10	1.746350100000e-06	1.000000000000e-01	9.456329000000e-10	7.038647000000e-07	1.000000000000e-01
1.052168000000e-09	4.945232711139e-07	1.000000000000e-01	1.052168000000e-09	6.458256000000e-06	1.000000000000e-01	1.052168000000e-09	6.316498000000e-09	1.000000000000e-01	1.052168000000e-09	5.376676000000e-07	1.000000000000e-01	1.052168000000e-09	1.779408300000e-06	1.000000000000e-01	1.052168000000e-09	7.171676000000e-07	1.000000000000e-01
1.162452000000e-09	3.608622726423e-07	1.000000000000e-01	1.162452000000e-09	6.548828000000e-06	1.000000000000e-01	1.162452000000e-09	6.406417000000e-09	1.000000000000e-01	1.162452000000e-09	5.453076000000e-07	1.000000000000e-01	1.162452000000e-09	1.804559500000e-06	1.000000000000e-01	1.162452000000e-09	7.272815000000e-07	1.000000000000e-01
1.272735000000e-09	2.633348502683e-07	1.000000000000e-01	1.272735000000e-09	6.614840000000e-06	1.000000000000e-01	1.272735000000e-09	6.472365000000e-09	1.000000000000e-01	1.272735000000e-09	5.509070000000e-07	1.000000000000e-01	1.272735000000e-09	1.822952000000e-06	1.000000000000e-01	1.272735000000e-09	7.346704000000e-07	1.000000000000e-01
1.387450000000e-09	1.897557141676e-07	1.000000000000e-01	1.387450000000e-09	6.664563000000e-06	1.000000000000e-01	1.387450000000e-09	6.522476000000e-09	1.000000000000e-01	1.387450000000e-09	5.551578000000e-07	1.000000000000e-01	1.387450000000e-09	1.836870800000e-06	1.000000000000e-01	1.387450000000e-09	7.402546000000e-07	1.000000000000e-01
1.519889000000e-09	1.299940840554e-07	1.000000000000e-01	1.519889000000e-09	6.704850000000e-06	1.000000000000e-01	1.519889000000e-09	6.563616000000e-09	1.000000000000e-01	1.519889000000e-09	5.586430000000e-07	1.000000000000e-01	1.519889000000e-09	1.848228400000e-06	1.000000000000e-01	1.519889000000e-09	7.448022000000e-07	1.000000000000e-01
