# T[K]         R         W3         P1         P2_L         P3         P4         W1_L
500	7.9510e-19(-0.00)	1.3234e-13(0.00)	2.6688e-14(-0.00)	1.6250e-15(-0.00)	2.5307e-18(-0.00)	3.1756e-26(-0.00)	8.6625e-06(0.00)
600	8.7113e-14(1.00)	5.4918e-12(1.00)	5.5034e-09(1.00)	3.2880e-11(1.00)	1.6991e-13(1.00)	4.5601e-22(1.00)	5.5413e-09(1.00)
700	1.2514e-09(1.00)	3.2289e-09(1.00)	5.0689e-06(1.00)	1.4540e-07(1.00)	1.8140e-09(1.00)	2.9089e-18(1.00)	5.2195e-06(1.00)
800	1.5789e-06(1.00)	1.4690e-07(1.00)	9.4972e-04(1.00)	7.8563e-05(1.00)	1.9086e-06(1.00)	5.3332e-14(1.00)	1.0316e-03(1.00)
900	3.8923e-04(1.00)	1.5620e-05(1.00)	5.8509e-02(1.00)	1.0446e-02(1.00)	4.2534e-04(1.00)	1.0389e-10(1.00)	6.9762e-02(1.00)
1000	3.0198e-02(1.00)	8.9243e-04(1.00)	1.6201e+00(1.00)	5.1262e-01(1.00)	3.1293e-02(1.00)	4.1062e-08(1.00)	2.1953e+00(1.00)
1100	9.9305e-01(1.00)	2.3681e-02(1.00)	2.4604e+01(1.00)	1.2036e+01(1.00)	1.0059e+00(1.00)	4.9902e-06(1.00)	3.8723e+01(1.00)
1200	2.3381e+00(0.22)	4.7909e-02(0.22)	3.2690e+01(0.22)	2.2244e+01(0.22)	2.3520e+00(0.22)	3.4317e-05(0.22)	5.9700e+01(0.22)
1300	2.6479e-01(0.01)	4.8765e-03(0.01)	2.4196e+00(0.01)	2.1112e+00(0.01)	2.6791e-01(0.01)	9.5599e-06(0.01)	5.0661e+00(0.01)
1400	1.3853e+02(0.20)	2.3708e+00(0.20)	9.1599e+02(0.20)	9.7008e+02(0.20)	1.4224e+02(0.20)	1.0802e-02(0.20)	2.1707e+03(0.20)
1500	1.0212e+03(0.30)	1.6371e+01(0.30)	5.2648e+03(0.30)	6.4488e+03(0.30)	1.0522e+03(0.30)	1.5398e-01(0.30)	1.3811e+04(0.30)
1600	2.4194e+03(0.21)	3.6942e+01(0.21)	1.0338e+04(0.21)	1.4217e+04(0.21)	2.5364e+03(0.21)	6.4833e-01(0.21)	2.9559e+04(0.21)
1700	2.4909e+01(0.01)	3.6234e-01(0.01)	9.1575e+01(0.01)	1.3709e+02(0.01)	2.6287e+01(0.01)	1.0838e-02(0.01)	2.8012e+02(0.01)
1800	2.4549e+03(0.04)	3.4215e+01(0.04)	7.9710e+03(0.04)	1.2890e+04(0.04)	2.6360e+03(0.04)	1.6218e+00(0.04)	2.5995e+04(0.04)
1900	2.7565e+02(0.01)	3.6762e+00(0.01)	8.0809e+02(0.01)	1.3906e+03(0.01)	2.9806e+02(0.01)	2.5548e-01(0.01)	2.7755e+03(0.01)
2000	9.7904e+03(0.05)	1.2521e+02(0.05)	2.6418e+04(0.05)	4.7531e+04(0.05)	1.0701e+04(0.05)	1.1988e+01(0.05)	9.4578e+04(0.05)
2100	1.9436e+03(0.01)	2.3911e+01(0.01)	4.8522e+03(0.01)	9.1788e+03(0.01)	2.1458e+03(0.01)	2.9653e+00(0.01)	1.8147e+04(0.01)
2200	3.0137e+04(0.05)	3.5617e+02(0.05)	7.0138e+04(0.05)	1.3828e+05(0.05)	3.3425e+04(0.05)	5.4795e+01(0.05)	2.7239e+05(0.05)
2300	9.9414e+04(0.11)	1.1389e+03(0.11)	2.1833e+05(0.11)	4.4604e+05(0.11)	1.1137e+05(0.11)	2.0827e+02(0.11)	8.7650e+05(0.11)
