Batch	m_SP	7	P3	W4_L	W3	R	P1	P2_L	P4											
1.110746e-10	9.73361566287e-06	0.1	1.110746e-10	1.9270904e-07	0.1	1.110746e-10	9.681106e-11	0.1	1.110746e-10	6.466834e-09	0.1	1.110746e-10	2.828599e-08	0.1	1.110746e-10	3.8712805e-08	0.1	1.110746e-10	1.170431e-12	0.1
2.377662e-10	9.438544669736e-06	0.1	2.377662e-10	4.0688254e-07	0.1	2.377662e-10	2.043778e-10	0.1	2.377662e-10	1.364008e-08	0.1	2.377662e-10	6.020332e-08	0.1	2.377662e-10	8.0394381e-08	0.1	2.377662e-10	2.468687e-12	0.1
5.324377e-10	8.7864023777816e-06	0.1	5.324377e-10	8.8269288e-07	0.1	5.324377e-10	4.432432e-10	0.1	5.324377e-10	2.952233e-08	0.1	5.324377e-10	1.329787e-07	0.1	5.324377e-10	1.67775671e-07	0.1	5.324377e-10	5.343036e-12	0.1
1.062846e-09	7.7240814411417e-06	0.1	1.062846e-09	1.6656241000000002e-06	0.1	1.062846e-09	8.359532e-10	0.1	1.062846e-09	5.548531e-08	0.1	1.062846e-09	2.586468e-07	0.1	1.062846e-09	2.9500877e-07	0.1	1.062846e-09	1.004143e-11	0.1
1.572864e-09	6.8240133471075e-06	0.1	1.572864e-09	2.3374774e-06	0.1	1.572864e-09	1.17259e-09	0.1	1.572864e-09	7.758199e-08	0.1	1.572864e-09	3.728252e-07	0.1	1.572864e-09	3.8644945e-07	0.1	1.572864e-09	1.40398e-11	0.1
1.963895e-09	6.2056898395725e-06	0.1	1.963895e-09	2.8041226e-06	0.1	1.963895e-09	1.406194e-09	0.1	1.963895e-09	9.282156e-08	0.1	1.963895e-09	4.558767e-07	0.1	1.963895e-09	4.3946371e-07	0.1	1.963895e-09	1.679717e-11	0.1
2.501824e-09	5.445646730956499e-06	0.1	2.501824e-09	3.3841365e-06	0.1	2.501824e-09	1.696292e-09	0.1	2.501824e-09	1.116294e-07	0.1	2.501824e-09	5.637625e-07	0.1	2.501824e-09	4.9229837e-07	0.1	2.501824e-09	2.019991e-11	0.1
3.259547e-09	4.5303970711832e-06	0.1	3.259547e-09	4.0933882e-06	0.1	3.259547e-09	2.050598e-09	0.1	3.259547e-09	1.344054e-07	0.1	3.259547e-09	7.034203e-07	0.1	3.259547e-09	5.3519525e-07	0.1	3.259547e-09	2.432019e-11	0.1
4.291876e-09	3.526005213516e-06	0.1	4.291876e-09	4.8881451999999995e-06	0.1	4.291876e-09	2.446981e-09	0.1	4.291876e-09	1.595951e-07	0.1	4.291876e-09	8.714776e-07	0.1	4.291876e-09	5.507462e-07	0.1	4.291876e-09	2.887654e-11	0.1
5.324205e-09	2.7444452618688e-06	0.1	5.324205e-09	5.521609099999999e-06	0.1	5.324205e-09	2.762358e-09	0.1	5.324205e-09	1.793766e-07	0.1	5.324205e-09	1.01575e-06	0.1	5.324205e-09	5.3404511e-07	0.1	5.324205e-09	3.24542e-11	0.1
6.356533e-09	2.1362468601376997e-06	0.1	6.356533e-09	6.0263629e-06	0.1	6.356533e-09	3.013232e-09	0.1	6.356533e-09	1.949133e-07	0.1	6.356533e-09	1.138587e-06	0.1	6.356533e-09	4.9846585e-07	0.1	6.356533e-09	3.526384e-11	0.1
7.388862e-09	1.66293104237e-06	0.1	7.388862e-09	6.428445100000001e-06	0.1	7.388862e-09	3.212759e-09	0.1	7.388862e-09	2.07118e-07	0.1	7.388862e-09	1.242453e-06	0.1	7.388862e-09	4.5306581e-07	0.1	7.388862e-09	3.747073e-11	0.1
8.421191e-09	1.294563112353e-06	0.1	8.421191e-09	6.7486563e-06	0.1	8.421191e-09	3.371421e-09	0.1	8.421191e-09	2.167068e-07	0.1	8.421191e-09	1.329764e-06	0.1	8.421191e-09	4.0383771e-07	0.1	8.421191e-09	3.920449e-11	0.1
9.453519e-09	1.007858308708e-06	0.1	9.453519e-09	7.0036088e-06	0.1	9.453519e-09	3.497569e-09	0.1	9.453519e-09	2.242418e-07	0.1	9.453519e-09	1.402791e-06	0.1	9.453519e-09	3.5461876e-07	0.1	9.453519e-09	4.056684e-11	0.1
1.052925e-08	7.764853150155201e-07	0.1	1.052925e-08	7.2141178e-06	0.1	1.052925e-08	3.601586e-09	0.1	1.052925e-08	2.30383e-07	0.1	1.052925e-08	1.46592e-06	0.1	1.052925e-08	3.0585175e-07	0.1	1.052925e-08	4.167717e-11	0.1
1.177862e-08	5.7361983120612e-07	0.1	1.177862e-08	7.4033216999999994e-06	0.1	1.177862e-08	3.694949e-09	0.1	1.177862e-08	2.358274e-07	0.1	1.177862e-08	1.525338e-06	0.1	1.177862e-08	2.5430657e-07	0.1	1.177862e-08	4.266152e-11	0.1
1.302798e-08	4.2379699913640003e-07	0.1	1.302798e-08	7.5468093e-06	0.1	1.302798e-08	3.765655e-09	0.1	1.302798e-08	2.398974e-07	0.1	1.302798e-08	1.572493e-06	0.1	1.302798e-08	2.0914027e-07	0.1	1.302798e-08	4.339743e-11	0.1
1.427734e-08	3.1313787361496e-07	0.1	1.427734e-08	7.6556022e-06	0.1	1.427734e-08	3.819197e-09	0.1	1.427734e-08	2.429411e-07	0.1	1.427734e-08	1.60976e-06	0.1	1.427734e-08	1.7047564000000001e-07	0.1	1.427734e-08	4.394781e-11	0.1
1.56329e-08	2.2552501622037e-07	0.1	1.56329e-08	7.744085900000001e-06	0.1	1.56329e-08	3.862693e-09	0.1	1.56329e-08	2.453829e-07	0.1	1.56329e-08	1.641287e-06	0.1	1.56329e-08	1.3544797e-07	0.1	1.56329e-08	4.438941e-11	0.1
1.714774e-08	1.5630433995622003e-07	0.1	1.714774e-08	7.8160714e-06	0.1	1.714774e-08	3.898039e-09	0.1	1.714774e-08	2.473411e-07	0.1	1.714774e-08	1.667968e-06	0.1	1.714774e-08	1.03882167e-07	0.1	1.714774e-08	4.474362e-11	0.1
1.866258e-08	1.0834791064452e-07	0.1	1.866258e-08	7.8675032e-06	0.1	1.866258e-08	3.923267e-09	0.1	1.866258e-08	2.487199e-07	0.1	1.866258e-08	1.687772e-06	0.1	1.866258e-08	7.9102557e-08	0.1	1.866258e-08	4.499313e-11	0.1
