Batch	m_SP	5	Pr2	W1	W2	Pr1	Pr3							
0.0	9.9999e-06	0.1	0.0	0.0	0.1	0.0	0.0	0.1	0.0	0.0	0.1	0.0	0.0	0.1
0.002804483	9.9999e-06	0.1	0.002804483	5.245613e-14	0.1	0.002804483	6.608293e-18	0.1	0.002804483	1.411925e-13	0.1	0.002804483	4.698278e-14	0.1
0.04940394	9.99989600004e-06	0.1	0.04940394	5.223105e-14	0.1	0.04940394	6.58329e-18	0.1	0.04940394	2.910684e-12	0.1	0.04940394	8.392888e-13	0.1
1.13637	9.99981300087e-06	0.1	1.13637	5.069449e-14	0.1	1.13637	6.412634e-18	0.1	1.13637	6.750934e-11	0.1	1.13637	1.931964e-11	0.1
11.32668	9.99903500865e-06	0.1	11.32668	5.06956e-14	0.1	11.32668	6.412799e-18	0.1	11.32668	6.735268e-10	0.1	11.32668	1.918134e-10	0.1
28.19183	9.99774902151e-06	0.1	28.19183	5.071457e-14	0.1	28.19183	6.415331e-18	0.1	28.19183	1.680649e-09	0.1	28.19183	4.700761e-10	0.1
56.30041	9.99562504275e-06	0.1	56.30041	5.078276e-14	0.1	56.30041	6.424364e-18	0.1	56.30041	3.384805e-09	0.1	56.30041	8.899023e-10	0.1
101.806	9.99225807642e-06	0.1	101.806	5.092624e-14	0.1	101.806	6.443342e-18	0.1	101.806	6.244595e-09	0.1	101.806	1.397243e-09	0.1
147.3115	9.98897710923e-06	0.1	147.3115	5.10376e-14	0.1	147.3115	6.458089e-18	0.1	147.3115	9.226266e-09	0.1	147.3115	1.696425e-09	0.1
205.145	9.9848901501e-06	0.1	205.145	5.110732e-14	0.1	205.145	6.467378e-18	0.1	205.145	1.31308e-08	0.1	205.145	1.879256e-09	0.1
237.2748	9.98264117259e-06	0.1	237.2748	5.112166e-14	0.1	237.2748	6.469326e-18	0.1	237.2748	1.533047e-08	0.1	237.2748	1.928025e-09	0.1
301.5343	9.978167217330001e-06	0.1	301.5343	5.112354e-14	0.1	301.5343	6.469694e-18	0.1	301.5343	1.975905e-08	0.1	301.5343	1.973501e-09	0.1
387.2414	9.972221276790001e-06	0.1	387.2414	5.110299e-14	0.1	387.2414	6.467152e-18	0.1	387.2414	2.568813e-08	0.1	387.2414	1.990971e-09	0.1
492.2682	9.96494634954e-06	0.1	492.2682	5.106828e-14	0.1	492.2682	6.462784e-18	0.1	492.2682	3.295924e-08	0.1	492.2682	1.994845e-09	0.1
631.0704	9.95534244558e-06	0.1	631.0704	5.101958e-14	0.1	631.0704	6.456644e-18	0.1	631.0704	4.256361e-08	0.1	631.0704	1.99472e-09	0.1
841.6792	9.9407865970413e-06	0.1	841.6792	5.094517e-14	0.1	841.6792	6.447267e-18	0.1	841.6792	5.711961e-08	0.1	841.6792	1.99336e-09	0.1
1192.694	9.9165768415623e-06	0.1	1192.694	5.08214e-14	0.1	1192.694	6.431697e-18	0.1	1192.694	8.133231e-08	0.1	1192.694	1.990951e-09	0.1
1894.723	9.8683333288267e-06	0.1	1894.723	5.057505e-14	0.1	1894.723	6.400803e-18	0.1	1894.723	1.295804e-07	0.1	1894.723	1.986126e-09	0.1
3298.782	9.7725533189394e-06	0.1	3298.782	5.008716e-14	0.1	3298.782	6.340003e-18	0.1	3298.782	2.2537e-07	0.1	3298.782	1.976551e-09	0.1
6106.899	9.5837983274608e-06	0.1	6106.899	4.913038e-14	0.1	6106.899	6.222269e-18	0.1	6106.899	4.14144e-07	0.1	6106.899	1.957684e-09	0.1
11723.13	9.217335451702e-06	0.1	11723.13	4.729062e-14	0.1	11723.13	6.001585e-18	0.1	11723.13	7.80644e-07	0.1	11723.13	1.92106e-09	0.1
21832.36	8.5937140305432e-06	0.1	21832.36	4.421386e-14	0.1	21832.36	5.649997e-18	0.1	21832.36	1.404329e-06	0.1	21832.36	1.858755e-09	0.1
34536.78	7.872514741419e-06	0.1	34536.78	4.074052e-14	0.1	34536.78	5.281029e-18	0.1	34536.78	2.125604e-06	0.1	34536.78	1.786737e-09	0.1
51492.91	7.010767858832999e-06	0.1	51492.91	3.670965e-14	0.1	51492.91	4.893087e-18	0.1	51492.91	2.98744e-06	0.1	51492.91	1.700739e-09	0.1
73354.63	6.0532738583237995e-06	0.1	73354.63	3.238329e-14	0.1	73354.63	4.529629e-18	0.1	73354.63	3.945037e-06	0.1	73354.63	1.605267e-09	0.1
101665.3	5.035917460105e-06	0.1	101665.3	2.796223e-14	0.1	101665.3	4.221406e-18	0.1	101665.3	4.962503e-06	0.1	101665.3	1.503937e-09	0.1
129976.0	4.228128194519e-06	0.1	129976.0	2.458085e-14	0.1	129976.0	4.033882e-18	0.1	129976.0	5.770381e-06	0.1	129976.0	1.423579e-09	0.1
158286.7	3.5903291176368e-06	0.1	158286.7	2.199171e-14	0.1	158286.7	3.921596e-18	0.1	158286.7	6.408252e-06	0.1	158286.7	1.360203e-09	0.1
186597.3	3.088977795393e-06	0.1	186597.3	2.000644e-14	0.1	186597.3	3.855492e-18	0.1	186597.3	6.909659e-06	0.1	186597.3	1.310437e-09	0.1
221122.3	2.62225437198e-06	0.1	221122.3	1.819782e-14	0.1	221122.3	3.811486e-18	0.1	221122.3	7.376436e-06	0.1	221122.3	1.264155e-09	0.1
263734.0	2.2103196556098003e-06	0.1	263734.0	1.663318e-14	0.1	263734.0	3.786689e-18	0.1	263734.0	7.788418e-06	0.1	263734.0	1.223346e-09	0.1
292535.7	2.007841858196e-06	0.1	292535.7	1.5875e-14	0.1	292535.7	3.77933e-18	0.1	292535.7	7.990919e-06	0.1	292535.7	1.203307e-09	0.1
329568.9	1.8132359985042002e-06	0.1	329568.9	1.515305e-14	0.1	329568.9	3.775254e-18	0.1	329568.9	8.185547e-06	0.1	329568.9	1.184048e-09	0.1
372089.8	1.6564346866905e-06	0.1	372089.8	1.457618e-14	0.1	372089.8	3.774108e-18	0.1	372089.8	8.342366e-06	0.1	372089.8	1.168542e-09	0.1
414610.7	1.5493893357669999e-06	0.1	414610.7	1.418483e-14	0.1	414610.7	3.774421e-18	0.1	414610.7	8.449424e-06	0.1	414610.7	1.15796e-09	0.1
457131.5	1.4763946861929998e-06	0.1	457131.5	1.391911e-14	0.1	457131.5	3.775145e-18	0.1	457131.5	8.522427e-06	0.1	457131.5	1.150746e-09	0.1
499652.4	1.4266574636776e-06	0.1	499652.4	1.373859e-14	0.1	499652.4	3.775875e-18	0.1	499652.4	8.57217e-06	0.1	499652.4	1.145832e-09	0.1
542173.3	1.3927860936967999e-06	0.1	542173.3	1.36159e-14	0.1	542173.3	3.776482e-18	0.1	542173.3	8.606045e-06	0.1	542173.3	1.142485e-09	0.1
586408.8	1.3689705366744e-06	0.1	586408.8	1.352976e-14	0.1	586408.8	3.776962e-18	0.1	586408.8	8.629864e-06	0.1	586408.8	1.140133e-09	0.1
637502.8	1.351059869819e-06	0.1	637502.8	1.346504e-14	0.1	637502.8	3.777352e-18	0.1	637502.8	8.647776e-06	0.1	637502.8	1.138363e-09	0.1
688596.8	1.3397829455904001e-06	0.1	688596.8	1.342432e-14	0.1	688596.8	3.777611e-18	0.1	688596.8	8.659055e-06	0.1	688596.8	1.13725e-09	0.1
745862.9	1.3320270906276e-06	0.1	745862.9	1.339633e-14	0.1	745862.9	3.777794e-18	0.1	745862.9	8.666812e-06	0.1	745862.9	1.136483e-09	0.1
807243.6	1.3271621816031e-06	0.1	807243.6	1.337878e-14	0.1	807243.6	3.777911e-18	0.1	807243.6	8.671677e-06	0.1	807243.6	1.136003e-09	0.1
874015.1	1.3241932371233999e-06	0.1	874015.1	1.336807e-14	0.1	874015.1	3.777984e-18	0.1	874015.1	8.674646e-06	0.1	874015.1	1.13571e-09	0.1
