Batch	m_SP	7	P3	W4_L	W3	R	P1	P2_L	P4	
2.073239000000e-12	9.803074987943e-06	1.000000000000e-01	2.073239000000e-12	1.496959000000e-08	1.000000000000e-01	2.073239000000e-12	1.470080000000e-10	1.000000000000e-01	2.073239000000e-12	3.709992000000e-08	1.000000000000e-01	2.073239000000e-12	2.255597000000e-08	1.000000000000e-01	2.073239000000e-12	1.215446700000e-07	1.000000000000e-01	2.073239000000e-12	4.772762000000e-10	1.000000000000e-01
4.496551000000e-12	9.578417257009e-06	1.000000000000e-01	4.496551000000e-12	3.225458000000e-08	1.000000000000e-01	4.496551000000e-12	3.178788000000e-10	1.000000000000e-01	4.496551000000e-12	7.978343000000e-08	1.000000000000e-01	4.496551000000e-12	4.976321000000e-08	1.000000000000e-01	4.496551000000e-12	2.582682200000e-07	1.000000000000e-01	4.496551000000e-12	1.030788000000e-09	1.000000000000e-01
9.222385000000e-12	9.156483687247e-06	1.000000000000e-01	9.222385000000e-12	6.531569000000e-08	1.000000000000e-01	9.222385000000e-12	6.480527000000e-10	1.000000000000e-01	9.222385000000e-12	1.609651000000e-07	1.000000000000e-01	9.222385000000e-12	1.052617000000e-07	1.000000000000e-01	9.222385000000e-12	5.090008000000e-07	1.000000000000e-01	9.222385000000e-12	2.096688000000e-09	1.000000000000e-01
1.762387000000e-11	8.456267208262e-06	1.000000000000e-01	1.762387000000e-11	1.220365000000e-07	1.000000000000e-01	1.762387000000e-11	1.224710000000e-09	1.000000000000e-01	1.762387000000e-11	2.988513000000e-07	1.000000000000e-01	1.762387000000e-11	2.110011000000e-07	1.000000000000e-01	1.762387000000e-11	9.063420000000e-07	1.000000000000e-01	1.762387000000e-11	3.947340000000e-09	1.000000000000e-01
2.922614000000e-11	7.585137321102e-06	1.000000000000e-01	2.922614000000e-11	1.962325000000e-07	1.000000000000e-01	2.922614000000e-11	1.998349000000e-09	1.000000000000e-01	2.922614000000e-11	4.766050000000e-07	1.000000000000e-01	2.922614000000e-11	3.692182000000e-07	1.000000000000e-01	2.922614000000e-11	1.363949100000e-06	1.000000000000e-01	2.922614000000e-11	6.409884000000e-09	1.000000000000e-01
4.523010000000e-11	6.543444058247e-06	1.000000000000e-01	4.523010000000e-11	2.912032000000e-07	1.000000000000e-01	4.523010000000e-11	3.020265000000e-09	1.000000000000e-01	4.523010000000e-11	6.999091000000e-07	1.000000000000e-01	4.523010000000e-11	6.042447000000e-07	1.000000000000e-01	4.523010000000e-11	1.847969800000e-06	1.000000000000e-01	4.523010000000e-11	9.630656000000e-09	1.000000000000e-01
6.123407000000e-11	5.659839213109e-06	1.000000000000e-01	6.123407000000e-11	3.782747000000e-07	1.000000000000e-01	6.123407000000e-11	3.988091000000e-09	1.000000000000e-01	6.123407000000e-11	9.006044000000e-07	1.000000000000e-01	6.123407000000e-11	8.513277000000e-07	1.000000000000e-01	6.123407000000e-11	2.192639700000e-06	1.000000000000e-01	6.123407000000e-11	1.265112000000e-08	1.000000000000e-01
8.537790000000e-11	4.570919319898e-06	1.000000000000e-01	8.537790000000e-11	4.961309000000e-07	1.000000000000e-01	8.537790000000e-11	5.344661000000e-09	1.000000000000e-01	8.537790000000e-11	1.166376000000e-06	1.000000000000e-01	8.537790000000e-11	1.233063000000e-06	1.000000000000e-01	8.537790000000e-11	2.510554500000e-06	1.000000000000e-01	8.537790000000e-11	1.684242000000e-08	1.000000000000e-01
1.095217000000e-10	3.715057703622e-06	1.000000000000e-01	1.095217000000e-10	5.995345000000e-07	1.000000000000e-01	1.095217000000e-10	6.578541000000e-09	1.000000000000e-01	1.095217000000e-10	1.394305000000e-06	1.000000000000e-01	1.095217000000e-10	1.611928000000e-06	1.000000000000e-01	1.095217000000e-10	2.651162200000e-06	1.000000000000e-01	1.095217000000e-10	2.061779000000e-08	1.000000000000e-01
1.336656000000e-10	3.039003668988e-06	1.000000000000e-01	1.336656000000e-10	6.902681000000e-07	1.000000000000e-01	1.336656000000e-10	7.694635000000e-09	1.000000000000e-01	1.336656000000e-10	1.590573000000e-06	1.000000000000e-01	1.336656000000e-10	1.977534000000e-06	1.000000000000e-01	1.336656000000e-10	2.670087500000e-06	1.000000000000e-01	1.336656000000e-10	2.400720000000e-08	1.000000000000e-01
1.578094000000e-10	2.502123719558e-06	1.000000000000e-01	1.578094000000e-10	7.698915000000e-07	1.000000000000e-01	1.578094000000e-10	8.699800000000e-09	1.000000000000e-01	1.578094000000e-10	1.760211000000e-06	1.000000000000e-01	1.578094000000e-10	2.323489000000e-06	1.000000000000e-01	1.578094000000e-10	2.607720100000e-06	1.000000000000e-01	1.578094000000e-10	2.704224000000e-08	1.000000000000e-01
1.819532000000e-10	2.073351728623e-06	1.000000000000e-01	1.819532000000e-10	8.397690000000e-07	1.000000000000e-01	1.819532000000e-10	9.601947000000e-09	1.000000000000e-01	1.819532000000e-10	1.907334000000e-06	1.000000000000e-01	1.819532000000e-10	2.646213000000e-06	1.000000000000e-01	1.819532000000e-10	2.493178300000e-06	1.000000000000e-01	1.819532000000e-10	2.975455000000e-08	1.000000000000e-01
2.060971000000e-10	1.728888066290e-06	1.000000000000e-01	2.060971000000e-10	9.010934000000e-07	1.000000000000e-01	2.060971000000e-10	1.040942000000e-08	1.000000000000e-01	2.060971000000e-10	2.035329000000e-06	1.000000000000e-01	2.060971000000e-10	2.944077000000e-06	1.000000000000e-01	2.060971000000e-10	2.347267200000e-06	1.000000000000e-01	2.060971000000e-10	3.217473000000e-08	1.000000000000e-01
2.302409000000e-10	1.450454662654e-06	1.000000000000e-01	2.302409000000e-10	9.549077000000e-07	1.000000000000e-01	2.302409000000e-10	1.113058000000e-08	1.000000000000e-01	2.302409000000e-10	2.146997000000e-06	1.000000000000e-01	2.302409000000e-10	3.216776000000e-06	1.000000000000e-01	2.302409000000e-10	2.184683500000e-06	1.000000000000e-01	2.302409000000e-10	3.433177000000e-08	1.000000000000e-01
2.543847000000e-10	1.223978783231e-06	1.000000000000e-01	2.543847000000e-10	1.002124000000e-06	1.000000000000e-01	2.543847000000e-10	1.177353000000e-08	1.000000000000e-01	2.543847000000e-10	2.244671000000e-06	1.000000000000e-01	2.543847000000e-10	3.464878000000e-06	1.000000000000e-01	2.543847000000e-10	2.015649100000e-06	1.000000000000e-01	2.543847000000e-10	3.625269000000e-08	1.000000000000e-01
2.814482000000e-10	1.018532601361e-06	1.000000000000e-01	2.814482000000e-10	1.048190000000e-06	1.000000000000e-01	2.814482000000e-10	1.241075000000e-08	1.000000000000e-01	2.814482000000e-10	2.339924000000e-06	1.000000000000e-01	2.814482000000e-10	3.715147000000e-06	1.000000000000e-01	2.814482000000e-10	1.827020600000e-06	1.000000000000e-01	2.814482000000e-10	3.815590000000e-08	1.000000000000e-01
3.104582000000e-10	8.424639833641e-07	1.000000000000e-01	3.104582000000e-10	1.090580000000e-06	1.000000000000e-01	3.104582000000e-10	1.300680000000e-08	1.000000000000e-01	3.104582000000e-10	2.427813000000e-06	1.000000000000e-01	3.104582000000e-10	3.953015000000e-06	1.000000000000e-01	3.104582000000e-10	1.632622000000e-06	1.000000000000e-01	3.104582000000e-10	3.993722000000e-08	1.000000000000e-01
3.394682000000e-10	7.015917832215e-07	1.000000000000e-01	3.394682000000e-10	1.126744000000e-06	1.000000000000e-01	3.394682000000e-10	1.352380000000e-08	1.000000000000e-01	3.394682000000e-10	2.503262000000e-06	1.000000000000e-01	3.394682000000e-10	4.162199000000e-06	1.000000000000e-01	3.394682000000e-10	1.450688500000e-06	1.000000000000e-01	3.394682000000e-10	4.148479000000e-08	1.000000000000e-01
3.697113000000e-10	5.835622792726e-07	1.000000000000e-01	3.697113000000e-10	1.158764000000e-06	1.000000000000e-01	3.697113000000e-10	1.398948000000e-08	1.000000000000e-01	3.697113000000e-10	2.570738000000e-06	1.000000000000e-01	3.697113000000e-10	4.352873000000e-06	1.000000000000e-01	3.697113000000e-10	1.276739700000e-06	1.000000000000e-01	3.697113000000e-10	4.288241000000e-08	1.000000000000e-01
4.048869000000e-10	4.745636373650e-07	1.000000000000e-01	4.048869000000e-10	1.189813000000e-06	1.000000000000e-01	4.048869000000e-10	1.445008000000e-08	1.000000000000e-01	4.048869000000e-10	2.637187000000e-06	1.000000000000e-01	4.048869000000e-10	4.543631000000e-06	1.000000000000e-01	4.048869000000e-10	1.095693000000e-06	1.000000000000e-01	4.048869000000e-10	4.427048000000e-08	1.000000000000e-01
4.400625000000e-10	3.886509373560e-07	1.000000000000e-01	4.400625000000e-10	1.215262000000e-06	1.000000000000e-01	4.400625000000e-10	1.483658000000e-08	1.000000000000e-01	4.400625000000e-10	2.692875000000e-06	1.000000000000e-01	4.400625000000e-10	4.705478000000e-06	1.000000000000e-01	4.400625000000e-10	9.371165000000e-07	1.000000000000e-01	4.400625000000e-10	4.544205000000e-08	1.000000000000e-01
4.782262000000e-10	3.150863543826e-07	1.000000000000e-01	4.782262000000e-10	1.237613000000e-06	1.000000000000e-01	4.782262000000e-10	1.518565000000e-08	1.000000000000e-01	4.782262000000e-10	2.743276000000e-06	1.000000000000e-01	4.782262000000e-10	4.853251000000e-06	1.000000000000e-01	4.782262000000e-10	7.887913000000e-07	1.000000000000e-01	4.782262000000e-10	4.650842000000e-08	1.000000000000e-01
5.208721000000e-10	2.510152318493e-07	1.000000000000e-01	5.208721000000e-10	1.257273000000e-06	1.000000000000e-01	5.208721000000e-10	1.550414000000e-08	1.000000000000e-01	5.208721000000e-10	2.789537000000e-06	1.000000000000e-01	5.208721000000e-10	4.989707000000e-06	1.000000000000e-01	5.208721000000e-10	6.492342000000e-07	1.000000000000e-01	5.208721000000e-10	4.749190000000e-08	1.000000000000e-01
5.652652000000e-10	1.994545097542e-07	1.000000000000e-01	5.652652000000e-10	1.272911000000e-06	1.000000000000e-01	5.652652000000e-10	1.577031000000e-08	1.000000000000e-01	5.652652000000e-10	2.828609000000e-06	1.000000000000e-01	5.652652000000e-10	5.105345000000e-06	1.000000000000e-01	5.652652000000e-10	5.293897000000e-07	1.000000000000e-01	5.652652000000e-10	4.832592000000e-08	1.000000000000e-01
6.166474000000e-10	1.539447135503e-07	1.000000000000e-01	6.166474000000e-10	1.286137000000e-06	1.000000000000e-01	6.166474000000e-10	1.601205000000e-08	1.000000000000e-01	6.166474000000e-10	2.864686000000e-06	1.000000000000e-01	6.166474000000e-10	5.212217000000e-06	1.000000000000e-01	6.166474000000e-10	4.177502000000e-07	1.000000000000e-01	6.166474000000e-10	4.909888000000e-08	1.000000000000e-01
6.702173000000e-10	1.183267464140e-07	1.000000000000e-01	6.702173000000e-10	1.295583000000e-06	1.000000000000e-01	6.702173000000e-10	1.620473000000e-08	1.000000000000e-01	6.702173000000e-10	2.894163000000e-06	1.000000000000e-01	6.702173000000e-10	5.299415000000e-06	1.000000000000e-01	6.702173000000e-10	3.264570300000e-07	1.000000000000e-01	6.702173000000e-10	4.973281000000e-08	1.000000000000e-01
