Batch	m_SP	5	P3	W4_L	R	P1	P2_L	
5.110553000000e-13	9.873888260130e-06	1.000000000000e-01	5.110553000000e-13	1.247655520000e-07	1.000000000000e-01	5.110553000000e-13	1.491472000000e-10	1.000000000000e-01	5.110553000000e-13	3.337731000000e-10	1.000000000000e-01	5.110553000000e-13	7.074012200000e-10	1.000000000000e-01
1.550690000000e-12	9.622422774810e-06	1.000000000000e-01	1.550690000000e-12	3.737590500000e-07	1.000000000000e-01	1.550690000000e-12	4.467867000000e-10	1.000000000000e-01	1.550690000000e-12	1.004831000000e-09	1.000000000000e-01	1.550690000000e-12	2.092322200000e-09	1.000000000000e-01
4.147061000000e-12	9.022030778790e-06	1.000000000000e-01	4.147061000000e-12	9.683363500000e-07	1.000000000000e-01	4.147061000000e-12	1.157458000000e-09	1.000000000000e-01	4.147061000000e-12	2.634855000000e-09	1.000000000000e-01	4.147061000000e-12	5.249769000000e-09	1.000000000000e-01
8.790104000000e-12	8.040219597000e-06	1.000000000000e-01	8.790104000000e-12	1.940920200000e-06	1.000000000000e-01	8.790104000000e-12	2.319717000000e-09	1.000000000000e-01	8.790104000000e-12	5.390822000000e-09	1.000000000000e-01	8.790104000000e-12	9.927977900000e-09	1.000000000000e-01
1.200405000000e-11	7.423903760220e-06	1.000000000000e-01	1.200405000000e-11	2.551637800000e-06	1.000000000000e-01	1.200405000000e-11	3.049384000000e-09	1.000000000000e-01	1.200405000000e-11	7.183338000000e-09	1.000000000000e-01	1.200405000000e-11	1.252894610000e-08	1.000000000000e-01
1.608835000000e-11	6.708374915580e-06	1.000000000000e-01	1.608835000000e-11	3.260876500000e-06	1.000000000000e-01	1.608835000000e-11	3.896595000000e-09	1.000000000000e-01	1.608835000000e-11	9.331189000000e-09	1.000000000000e-01	1.608835000000e-11	1.518948530000e-08	1.000000000000e-01
2.198661000000e-11	5.795008049340e-06	1.000000000000e-01	2.198661000000e-11	4.166579300000e-06	1.000000000000e-01	2.198661000000e-11	4.978201000000e-09	1.000000000000e-01	2.198661000000e-11	1.218907000000e-08	1.000000000000e-01	2.198661000000e-11	1.796005400000e-08	1.000000000000e-01
2.973545000000e-11	4.781317186350e-06	1.000000000000e-01	2.973545000000e-11	5.172318500000e-06	1.000000000000e-01	2.973545000000e-11	6.178835000000e-09	1.000000000000e-01	2.973545000000e-11	1.553714000000e-08	1.000000000000e-01	2.973545000000e-11	2.008372700000e-08	1.000000000000e-01
3.816564000000e-11	3.878811211500e-06	1.000000000000e-01	3.816564000000e-11	6.068335800000e-06	1.000000000000e-01	3.816564000000e-11	7.248026000000e-09	1.000000000000e-01	3.816564000000e-11	1.870502000000e-08	1.000000000000e-01	3.816564000000e-11	2.096255600000e-08	1.000000000000e-01
4.932120000000e-11	2.940894590760e-06	1.000000000000e-01	4.932120000000e-11	7.000251100000e-06	1.000000000000e-01	4.932120000000e-11	8.359477000000e-09	1.000000000000e-01	4.932120000000e-11	2.223062000000e-08	1.000000000000e-01	4.932120000000e-11	2.060860500000e-08	1.000000000000e-01
6.047675000000e-11	2.229771702060e-06	1.000000000000e-01	6.047675000000e-11	7.707477400000e-06	1.000000000000e-01	6.047675000000e-11	9.202452000000e-09	1.000000000000e-01	6.047675000000e-11	2.510771000000e-08	1.000000000000e-01	6.047675000000e-11	1.922801000000e-08	1.000000000000e-01
7.163230000000e-11	1.690602093810e-06	1.000000000000e-01	7.163230000000e-11	8.244192700000e-06	1.000000000000e-01	7.163230000000e-11	9.841809000000e-09	1.000000000000e-01	7.163230000000e-11	2.744388000000e-08	1.000000000000e-01	7.163230000000e-11	1.733321300000e-08	1.000000000000e-01
8.278785000000e-11	1.281806181810e-06	1.000000000000e-01	8.278785000000e-11	8.651509900000e-06	1.000000000000e-01	8.278785000000e-11	1.032674000000e-08	1.000000000000e-01	8.278785000000e-11	2.933256000000e-08	1.000000000000e-01	8.278785000000e-11	1.524967100000e-08	1.000000000000e-01
9.394341000000e-11	9.718591813110e-07	1.000000000000e-01	9.394341000000e-11	8.960629000000e-06	1.000000000000e-01	9.394341000000e-11	1.069454000000e-08	1.000000000000e-01	9.394341000000e-11	3.085364000000e-08	1.000000000000e-01	9.394341000000e-11	1.317619800000e-08	1.000000000000e-01
1.050990000000e-10	7.368591313350e-07	1.000000000000e-01	1.050990000000e-10	9.195226500000e-06	1.000000000000e-01	1.050990000000e-10	1.097351000000e-08	1.000000000000e-01	1.050990000000e-10	3.207450000000e-08	1.000000000000e-01	1.050990000000e-10	1.122706030000e-08	1.000000000000e-01
1.162545000000e-10	5.586832131120e-07	1.000000000000e-01	1.162545000000e-10	9.373270100000e-06	1.000000000000e-01	1.162545000000e-10	1.118511000000e-08	1.000000000000e-01	1.162545000000e-10	3.305143000000e-08	1.000000000000e-01	1.162545000000e-10	9.461108000000e-09	1.000000000000e-01
1.278728000000e-10	4.187555124030e-07	1.000000000000e-01	1.278728000000e-10	9.513233700000e-06	1.000000000000e-01	1.278728000000e-10	1.135135000000e-08	1.000000000000e-01	1.278728000000e-10	3.385970000000e-08	1.000000000000e-01	1.278728000000e-10	7.841740900000e-09	1.000000000000e-01
1.413418000000e-10	2.997850021200e-07	1.000000000000e-01	1.413418000000e-10	9.632367100000e-06	1.000000000000e-01	1.413418000000e-10	1.149277000000e-08	1.000000000000e-01	1.413418000000e-10	3.458519000000e-08	1.000000000000e-01	1.413418000000e-10	6.246226300000e-09	1.000000000000e-01
1.548109000000e-10	2.146147538310e-07	1.000000000000e-01	1.548109000000e-10	9.717759300000e-06	1.000000000000e-01	1.548109000000e-10	1.159406000000e-08	1.000000000000e-01	1.548109000000e-10	3.513423000000e-08	1.000000000000e-01	1.548109000000e-10	4.932633600000e-09	1.000000000000e-01
1.682800000000e-10	1.536417635670e-07	1.000000000000e-01	1.682800000000e-10	9.778968200000e-06	1.000000000000e-01	1.682800000000e-10	1.166661000000e-08	1.000000000000e-01	1.682800000000e-10	3.554854000000e-08	1.000000000000e-01	1.682800000000e-10	3.867899400000e-09	1.000000000000e-01
1.839134000000e-10	1.042402575870e-07	1.000000000000e-01	1.839134000000e-10	9.828627000000e-06	1.000000000000e-01	1.839134000000e-10	1.172544000000e-08	1.000000000000e-01	1.839134000000e-10	3.590269000000e-08	1.000000000000e-01	1.839134000000e-10	2.895676400000e-09	1.000000000000e-01
