Batch	m_SP	13	W1	W2	W3	W4	W5	W6	R	P1	P2	P3	P4	P5	P6																							
5.042267e-11	0.9898682	0.1	5.042267e-11	7.279007e-12	0.1	5.042267e-11	6.779757e-13	0.1	5.042267e-11	0.009221618	0.1	5.042267e-11	0.0009101897	0.1	5.042267e-11	5.224714e-09	0.1	5.042267e-11	3.359001e-10	0.1	5.042267e-11	3.997835e-10	0.1	5.042267e-11	2.902967e-09	0.1	5.042267e-11	2.696752e-10	0.1	5.042267e-11	4.04284e-17	0.1	5.042267e-11	4.259288e-11	0.1	5.042267e-11	8.537794e-18	0.1
1.040019e-10	0.9792186	0.1	1.040019e-10	1.494345e-11	0.1	1.040019e-10	1.392453e-12	0.1	1.040019e-10	0.01889838	0.1	1.040019e-10	0.001882945	0.1	1.040019e-10	1.073463e-08	0.1	1.040019e-10	6.897218e-10	0.1	1.040019e-10	8.21154e-10	0.1	1.040019e-10	5.962722e-09	0.1	1.040019e-10	5.538511e-10	0.1	1.040019e-10	8.303555e-17	0.1	1.040019e-10	8.749196e-11	0.1	1.040019e-10	1.753596e-17	0.1
1.937358e-10	0.9616483	0.1	1.937358e-10	2.761983e-11	0.1	1.937358e-10	2.575526e-12	0.1	1.937358e-10	0.03482694	0.1	1.937358e-10	0.003524691	0.1	1.937358e-10	1.986718e-08	0.1	1.937358e-10	1.275225e-09	0.1	1.937358e-10	1.519027e-09	0.1	1.937358e-10	1.103037e-08	0.1	1.937358e-10	1.024363e-09	0.1	1.937358e-10	1.535917e-16	0.1	1.937358e-10	1.618684e-10	0.1	1.937358e-10	3.243726e-17	0.1
3.31097e-10	0.9353835	0.1	3.31097e-10	4.664388e-11	0.1	3.31097e-10	4.354358e-12	0.1	3.31097e-10	0.05854911	0.1	3.31097e-10	0.006067287	0.1	3.31097e-10	3.361996e-08	0.1	3.31097e-10	2.154667e-09	0.1	3.31097e-10	2.568672e-09	0.1	3.31097e-10	1.865259e-08	0.1	3.31097e-10	1.731707e-09	0.1	3.31097e-10	2.596895e-16	0.1	3.31097e-10	2.737706e-10	0.1	3.31097e-10	5.484628e-17	0.1
5.39693e-10	0.8969143	0.1	5.39693e-10	7.467964e-11	0.1	5.39693e-10	6.983486e-12	0.1	5.39693e-10	0.09309263	0.1	5.39693e-10	0.00999296	0.1	5.39693e-10	5.399502e-08	0.1	5.39693e-10	3.45242e-09	0.1	5.39693e-10	4.120831e-09	0.1	5.39693e-10	2.992433e-08	0.1	5.39693e-10	2.776928e-09	0.1	5.39693e-10	4.165296e-16	0.1	5.39693e-10	4.393285e-10	0.1	5.39693e-10	8.79759e-17	0.1
8.682698e-10	0.8396229	0.1	8.682698e-10	1.168474e-10	0.1	8.682698e-10	1.095638e-11	0.1	8.682698e-10	0.1440559	0.1	8.682698e-10	0.01632103	0.1	8.682698e-10	8.489817e-08	0.1	8.682698e-10	5.408474e-09	0.1	8.682698e-10	6.468137e-09	0.1	8.682698e-10	4.697117e-08	0.1	8.682698e-10	4.355787e-09	0.1	8.682698e-10	6.535962e-16	0.1	8.682698e-10	6.899026e-10	0.1	8.682698e-10	1.380596e-16	0.1
1.295668e-09	0.7707559	0.1	1.295668e-09	1.682831e-10	0.1	1.295668e-09	1.58358e-11	0.1	1.295668e-09	0.2044598	0.1	1.295668e-09	0.02478397	0.1	1.295668e-09	1.230525e-07	0.1	1.295668e-09	7.801903e-09	0.1	1.295668e-09	9.354228e-09	0.1	1.295668e-09	6.793189e-08	0.1	1.295668e-09	6.293848e-09	0.1	1.295668e-09	9.448727e-16	0.1	1.295668e-09	9.983687e-10	0.1	1.295668e-09	1.996095e-16	0.1
1.788948e-09	0.6985579	0.1	1.788948e-09	2.232452e-10	0.1	1.788948e-09	2.109588e-11	0.1	1.788948e-09	0.2666193	0.1	1.788948e-09	0.03482241	0.1	1.788948e-09	1.644487e-07	0.1	1.788948e-09	1.036972e-08	0.1	1.788948e-09	1.246966e-08	0.1	1.788948e-09	9.055908e-08	0.1	1.788948e-09	8.381614e-09	0.1	1.788948e-09	1.259033e-15	0.1	1.788948e-09	1.331885e-09	0.1	1.788948e-09	2.660132e-16	0.1
2.282227e-09	0.6334297	0.1	2.282227e-09	2.739294e-10	0.1	2.282227e-09	2.599536e-11	0.1	2.282227e-09	0.3214782	0.1	2.282227e-09	0.04509157	0.1	2.282227e-09	2.032738e-07	0.1	2.282227e-09	1.274855e-08	0.1	2.282227e-09	1.537568e-08	0.1	2.282227e-09	1.116655e-07	0.1	2.282227e-09	1.032465e-08	0.1	2.282227e-09	1.551823e-15	0.1	2.282227e-09	1.643571e-09	0.1	2.282227e-09	3.279186e-16	0.1
2.775507e-09	0.5746748	0.1	2.775507e-09	3.207519e-10	0.1	2.775507e-09	3.056967e-11	0.1	2.775507e-09	0.3697888	0.1	2.775507e-09	0.05553585	0.1	2.775507e-09	2.397718e-07	0.1	2.775507e-09	1.495682e-08	0.1	2.775507e-09	1.809269e-08	0.1	2.775507e-09	1.313986e-07	0.1	2.775507e-09	1.213713e-08	0.1	2.775507e-09	1.825345e-15	0.1	2.775507e-09	1.935583e-09	0.1	2.775507e-09	3.857678e-16	0.1
3.289035e-09	0.5196038	0.1	3.289035e-09	3.657972e-10	0.1	3.289035e-09	3.502067e-11	0.1	3.289035e-09	0.4138536	0.1	3.289035e-09	0.06654195	0.1	3.289035e-09	2.755323e-07	0.1	3.289035e-09	1.709244e-08	0.1	3.289035e-09	2.07402e-08	0.1	3.289035e-09	1.506257e-07	0.1	3.289035e-09	1.389905e-08	0.1	3.289035e-09	2.091662e-15	0.1	3.289035e-09	2.220769e-09	0.1	3.289035e-09	4.421111e-16	0.1
3.883557e-09	0.462791	0.1	3.883557e-09	4.137259e-10	0.1	3.883557e-09	3.981924e-11	0.1	3.883557e-09	0.4578179	0.1	3.883557e-09	0.07939032	0.1	3.883557e-09	3.143732e-07	0.1	3.883557e-09	1.93786e-08	0.1	3.883557e-09	2.359875e-08	0.1	3.883557e-09	1.71383e-07	0.1	3.883557e-09	1.57964e-08	0.1	3.883557e-09	2.37898e-15	0.1	3.883557e-09	2.529513e-09	0.1	3.883557e-09	5.029189e-16	0.1
4.478078e-09	0.4125932	0.1	4.478078e-09	4.576251e-10	0.1	4.478078e-09	4.428008e-11	0.1	4.478078e-09	0.4951157	0.1	4.478078e-09	0.09229017	0.1	4.478078e-09	3.507612e-07	0.1	4.478078e-09	2.148705e-08	0.1	4.478078e-09	2.626019e-08	0.1	4.478078e-09	1.907055e-07	0.1	4.478078e-09	1.755792e-08	0.1	4.478078e-09	2.646285e-15	0.1	4.478078e-09	2.817856e-09	0.1	4.478078e-09	5.595127e-16	0.1
5.0726e-09	0.3682339	0.1	5.0726e-09	4.979598e-10	0.1	5.0726e-09	4.844276e-11	0.1	5.0726e-09	0.5265802	0.1	5.0726e-09	0.1051849	0.1	5.0726e-09	3.849699e-07	0.1	5.0726e-09	2.343837e-08	0.1	5.0726e-09	2.874732e-08	0.1	5.0726e-09	2.087581e-07	0.1	5.0726e-09	1.919942e-08	0.1	5.0726e-09	2.89592e-15	0.1	5.0726e-09	3.088203e-09	0.1	5.0726e-09	6.123857e-16	0.1
5.667122e-09	0.3290278	0.1	5.667122e-09	5.351402e-10	0.1	5.667122e-09	5.234222e-11	0.1	5.667122e-09	0.5529449	0.1	5.667122e-09	0.1180263	0.1	5.667122e-09	4.172409e-07	0.1	5.667122e-09	2.525073e-08	0.1	5.667122e-09	3.108024e-08	0.1	5.667122e-09	2.256863e-07	0.1	5.667122e-09	2.073486e-08	0.1	5.667122e-09	3.129954e-15	0.1	5.667122e-09	3.342674e-09	0.1	5.667122e-09	6.619731e-16	0.1
6.261643e-09	0.2943702	0.1	6.261643e-09	5.695286e-10	0.1	6.261643e-09	5.60093e-11	0.1	6.261643e-09	0.5748554	0.1	6.261643e-09	0.1307733	0.1	6.261643e-09	4.477881e-07	0.1	6.261643e-09	2.694018e-08	0.1	6.261643e-09	3.327671e-08	0.1	6.261643e-09	2.416186e-07	0.1	6.261643e-09	2.217658e-08	0.1	6.261643e-09	3.350213e-15	0.1	6.261643e-09	3.583139e-09	0.1	6.261643e-09	7.08659e-16	0.1
6.856165e-09	0.2637278	0.1	6.856165e-09	6.014451e-10	0.1	6.856165e-09	5.947125e-11	0.1	6.856165e-09	0.5928798	0.1	6.856165e-09	0.1433912	0.1	6.856165e-09	4.768004e-07	0.1	6.856165e-09	2.85209e-08	0.1	6.856165e-09	3.535243e-08	0.1	6.856165e-09	2.566686e-07	0.1	6.856165e-09	2.353545e-08	0.1	6.856165e-09	3.558306e-15	0.1	6.856165e-09	3.811248e-09	0.1	6.856165e-09	7.527823e-16	0.1
7.450687e-09	0.2366299	0.1	7.450687e-09	6.311721e-10	0.1	7.450687e-09	6.275209e-11	0.1	7.450687e-09	0.607518	0.1	7.450687e-09	0.1558509	0.1	7.450687e-09	5.044451e-07	0.1	7.450687e-09	3.000539e-08	0.1	7.450687e-09	3.732123e-08	0.1	7.450687e-09	2.709366e-07	0.1	7.450687e-09	2.482106e-08	0.1	7.450687e-09	3.755656e-15	0.1	7.450687e-09	4.028457e-09	0.1	7.450687e-09	7.94642e-16	0.1
8.045208e-09	0.212661	0.1	8.045208e-09	6.589592e-10	0.1	8.045208e-09	6.587305e-11	0.1	8.045208e-09	0.6192094	0.1	8.045208e-09	0.1681283	0.1	8.045208e-09	5.308702e-07	0.1	8.045208e-09	3.140469e-08	0.1	8.045208e-09	3.919534e-08	0.1	8.045208e-09	2.84511e-07	0.1	8.045208e-09	2.604191e-08	0.1	8.045208e-09	3.943516e-15	0.1	8.045208e-09	4.236051e-09	0.1	8.045208e-09	8.345022e-16	0.1
8.63973e-09	0.1914546	0.1	8.63973e-09	6.850267e-10	0.1	8.63973e-09	6.885288e-11	0.1	8.63973e-09	0.6283407	0.1	8.63973e-09	0.1802033	0.1	8.63973e-09	5.562066e-07	0.1	8.63973e-09	3.272857e-08	0.1	8.63973e-09	4.098557e-08	0.1	8.63973e-09	2.974703e-07	0.1	8.63973e-09	2.720547e-08	0.1	8.63973e-09	4.122993e-15	0.1	8.63973e-09	4.435161e-09	0.1	8.63973e-09	8.725957e-16	0.1
9.234252e-09	0.1726874	0.1	9.234252e-09	7.095694e-10	0.1	9.234252e-09	7.170813e-11	0.1	9.234252e-09	0.6352516	0.1	9.234252e-09	0.1920596	0.1	9.234252e-09	5.805703e-07	0.1	9.234252e-09	3.398563e-08	0.1	9.234252e-09	4.270147e-08	0.1	9.234252e-09	3.098835e-07	0.1	9.234252e-09	2.831835e-08	0.1	9.234252e-09	4.295065e-15	0.1	9.234252e-09	4.626789e-09	0.1	9.234252e-09	9.091282e-16	0.1
9.828774e-09	0.1560741	0.1	9.828774e-09	7.327591e-10	0.1	9.828774e-09	7.445343e-11	0.1	9.828774e-09	0.6402404	0.1	9.828774e-09	0.203684	0.1	9.828774e-09	6.04064e-07	0.1	9.828774e-09	3.518348e-08	0.1	9.828774e-09	4.435145e-08	0.1	9.828774e-09	3.218118e-07	0.1	9.828774e-09	2.938637e-08	0.1	9.828774e-09	4.460593e-15	0.1	9.828774e-09	4.811814e-09	0.1	9.828774e-09	9.442811e-16	0.1
1.04233e-08	0.1413626	0.1	1.04233e-08	7.54748e-10	0.1	1.04233e-08	7.710169e-11	0.1	1.04233e-08	0.6435694	0.1	1.04233e-08	0.2150664	0.1	1.04233e-08	6.267787e-07	0.1	1.04233e-08	3.632884e-08	0.1	1.04233e-08	4.594297e-08	0.1	1.04233e-08	3.333091e-07	0.1	1.04233e-08	3.041469e-08	0.1	1.04233e-08	4.620339e-15	0.1	1.04233e-08	4.991016e-09	0.1	1.04233e-08	9.782146e-16	0.1
1.101782e-08	0.1283309	0.1	1.101782e-08	7.756702e-10	0.1	1.101782e-08	7.966431e-11	0.1	1.101782e-08	0.6454686	0.1	1.101782e-08	0.2261989	0.1	1.101782e-08	6.48795e-07	0.1	1.101782e-08	3.742765e-08	0.1	1.101782e-08	4.748261e-08	0.1	1.101782e-08	3.444232e-07	0.1	1.101782e-08	3.140786e-08	0.1	1.101782e-08	4.774975e-15	0.1	1.101782e-08	5.165081e-09	0.1	1.101782e-08	1.01107e-15	0.1
1.161234e-08	0.1167828	0.1	1.161234e-08	7.956445e-10	0.1	1.161234e-08	8.215138e-11	0.1	1.161234e-08	0.64614	0.1	1.161234e-08	0.2370756	0.1	1.161234e-08	6.701845e-07	0.1	1.161234e-08	3.848516e-08	0.1	1.161234e-08	4.897619e-08	0.1	1.161234e-08	3.551964e-07	0.1	1.161234e-08	3.236989e-08	0.1	1.161234e-08	4.925093e-15	0.1	1.161234e-08	5.334613e-09	0.1	1.161234e-08	1.042972e-15	0.1
1.220686e-08	0.1065453	0.1	1.220686e-08	8.147757e-10	0.1	1.220686e-08	8.45718e-11	0.1	1.220686e-08	0.6457605	0.1	1.220686e-08	0.2476926	0.1	1.220686e-08	6.910104e-07	0.1	1.220686e-08	3.950601e-08	0.1	1.220686e-08	5.042886e-08	0.1	1.220686e-08	3.656659e-07	0.1	1.220686e-08	3.330433e-08	0.1	1.220686e-08	5.071217e-15	0.1	1.220686e-08	5.500146e-09	0.1	1.220686e-08	1.074031e-15	0.1
1.280138e-08	0.0974655	0.1	1.280138e-08	8.331568e-10	0.1	1.280138e-08	8.693345e-11	0.1	1.280138e-08	0.6444853	0.1	1.280138e-08	0.2580475	0.1	1.280138e-08	7.113292e-07	0.1	1.280138e-08	4.049428e-08	0.1	1.280138e-08	5.184515e-08	0.1	1.280138e-08	3.758648e-07	0.1	1.280138e-08	3.42143e-08	0.1	1.280138e-08	5.21381e-15	0.1	1.280138e-08	5.662152e-09	0.1	1.280138e-08	1.104344e-15	0.1
1.33959e-08	0.08940871	0.1	1.33959e-08	8.508696e-10	0.1	1.33959e-08	8.924328e-11	0.1	1.33959e-08	0.6424502	0.1	1.33959e-08	0.2681394	0.1	1.33959e-08	7.311909e-07	0.1	1.33959e-08	4.14536e-08	0.1	1.33959e-08	5.32291e-08	0.1	1.33959e-08	3.858222e-07	0.1	1.33959e-08	3.510257e-08	0.1	1.33959e-08	5.353278e-15	0.1	1.33959e-08	5.821046e-09	0.1	1.33959e-08	1.133997e-15	0.1
1.410949e-08	0.08092263	0.1	1.410949e-08	8.713491e-10	0.1	1.410949e-08	9.195588e-11	0.1	1.410949e-08	0.6391705	0.1	1.410949e-08	0.2799051	0.1	1.410949e-08	7.544888e-07	0.1	1.410949e-08	4.25713e-08	0.1	1.410949e-08	5.485247e-08	0.1	1.410949e-08	3.974913e-07	0.1	1.410949e-08	3.614352e-08	0.1	1.410949e-08	5.517058e-15	0.1	1.410949e-08	6.008166e-09	0.1	1.410949e-08	1.168823e-15	0.1
1.482307e-08	0.07356014	0.1	1.482307e-08	8.910799e-10	0.1	1.482307e-08	9.461195e-11	0.1	1.482307e-08	0.635144	0.1	1.482307e-08	0.291294	0.1	1.482307e-08	7.772593e-07	0.1	1.482307e-08	4.365674e-08	0.1	1.482307e-08	5.643973e-08	0.1	1.482307e-08	4.088888e-07	0.1	1.482307e-08	3.71604e-08	0.1	1.482307e-08	5.677398e-15	0.1	1.482307e-08	6.19188e-09	0.1	1.482307e-08	1.202922e-15	0.1
1.553666e-08	0.06716673	0.1	1.553666e-08	9.101566e-10	0.1	1.553666e-08	9.721951e-11	0.1	1.553666e-08	0.6305215	0.1	1.553666e-08	0.3023098	0.1	1.553666e-08	7.995613e-07	0.1	1.553666e-08	4.471407e-08	0.1	1.553666e-08	5.799552e-08	0.1	1.553666e-08	4.200486e-07	0.1	1.553666e-08	3.815639e-08	0.1	1.553666e-08	5.834766e-15	0.1	1.553666e-08	6.372664e-09	0.1	1.553666e-08	1.236391e-15	0.1
1.625024e-08	0.06160935	0.1	1.625024e-08	9.286614e-10	0.1	1.625024e-08	9.97855e-11	0.1	1.625024e-08	0.625431	0.1	1.625024e-08	0.3129576	0.1	1.625024e-08	8.214458e-07	0.1	1.625024e-08	4.574693e-08	0.1	1.625024e-08	5.952385e-08	0.1	1.625024e-08	4.309999e-07	0.1	1.625024e-08	3.913426e-08	0.1	1.625024e-08	5.989568e-15	0.1	1.625024e-08	6.550926e-09	0.1	1.625024e-08	1.269315e-15	0.1
1.696383e-08	0.05677346	0.1	1.696383e-08	9.466649e-10	0.1	1.696383e-08	1.023159e-10	0.1	1.696383e-08	0.6199808	0.1	1.696383e-08	0.3232437	0.1	1.696383e-08	8.429573e-07	0.1	1.696383e-08	4.675841e-08	0.1	1.696383e-08	6.102821e-08	0.1	1.696383e-08	4.41768e-07	0.1	1.696383e-08	4.009634e-08	0.1	1.696383e-08	6.142149e-15	0.1	1.696383e-08	6.727019e-09	0.1	1.696383e-08	1.301769e-15	0.1
1.767741e-08	0.05256041	0.1	1.767741e-08	9.642285e-10	0.1	1.767741e-08	1.048159e-10	0.1	1.767741e-08	0.6142626	0.1	1.767741e-08	0.3331749	0.1	1.767741e-08	8.641347e-07	0.1	1.767741e-08	4.775122e-08	0.1	1.767741e-08	6.251159e-08	0.1	1.767741e-08	4.523747e-07	0.1	1.767741e-08	4.10447e-08	0.1	1.767741e-08	6.292811e-15	0.1	1.767741e-08	6.901245e-09	0.1	1.767741e-08	1.333814e-15	0.1
1.8391e-08	0.04888527	0.1	1.8391e-08	9.81405e-10	0.1	1.8391e-08	1.072899e-10	0.1	1.8391e-08	0.6083533	0.1	1.8391e-08	0.3427593	0.1	1.8391e-08	8.850118e-07	0.1	1.8391e-08	4.872768e-08	0.1	1.8391e-08	6.39766e-08	0.1	1.8391e-08	4.628392e-07	0.1	1.8391e-08	4.198108e-08	0.1	1.8391e-08	6.441811e-15	0.1	1.8391e-08	7.073863e-09	0.1	1.8391e-08	1.365505e-15	0.1
1.910459e-08	0.04567487	0.1	1.910459e-08	9.982405e-10	0.1	1.910459e-08	1.097418e-10	0.1	1.910459e-08	0.6023181	0.1	1.910459e-08	0.3520049	0.1	1.910459e-08	9.056185e-07	0.1	1.910459e-08	4.96898e-08	0.1	1.910459e-08	6.542548e-08	0.1	1.910459e-08	4.731778e-07	0.1	1.910459e-08	4.290701e-08	0.1	1.910459e-08	6.589372e-15	0.1	1.910459e-08	7.245096e-09	0.1	1.910459e-08	1.396889e-15	0.1
1.981817e-08	0.04286618	0.1	1.981817e-08	1.014775e-09	0.1	1.981817e-08	1.12175e-10	0.1	1.981817e-08	0.5962111	0.1	1.981817e-08	0.3609205	0.1	1.981817e-08	9.259807e-07	0.1	1.981817e-08	5.063932e-08	0.1	1.981817e-08	6.686019e-08	0.1	1.981817e-08	4.834047e-07	0.1	1.981817e-08	4.38238e-08	0.1	1.981817e-08	6.735687e-15	0.1	1.981817e-08	7.415138e-09	0.1	1.981817e-08	1.428006e-15	0.1
2.053176e-08	0.04040492	0.1	2.053176e-08	1.031042e-09	0.1	2.053176e-08	1.145923e-10	0.1	2.053176e-08	0.5900777	0.1	2.053176e-08	0.3695151	0.1	2.053176e-08	9.461212e-07	0.1	2.053176e-08	5.157776e-08	0.1	2.053176e-08	6.828242e-08	0.1	2.053176e-08	4.935325e-07	0.1	2.053176e-08	4.473257e-08	0.1	2.053176e-08	6.880921e-15	0.1	2.053176e-08	7.584154e-09	0.1	2.053176e-08	1.458891e-15	0.1
2.124534e-08	0.03824429	0.1	2.124534e-08	1.047073e-09	0.1	2.124534e-08	1.169963e-10	0.1	2.124534e-08	0.5839556	0.1	2.124534e-08	0.3777978	0.1	2.124534e-08	9.660601e-07	0.1	2.124534e-08	5.250643e-08	0.1	2.124534e-08	6.969364e-08	0.1	2.124534e-08	5.035718e-07	0.1	2.124534e-08	4.563432e-08	0.1	2.124534e-08	7.025217e-15	0.1	2.124534e-08	7.752285e-09	0.1	2.124534e-08	1.489574e-15	0.1
2.195893e-08	0.03634399	0.1	2.195893e-08	1.062892e-09	0.1	2.195893e-08	1.193891e-10	0.1	2.195893e-08	0.5778758	0.1	2.195893e-08	0.3857779	0.1	2.195893e-08	9.858153e-07	0.1	2.195893e-08	5.342645e-08	0.1	2.195893e-08	7.109513e-08	0.1	2.195893e-08	5.13532e-07	0.1	2.195893e-08	4.652989e-08	0.1	2.195893e-08	7.168699e-15	0.1	2.195893e-08	7.919653e-09	0.1	2.195893e-08	1.52008e-15	0.1
2.272978e-08	0.03454369	0.1	2.272978e-08	1.079771e-09	0.1	2.272978e-08	1.219635e-10	0.1	2.272978e-08	0.5713849	0.1	2.272978e-08	0.394069	0.1	2.272978e-08	1.006967e-06	0.1	2.272978e-08	5.441174e-08	0.1	2.272978e-08	7.259944e-08	0.1	2.272978e-08	5.242121e-07	0.1	2.272978e-08	4.749123e-08	0.1	2.272978e-08	7.322904e-15	0.1	2.272978e-08	8.099718e-09	0.1	2.272978e-08	1.552863e-15	0.1
2.358654e-08	0.03280622	0.1	2.358654e-08	1.098302e-09	0.1	2.358654e-08	1.248147e-10	0.1	2.358654e-08	0.5642947	0.1	2.358654e-08	0.4028966	0.1	2.358654e-08	1.030267e-06	0.1	2.358654e-08	5.549764e-08	0.1	2.358654e-08	7.426105e-08	0.1	2.358654e-08	5.359961e-07	0.1	2.358654e-08	4.855319e-08	0.1	2.358654e-08	7.493464e-15	0.1	2.358654e-08	8.299086e-09	0.1	2.358654e-08	1.589118e-15	0.1
2.444329e-08	0.03130415	0.1	2.444329e-08	1.116622e-09	0.1	2.444329e-08	1.276574e-10	0.1	2.444329e-08	0.5573617	0.1	2.444329e-08	0.4113316	0.1	2.444329e-08	1.053367e-06	0.1	2.444329e-08	5.657508e-08	0.1	2.444329e-08	7.591315e-08	0.1	2.444329e-08	5.476994e-07	0.1	2.444329e-08	4.96092e-08	0.1	2.444329e-08	7.66328e-15	0.1	2.444329e-08	8.497776e-09	0.1	2.444329e-08	1.625209e-15	0.1
2.530005e-08	0.03000097	0.1	2.530005e-08	1.134754e-09	0.1	2.530005e-08	1.304937e-10	0.1	2.530005e-08	0.5506068	0.1	2.530005e-08	0.4193896	0.1	2.530005e-08	1.076284e-06	0.1	2.530005e-08	5.764513e-08	0.1	2.530005e-08	7.755696e-08	0.1	2.530005e-08	5.593309e-07	0.1	2.530005e-08	5.066004e-08	0.1	2.530005e-08	7.832466e-15	0.1	2.530005e-08	8.695897e-09	0.1	2.530005e-08	1.66116e-15	0.1
2.615681e-08	0.02886611	0.1	2.615681e-08	1.152721e-09	0.1	2.615681e-08	1.333254e-10	0.1	2.615681e-08	0.5440453	0.1	2.615681e-08	0.427086	0.1	2.615681e-08	1.099036e-06	0.1	2.615681e-08	5.870869e-08	0.1	2.615681e-08	7.919352e-08	0.1	2.615681e-08	5.708983e-07	0.1	2.615681e-08	5.170636e-08	0.1	2.615681e-08	8.001116e-15	0.1	2.615681e-08	8.893539e-09	0.1	2.615681e-08	1.696991e-15	0.1
2.701356e-08	0.02787393	0.1	2.701356e-08	1.170539e-09	0.1	2.701356e-08	1.361539e-10	0.1	2.701356e-08	0.5376877	0.1	2.701356e-08	0.4344357	0.1	2.701356e-08	1.121635e-06	0.1	2.701356e-08	5.976654e-08	0.1	2.701356e-08	8.08237e-08	0.1	2.701356e-08	5.824082e-07	0.1	2.701356e-08	5.274872e-08	0.1	2.701356e-08	8.169311e-15	0.1	2.701356e-08	9.090779e-09	0.1	2.701356e-08	1.732718e-15	0.1
2.787032e-08	0.02700293	0.1	2.787032e-08	1.188224e-09	0.1	2.787032e-08	1.389805e-10	0.1	2.787032e-08	0.5315411	0.1	2.787032e-08	0.4414532	0.1	2.787032e-08	1.144094e-06	0.1	2.787032e-08	6.081933e-08	0.1	2.787032e-08	8.244826e-08	0.1	2.787032e-08	5.938661e-07	0.1	2.787032e-08	5.378759e-08	0.1	2.787032e-08	8.337117e-15	0.1	2.787032e-08	9.287679e-09	0.1	2.787032e-08	1.768355e-15	0.1
2.872708e-08	0.02623505	0.1	2.872708e-08	1.205789e-09	0.1	2.872708e-08	1.418062e-10	0.1	2.872708e-08	0.5256094	0.1	2.872708e-08	0.4481528	0.1	2.872708e-08	1.166423e-06	0.1	2.872708e-08	6.186762e-08	0.1	2.872708e-08	8.406786e-08	0.1	2.872708e-08	6.05277e-07	0.1	2.872708e-08	5.482337e-08	0.1	2.872708e-08	8.504593e-15	0.1	2.872708e-08	9.484291e-09	0.1	2.872708e-08	1.803914e-15	0.1
2.972499e-08	0.02545067	0.1	2.972499e-08	1.226113e-09	0.1	2.972499e-08	1.450977e-10	0.1	2.972499e-08	0.5189731	0.1	2.972499e-08	0.4555734	0.1	2.972499e-08	1.192281e-06	0.1	2.972499e-08	6.308359e-08	0.1	2.972499e-08	8.594878e-08	0.1	2.972499e-08	6.18514e-07	0.1	2.972499e-08	5.602635e-08	0.1	2.972499e-08	8.699307e-15	0.1	2.972499e-08	9.712991e-09	0.1	2.972499e-08	1.845247e-15	0.1
3.075819e-08	0.02474325	0.1	3.075819e-08	1.247017e-09	0.1	3.075819e-08	1.485069e-10	0.1	3.075819e-08	0.5124103	0.1	3.075819e-08	0.4628435	0.1	3.075819e-08	1.218897e-06	0.1	3.075819e-08	6.433751e-08	0.1	3.075819e-08	8.789072e-08	0.1	3.075819e-08	6.321638e-07	0.1	3.075819e-08	5.726841e-08	0.1	3.075819e-08	8.900569e-15	0.1	3.075819e-08	9.949489e-09	0.1	3.075819e-08	1.887958e-15	0.1
3.179139e-08	0.02412463	0.1	3.179139e-08	1.267794e-09	0.1	3.179139e-08	1.519187e-10	0.1	3.179139e-08	0.5061569	0.1	3.179139e-08	0.4697155	0.1	3.179139e-08	1.245366e-06	0.1	3.179139e-08	6.558689e-08	0.1	3.179139e-08	8.982778e-08	0.1	3.179139e-08	6.457626e-07	0.1	3.179139e-08	5.850735e-08	0.1	3.179139e-08	9.101545e-15	0.1	3.179139e-08	1.018574e-08	0.1	3.179139e-08	1.930597e-15	0.1
3.28246e-08	0.02358017	0.1	3.28246e-08	1.288457e-09	0.1	3.28246e-08	1.55334e-10	0.1	3.28246e-08	0.5002063	0.1	3.28246e-08	0.4762104	0.1	3.28246e-08	1.2717e-06	0.1	3.28246e-08	6.683222e-08	0.1	3.28246e-08	9.176056e-08	0.1	3.28246e-08	6.59315e-07	0.1	3.28246e-08	5.97435e-08	0.1	3.28246e-08	9.302283e-15	0.1	3.28246e-08	1.042179e-08	0.1	3.28246e-08	1.973172e-15	0.1
3.38578e-08	0.02309797	0.1	3.38578e-08	1.309015e-09	0.1	3.38578e-08	1.587537e-10	0.1	3.38578e-08	0.4945505	0.1	3.38578e-08	0.4823484	0.1	3.38578e-08	1.297909e-06	0.1	3.38578e-08	6.807395e-08	0.1	3.38578e-08	9.368957e-08	0.1	3.38578e-08	6.728248e-07	0.1	3.38578e-08	6.097717e-08	0.1	3.38578e-08	9.502823e-15	0.1	3.38578e-08	1.065766e-08	0.1	3.38578e-08	2.015693e-15	0.1
3.493247e-08	0.02265202	0.1	3.493247e-08	1.330298e-09	0.1	3.493247e-08	1.62316e-10	0.1	3.493247e-08	0.4889701	0.1	3.493247e-08	0.4883747	0.1	3.493247e-08	1.325048e-06	0.1	3.493247e-08	6.936207e-08	0.1	3.493247e-08	9.56925e-08	0.1	3.493247e-08	6.868353e-07	0.1	3.493247e-08	6.225795e-08	0.1	3.493247e-08	9.711236e-15	0.1	3.493247e-08	1.090285e-08	0.1	3.493247e-08	2.059868e-15	0.1
3.617302e-08	0.02219634	0.1	3.617302e-08	1.354749e-09	0.1	3.617302e-08	1.664359e-10	0.1	3.617302e-08	0.4828968	0.1	3.617302e-08	0.4949036	0.1	3.617302e-08	1.356232e-06	0.1	3.617302e-08	7.084512e-08	0.1	3.617302e-08	9.800067e-08	0.1	3.617302e-08	7.029598e-07	0.1	3.617302e-08	6.373366e-08	0.1	3.617302e-08	9.951634e-15	0.1	3.617302e-08	1.118571e-08	0.1	3.617302e-08	2.110805e-15	0.1
3.741357e-08	0.02179355	0.1	3.741357e-08	1.379085e-09	0.1	3.741357e-08	1.705647e-10	0.1	3.741357e-08	0.4772006	0.1	3.741357e-08	0.5010026	0.1	3.741357e-08	1.387274e-06	0.1	3.741357e-08	7.23244e-08	0.1	3.741357e-08	1.003052e-07	0.1	3.741357e-08	7.190364e-07	0.1	3.741357e-08	6.520668e-08	0.1	3.741357e-08	1.019187e-14	0.1	3.741357e-08	1.146841e-08	0.1	3.741357e-08	2.161687e-15	0.1
3.865412e-08	0.02143491	0.1	3.865412e-08	1.403317e-09	0.1	3.865412e-08	1.747033e-10	0.1	3.865412e-08	0.4718621	0.1	3.865412e-08	0.5066996	0.1	3.865412e-08	1.418186e-06	0.1	3.865412e-08	7.380032e-08	0.1	3.865412e-08	1.026066e-07	0.1	3.865412e-08	7.350687e-07	0.1	3.865412e-08	6.667724e-08	0.1	3.865412e-08	1.043198e-14	0.1	3.865412e-08	1.175097e-08	0.1	3.865412e-08	2.212521e-15	0.1
3.989467e-08	0.02111348	0.1	3.989467e-08	1.427452e-09	0.1	3.989467e-08	1.788522e-10	0.1	3.989467e-08	0.4668621	0.1	3.989467e-08	0.5120209	0.1	3.989467e-08	1.448978e-06	0.1	3.989467e-08	7.52732e-08	0.1	3.989467e-08	1.049052e-07	0.1	3.989467e-08	7.510599e-07	0.1	3.989467e-08	6.814552e-08	0.1	3.989467e-08	1.067199e-14	0.1	3.989467e-08	1.203342e-08	0.1	3.989467e-08	2.263313e-15	0.1
4.128758e-08	0.02079007	0.1	4.128758e-08	1.454444e-09	0.1	4.128758e-08	1.835238e-10	0.1	4.128758e-08	0.461628	0.1	4.128758e-08	0.5175784	0.1	4.128758e-08	1.48342e-06	0.1	4.128758e-08	7.692369e-08	0.1	4.128758e-08	1.074833e-07	0.1	4.128758e-08	7.689695e-07	0.1	4.128758e-08	6.979161e-08	0.1	4.128758e-08	1.094137e-14	0.1	4.128758e-08	1.235041e-08	0.1	4.128758e-08	2.320295e-15	0.1
4.278207e-08	0.02048035	0.1	4.278207e-08	1.483291e-09	0.1	4.278207e-08	1.88552e-10	0.1	4.278207e-08	0.4564303	0.1	4.278207e-08	0.5230857	0.1	4.278207e-08	1.520232e-06	0.1	4.278207e-08	7.869107e-08	0.1	4.278207e-08	1.102466e-07	0.1	4.278207e-08	7.881353e-07	0.1	4.278207e-08	7.155497e-08	0.1	4.278207e-08	1.123031e-14	0.1	4.278207e-08	1.269038e-08	0.1	4.278207e-08	2.381383e-15	0.1
4.427656e-08	0.02020331	0.1	4.427656e-08	1.512027e-09	0.1	4.427656e-08	1.935974e-10	0.1	4.427656e-08	0.4516353	0.1	4.427656e-08	0.5281577	0.1	4.427656e-08	1.556909e-06	0.1	4.427656e-08	8.045519e-08	0.1	4.427656e-08	1.130074e-07	0.1	4.427656e-08	8.072529e-07	0.1	4.427656e-08	7.331565e-08	0.1	4.427656e-08	1.151919e-14	0.1	4.427656e-08	1.30302e-08	0.1	4.427656e-08	2.442424e-15	0.1
4.577105e-08	0.01995415	0.1	4.577105e-08	1.540661e-09	0.1	4.577105e-08	1.986607e-10	0.1	4.577105e-08	0.4472133	0.1	4.577105e-08	0.5328287	0.1	4.577105e-08	1.593463e-06	0.1	4.577105e-08	8.221639e-08	0.1	4.577105e-08	1.157662e-07	0.1	4.577105e-08	8.263254e-07	0.1	4.577105e-08	7.507379e-08	0.1	4.577105e-08	1.180803e-14	0.1	4.577105e-08	1.336988e-08	0.1	4.577105e-08	2.503421e-15	0.1
4.751133e-08	0.01969412	0.1	4.751133e-08	1.573886e-09	0.1	4.751133e-08	2.045799e-10	0.1	4.751133e-08	0.4424976	0.1	4.751133e-08	0.5378044	0.1	4.751133e-08	1.635889e-06	0.1	4.751133e-08	8.426389e-08	0.1	4.751133e-08	1.189767e-07	0.1	4.751133e-08	8.484816e-07	0.1	4.751133e-08	7.711804e-08	0.1	4.751133e-08	1.214433e-14	0.1	4.751133e-08	1.376526e-08	0.1	4.751133e-08	2.574398e-15	0.1
4.931305e-08	0.01945424	0.1	4.931305e-08	1.608159e-09	0.1	4.931305e-08	2.107349e-10	0.1	4.931305e-08	0.4380652	0.1	4.931305e-08	0.5424766	0.1	4.931305e-08	1.679669e-06	0.1	4.931305e-08	8.638029e-08	0.1	4.931305e-08	1.222987e-07	0.1	4.931305e-08	8.713638e-07	0.1	4.931305e-08	7.92312e-08	0.1	4.931305e-08	1.249249e-14	0.1	4.931305e-08	1.417441e-08	0.1	4.931305e-08	2.647828e-15	0.1
5.111478e-08	0.01924004	0.1	5.111478e-08	1.642316e-09	0.1	5.111478e-08	2.169181e-10	0.1	5.111478e-08	0.4340491	0.1	5.111478e-08	0.5467067	0.1	5.111478e-08	1.723317e-06	0.1	5.111478e-08	8.849357e-08	0.1	5.111478e-08	1.256194e-07	0.1	5.111478e-08	8.941921e-07	0.1	5.111478e-08	8.134118e-08	0.1	5.111478e-08	1.284067e-14	0.1	5.111478e-08	1.458336e-08	0.1	5.111478e-08	2.721205e-15	0.1
5.314235e-08	0.01902552	0.1	5.314235e-08	1.680624e-09	0.1	5.314235e-08	2.239105e-10	0.1	5.314235e-08	0.4299798	0.1	5.314235e-08	0.5509904	0.1	5.314235e-08	1.772295e-06	0.1	5.314235e-08	9.086843e-08	0.1	5.314235e-08	1.293552e-07	0.1	5.314235e-08	9.198216e-07	0.1	5.314235e-08	8.371198e-08	0.1	5.314235e-08	1.323252e-14	0.1	5.314235e-08	1.504333e-08	0.1	5.314235e-08	2.803722e-15	0.1
5.532047e-08	0.01882216	0.1	5.532047e-08	1.721636e-09	0.1	5.532047e-08	2.314635e-10	0.1	5.532047e-08	0.4260851	0.1	5.532047e-08	0.5550884	0.1	5.532047e-08	1.824763e-06	0.1	5.532047e-08	9.341614e-08	0.1	5.532047e-08	1.333679e-07	0.1	5.532047e-08	9.472873e-07	0.1	5.532047e-08	8.625466e-08	0.1	5.532047e-08	1.365354e-14	0.1	5.532047e-08	1.553716e-08	0.1	5.532047e-08	2.892299e-15	0.1
5.74986e-08	0.01864305	0.1	5.74986e-08	1.762514e-09	0.1	5.74986e-08	2.390599e-10	0.1	5.74986e-08	0.4226301	0.1	5.74986e-08	0.5587223	0.1	5.74986e-08	1.877096e-06	0.1	5.74986e-08	9.596065e-08	0.1	5.74986e-08	1.373805e-07	0.1	5.74986e-08	9.746876e-07	0.1	5.74986e-08	8.879316e-08	0.1	5.74986e-08	1.407464e-14	0.1	5.74986e-08	1.603069e-08	0.1	5.74986e-08	2.980811e-15	0.1
6.005074e-08	0.01845978	0.1	6.005074e-08	1.810254e-09	0.1	6.005074e-08	2.480169e-10	0.1	6.005074e-08	0.4190756	0.1	6.005074e-08	0.56246	0.1	6.005074e-08	1.938267e-06	0.1	6.005074e-08	9.89385e-08	0.1	6.005074e-08	1.420829e-07	0.1	6.005074e-08	1.006715e-06	0.1	6.005074e-08	9.176239e-08	0.1	6.005074e-08	1.456821e-14	0.1	6.005074e-08	1.660855e-08	0.1	6.005074e-08	3.084441e-15	0.1
6.269639e-08	0.01829581	0.1	6.269639e-08	1.859577e-09	0.1	6.269639e-08	2.573671e-10	0.1	6.269639e-08	0.4158823	0.1	6.269639e-08	0.5658171	0.1	6.269639e-08	2.001533e-06	0.1	6.269639e-08	1.020219e-07	0.1	6.269639e-08	1.469592e-07	0.1	6.269639e-08	1.039831e-06	0.1	6.269639e-08	9.483465e-08	0.1	6.269639e-08	1.508007e-14	0.1	6.269639e-08	1.720711e-08	0.1	6.269639e-08	3.191779e-15	0.1
6.556303e-08	0.01814362	0.1	6.556303e-08	1.912845e-09	0.1	6.556303e-08	2.67574e-10	0.1	6.556303e-08	0.4129096	0.1	6.556303e-08	0.5689418	0.1	6.556303e-08	2.069941e-06	0.1	6.556303e-08	1.053593e-07	0.1	6.556303e-08	1.522455e-07	0.1	6.556303e-08	1.075621e-06	0.1	6.556303e-08	9.815705e-08	0.1	6.556303e-08	1.563495e-14	0.1	6.556303e-08	1.785509e-08	0.1	6.556303e-08	3.307984e-15	0.1
6.876114e-08	0.01800023	0.1	6.876114e-08	1.972077e-09	0.1	6.876114e-08	2.790551e-10	0.1	6.876114e-08	0.4101033	0.1	6.876114e-08	0.5718913	0.1	6.876114e-08	2.146115e-06	0.1	6.876114e-08	1.090789e-07	0.1	6.876114e-08	1.581474e-07	0.1	6.876114e-08	1.115442e-06	0.1	6.876114e-08	1.018558e-07	0.1	6.876114e-08	1.625436e-14	0.1	6.876114e-08	1.857726e-08	0.1	6.876114e-08	3.437507e-15	0.1
7.195925e-08	0.0178802	0.1	7.195925e-08	2.031118e-09	0.1	7.195925e-08	2.906365e-10	0.1	7.195925e-08	0.4077509	0.1	7.195925e-08	0.5743635	0.1	7.195925e-08	2.222165e-06	0.1	7.195925e-08	1.127951e-07	0.1	7.195925e-08	1.640548e-07	0.1	7.195925e-08	1.155154e-06	0.1	7.195925e-08	1.055463e-07	0.1	7.195925e-08	1.687421e-14	0.1	7.195925e-08	1.929863e-08	0.1	7.195925e-08	3.566906e-15	0.1
7.581238e-08	0.01776119	0.1	7.581238e-08	2.102018e-09	0.1	7.581238e-08	3.047242e-10	0.1	7.581238e-08	0.4054164	0.1	7.581238e-08	0.5768168	0.1	7.581238e-08	2.313659e-06	0.1	7.581238e-08	1.172688e-07	0.1	7.581238e-08	1.711808e-07	0.1	7.581238e-08	1.202861e-06	0.1	7.581238e-08	1.099818e-07	0.1	7.581238e-08	1.762165e-14	0.1	7.581238e-08	2.016664e-08	0.1	7.581238e-08	3.722645e-15	0.1
7.966551e-08	0.01766503	0.1	7.966551e-08	2.172683e-09	0.1	7.966551e-08	3.1896e-10	0.1	7.966551e-08	0.4035292	0.1	7.966551e-08	0.5788	0.1	7.966551e-08	2.405043e-06	0.1	7.966551e-08	1.217392e-07	0.1	7.966551e-08	1.783174e-07	0.1	7.966551e-08	1.250421e-06	0.1	7.966551e-08	1.144055e-07	0.1	7.966551e-08	1.836985e-14	0.1	7.966551e-08	2.103338e-08	0.1	7.966551e-08	3.878207e-15	0.1
8.351864e-08	0.01758731	0.1	8.351864e-08	2.24313e-09	0.1	8.351864e-08	3.333449e-10	0.1	8.351864e-08	0.4020034	0.1	8.351864e-08	0.5804033	0.1	8.351864e-08	2.496346e-06	0.1	8.351864e-08	1.262068e-07	0.1	8.351864e-08	1.854657e-07	0.1	8.351864e-08	1.297836e-06	0.1	8.351864e-08	1.188171e-07	0.1	8.351864e-08	1.911885e-14	0.1	8.351864e-08	2.189879e-08	0.1	8.351864e-08	4.033591e-15	0.1
8.784102e-08	0.01751771	0.1	8.784102e-08	2.321913e-09	0.1	8.784102e-08	3.496601e-10	0.1	8.784102e-08	0.4006368	0.1	8.784102e-08	0.5818392	0.1	8.784102e-08	2.598701e-06	0.1	8.784102e-08	1.312158e-07	0.1	8.784102e-08	1.934997e-07	0.1	8.784102e-08	1.350856e-06	0.1	8.784102e-08	1.237515e-07	0.1	8.784102e-08	1.996009e-14	0.1	8.784102e-08	2.286796e-08	0.1	8.784102e-08	4.207684e-15	0.1
9.247624e-08	0.01745941	0.1	9.247624e-08	2.406131e-09	0.1	9.247624e-08	3.673666e-10	0.1	9.247624e-08	0.3994919	0.1	9.247624e-08	0.5830422	0.1	9.247624e-08	2.708415e-06	0.1	9.247624e-08	1.365849e-07	0.1	9.247624e-08	2.021342e-07	0.1	9.247624e-08	1.407516e-06	0.1	9.247624e-08	1.290258e-07	0.1	9.247624e-08	2.086349e-14	0.1	9.247624e-08	2.390527e-08	0.1	9.247624e-08	4.394122e-15	0.1
9.711145e-08	0.01741427	0.1	9.711145e-08	2.490085e-09	0.1	9.711145e-08	3.852919e-10	0.1	9.711145e-08	0.3986054	0.1	9.711145e-08	0.5839735	0.1	9.711145e-08	2.818104e-06	0.1	9.711145e-08	1.419517e-07	0.1	9.711145e-08	2.107895e-07	0.1	9.711145e-08	1.463969e-06	0.1	9.711145e-08	1.342819e-07	0.1	9.711145e-08	2.176828e-14	0.1	9.711145e-08	2.494042e-08	0.1	9.711145e-08	4.580291e-15	0.1
1.017467e-07	0.01737932	0.1	1.017467e-07	2.573789e-09	0.1	1.017467e-07	4.034364e-10	0.1	1.017467e-07	0.397919	0.1	1.017467e-07	0.5846946	0.1	1.017467e-07	2.927789e-06	0.1	1.017467e-07	1.473169e-07	0.1	1.017467e-07	2.194668e-07	0.1	1.017467e-07	1.520214e-06	0.1	1.017467e-07	1.395192e-07	0.1	1.017467e-07	2.267453e-14	0.1	1.017467e-07	2.597331e-08	0.1	1.017467e-07	4.766185e-15	0.1
1.067559e-07	0.01735036	0.1	1.067559e-07	2.663975e-09	0.1	1.067559e-07	4.232919e-10	0.1	1.067559e-07	0.3973503	0.1	1.067559e-07	0.585292	0.1	1.067559e-07	3.04634e-06	0.1	1.067559e-07	1.531133e-07	0.1	1.067559e-07	2.2887e-07	0.1	1.067559e-07	1.580761e-06	0.1	1.067559e-07	1.451575e-07	0.1	1.067559e-07	2.365562e-14	0.1	1.067559e-07	2.708692e-08	0.1	1.067559e-07	4.966759e-15	0.1
1.123261e-07	0.01732629	0.1	1.123261e-07	2.763941e-09	0.1	1.123261e-07	4.456727e-10	0.1	1.123261e-07	0.3968776	0.1	1.123261e-07	0.5857884	0.1	1.123261e-07	3.178207e-06	0.1	1.123261e-07	1.595573e-07	0.1	1.123261e-07	2.393588e-07	0.1	1.123261e-07	1.647795e-06	0.1	1.123261e-07	1.514002e-07	0.1	1.123261e-07	2.474876e-14	0.1	1.123261e-07	2.832192e-08	0.1	1.123261e-07	5.189398e-15	0.1
1.178964e-07	0.01730859	0.1	1.178964e-07	2.863579e-09	0.1	1.178964e-07	4.683712e-10	0.1	1.178964e-07	0.39653	0.1	1.178964e-07	0.5861534	0.1	1.178964e-07	3.310132e-06	0.1	1.178964e-07	1.659999e-07	0.1	1.178964e-07	2.498831e-07	0.1	1.178964e-07	1.714511e-06	0.1	1.178964e-07	1.576134e-07	0.1	1.178964e-07	2.584428e-14	0.1	1.178964e-07	2.955326e-08	0.1	1.178964e-07	5.411602e-15	0.1
1.234666e-07	0.01729558	0.1	1.234666e-07	2.962897e-09	0.1	1.234666e-07	4.913876e-10	0.1	1.234666e-07	0.3962744	0.1	1.234666e-07	0.5864217	0.1	1.234666e-07	3.442131e-06	0.1	1.234666e-07	1.724413e-07	0.1	1.234666e-07	2.60444e-07	0.1	1.234666e-07	1.780902e-06	0.1	1.234666e-07	1.637964e-07	0.1	1.234666e-07	2.694229e-14	0.1	1.234666e-07	3.078082e-08	0.1	1.234666e-07	5.633357e-15	0.1
1.297342e-07	0.017285	0.1	1.297342e-07	3.074271e-09	0.1	1.297342e-07	5.176653e-10	0.1	1.297342e-07	0.3960667	0.1	1.297342e-07	0.5866397	0.1	1.297342e-07	3.590758e-06	0.1	1.297342e-07	1.796878e-07	0.1	1.297342e-07	2.723719e-07	0.1	1.297342e-07	1.855204e-06	0.1	1.297342e-07	1.707159e-07	0.1	1.297342e-07	2.818082e-14	0.1	1.297342e-07	3.215737e-08	0.1	1.297342e-07	5.88232e-15	0.1
1.364667e-07	0.01727706	0.1	1.364667e-07	3.19347e-09	0.1	1.364667e-07	5.463401e-10	0.1	1.364667e-07	0.3959107	0.1	1.364667e-07	0.5868033	0.1	1.364667e-07	3.750545e-06	0.1	1.364667e-07	1.874705e-07	0.1	1.364667e-07	2.852392e-07	0.1	1.364667e-07	1.934533e-06	0.1	1.364667e-07	1.781031e-07	0.1	1.364667e-07	2.951498e-14	0.1	1.364667e-07	3.363026e-08	0.1	1.364667e-07	6.149071e-15	0.1
1.431993e-07	0.01727158	0.1	1.431993e-07	3.312221e-09	0.1	1.431993e-07	5.754783e-10	0.1	1.431993e-07	0.395803	0.1	1.431993e-07	0.586916	0.1	1.431993e-07	3.910485e-06	0.1	1.431993e-07	1.95252e-07	0.1	1.431993e-07	2.981644e-07	0.1	1.431993e-07	2.013342e-06	0.1	1.431993e-07	1.854414e-07	0.1	1.431993e-07	3.085316e-14	0.1	1.431993e-07	3.509696e-08	0.1	1.431993e-07	6.415094e-15	0.1
1.505029e-07	0.01726754	0.1	1.505029e-07	3.440547e-09	0.1	1.505029e-07	6.076118e-10	0.1	1.505029e-07	0.3957236	0.1	1.505029e-07	0.5869991	0.1	1.505029e-07	4.084181e-06	0.1	1.505029e-07	2.036922e-07	0.1	1.505029e-07	3.122532e-07	0.1	1.505029e-07	2.098232e-06	0.1	1.505029e-07	1.933452e-07	0.1	1.505029e-07	3.230957e-14	0.1	1.505029e-07	3.668084e-08	0.1	1.505029e-07	6.702832e-15	0.1
1.586634e-07	0.01726458	0.1	1.586634e-07	3.583314e-09	0.1	1.586634e-07	6.441581e-10	0.1	1.586634e-07	0.3956656	0.1	1.586634e-07	0.5870596	0.1	1.586634e-07	4.278497e-06	0.1	1.586634e-07	2.13121e-07	0.1	1.586634e-07	3.280795e-07	0.1	1.586634e-07	2.192309e-06	0.1	1.586634e-07	2.021034e-07	0.1	1.586634e-07	3.394281e-14	0.1	1.586634e-07	3.844123e-08	0.1	1.586634e-07	7.02323e-15	0.1
1.668238e-07	0.0172627	0.1	1.668238e-07	3.725442e-09	0.1	1.668238e-07	6.813821e-10	0.1	1.668238e-07	0.3956285	0.1	1.668238e-07	0.5870981	0.1	1.668238e-07	4.473084e-06	0.1	1.668238e-07	2.22548e-07	0.1	1.668238e-07	3.439972e-07	0.1	1.668238e-07	2.285547e-06	0.1	1.668238e-07	2.107823e-07	0.1	1.668238e-07	3.558259e-14	0.1	1.668238e-07	4.019147e-08	0.1	1.668238e-07	7.342433e-15	0.1
1.763059e-07	0.01726134	0.1	1.763059e-07	3.889791e-09	0.1	1.763059e-07	7.254843e-10	0.1	1.763059e-07	0.3956019	0.1	1.763059e-07	0.5871256	0.1	1.763059e-07	4.699545e-06	0.1	1.763059e-07	2.334997e-07	0.1	1.763059e-07	3.626107e-07	0.1	1.763059e-07	2.392795e-06	0.1	1.763059e-07	2.207637e-07	0.1	1.763059e-07	3.749643e-14	0.1	1.763059e-07	4.221193e-08	0.1	1.763059e-07	7.71177e-15	0.1
1.861184e-07	0.01726051	0.1	1.861184e-07	4.05897e-09	0.1	1.861184e-07	7.720823e-10	0.1	1.861184e-07	0.3955856	0.1	1.861184e-07	0.5871421	0.1	1.861184e-07	4.934321e-06	0.1	1.861184e-07	2.448306e-07	0.1	1.861184e-07	3.820092e-07	0.1	1.861184e-07	2.502505e-06	0.1	1.861184e-07	2.309722e-07	0.1	1.861184e-07	3.948688e-14	0.1	1.861184e-07	4.428723e-08	0.1	1.861184e-07	8.09214e-15	0.1
1.971985e-07	0.01725998	0.1	1.971985e-07	4.248913e-09	0.1	1.971985e-07	8.258688e-10	0.1	1.971985e-07	0.3955751	0.1	1.971985e-07	0.5871525	0.1	1.971985e-07	5.199962e-06	0.1	1.971985e-07	2.576219e-07	0.1	1.971985e-07	4.040843e-07	0.1	1.971985e-07	2.624773e-06	0.1	1.971985e-07	2.423469e-07	0.1	1.971985e-07	4.174697e-14	0.1	1.971985e-07	4.661087e-08	0.1	1.971985e-07	8.519306e-15	0.1
2.091236e-07	0.01725967	0.1	2.091236e-07	4.45206e-09	0.1	2.091236e-07	8.851384e-10	0.1	2.091236e-07	0.395569	0.1	2.091236e-07	0.5871583	0.1	2.091236e-07	5.486526e-06	0.1	2.091236e-07	2.713849e-07	0.1	2.091236e-07	4.2805e-07	0.1	2.091236e-07	2.754392e-06	0.1	2.091236e-07	2.544021e-07	0.1	2.091236e-07	4.419475e-14	0.1	2.091236e-07	4.908742e-08	0.1	2.091236e-07	8.976164e-15	0.1
2.227187e-07	0.01725949	0.1	2.227187e-07	4.682047e-09	0.1	2.227187e-07	9.544488e-10	0.1	2.227187e-07	0.3955654	0.1	2.227187e-07	0.5871613	0.1	2.227187e-07	5.814095e-06	0.1	2.227187e-07	2.870703e-07	0.1	2.227187e-07	4.556402e-07	0.1	2.227187e-07	2.899583e-06	0.1	2.227187e-07	2.679014e-07	0.1	2.227187e-07	4.700534e-14	0.1	2.227187e-07	5.18789e-08	0.1	2.227187e-07	9.493206e-15	0.1
2.374273e-07	0.01725939	0.1	2.374273e-07	4.928951e-09	0.1	2.374273e-07	1.031514e-09	0.1	2.374273e-07	0.3955635	0.1	2.374273e-07	0.5871626	0.1	2.374273e-07	6.169574e-06	0.1	2.374273e-07	3.040337e-07	0.1	2.374273e-07	4.85819e-07	0.1	2.374273e-07	3.053469e-06	0.1	2.374273e-07	2.822038e-07	0.1	2.374273e-07	5.007087e-14	0.1	2.374273e-07	5.485929e-08	0.1	2.374273e-07	1.004784e-14	0.1
2.549978e-07	0.01725934	0.1	2.549978e-07	5.221306e-09	0.1	2.549978e-07	1.126391e-09	0.1	2.549978e-07	0.3955623	0.1	2.549978e-07	0.5871629	0.1	2.549978e-07	6.595743e-06	0.1	2.549978e-07	3.242882e-07	0.1	2.549978e-07	5.223284e-07	0.1	2.549978e-07	3.232807e-06	0.1	2.549978e-07	2.988641e-07	0.1	2.549978e-07	5.376759e-14	0.1	2.549978e-07	5.836341e-08	0.1	2.549978e-07	1.070365e-14	0.1
2.750461e-07	0.0172593	0.1	2.750461e-07	5.551476e-09	0.1	2.750461e-07	1.238369e-09	0.1	2.750461e-07	0.3955615	0.1	2.750461e-07	0.5871626	0.1	2.750461e-07	7.084103e-06	0.1	2.750461e-07	3.473856e-07	0.1	2.750461e-07	5.646092e-07	0.1	2.750461e-07	3.431289e-06	0.1	2.750461e-07	3.172923e-07	0.1	2.750461e-07	5.80331e-14	0.1	2.750461e-07	6.228423e-08	0.1	2.750461e-07	1.144258e-14	0.1
2.977377e-07	0.01725928	0.1	2.977377e-07	5.920841e-09	0.1	2.977377e-07	1.369859e-09	0.1	2.977377e-07	0.3955609	0.1	2.977377e-07	0.5871621	0.1	2.977377e-07	7.639621e-06	0.1	2.977377e-07	3.735099e-07	0.1	2.977377e-07	6.132819e-07	0.1	2.977377e-07	3.647833e-06	0.1	2.977377e-07	3.373831e-07	0.1	2.977377e-07	6.292367e-14	0.1	2.977377e-07	6.66189e-08	0.1	2.977377e-07	1.22664e-14	0.1
3.270461e-07	0.01725925	0.1	3.270461e-07	6.39118e-09	0.1	3.270461e-07	1.547077e-09	0.1	3.270461e-07	0.3955603	0.1	3.270461e-07	0.5871612	0.1	3.270461e-07	8.361572e-06	0.1	3.270461e-07	4.072205e-07	0.1	3.270461e-07	6.77453e-07	0.1	3.270461e-07	3.914498e-06	0.1	3.270461e-07	3.621006e-07	0.1	3.270461e-07	6.934076e-14	0.1	3.270461e-07	7.205009e-08	0.1	3.270461e-07	1.330988e-14	0.1
3.632609e-07	0.01725922	0.1	3.632609e-07	6.962043e-09	0.1	3.632609e-07	1.777401e-09	0.1	3.632609e-07	0.3955596	0.1	3.632609e-07	0.5871602	0.1	3.632609e-07	9.260675e-06	0.1	3.632609e-07	4.488212e-07	0.1	3.632609e-07	7.588034e-07	0.1	3.632609e-07	4.223442e-06	0.1	3.632609e-07	3.906992e-07	0.1	3.632609e-07	7.742859e-14	0.1	3.632609e-07	7.849287e-08	0.1	3.632609e-07	1.456592e-14	0.1
4.083942e-07	0.01725918	0.1	4.083942e-07	7.657859e-09	0.1	4.083942e-07	2.081686e-09	0.1	4.083942e-07	0.3955587	0.1	4.083942e-07	0.5871588	0.1	4.083942e-07	1.039207e-05	0.1	4.083942e-07	5.005753e-07	0.1	4.083942e-07	8.633814e-07	0.1	4.083942e-07	4.576633e-06	0.1	4.083942e-07	4.233335e-07	0.1	4.083942e-07	8.775376e-14	0.1	4.083942e-07	8.609877e-08	0.1	4.083942e-07	1.607783e-14	0.1
4.707847e-07	0.01725913	0.1	4.707847e-07	8.591902e-09	0.1	4.707847e-07	2.533014e-09	0.1	4.707847e-07	0.3955575	0.1	4.707847e-07	0.5871571	0.1	4.707847e-07	1.197544e-05	0.1	4.707847e-07	5.719299e-07	0.1	4.707847e-07	1.013706e-06	0.1	4.707847e-07	5.008022e-06	0.1	4.707847e-07	4.630824e-07	0.1	4.707847e-07	1.024657e-13	0.1	4.707847e-07	9.583542e-08	0.1	4.707847e-07	1.806746e-14	0.1
5.696562e-07	0.01725905	0.1	5.696562e-07	1.000839e-08	0.1	5.696562e-07	3.318309e-09	0.1	5.696562e-07	0.3955557	0.1	5.696562e-07	0.5871544	0.1	5.696562e-07	1.452712e-05	0.1	5.696562e-07	6.844885e-07	0.1	5.696562e-07	1.265012e-06	0.1	5.696562e-07	5.565899e-06	0.1	5.696562e-07	5.142347e-07	0.1	5.696562e-07	1.267531e-13	0.1	5.696562e-07	1.094689e-07	0.1	5.696562e-07	2.098021e-14	0.1
7.012481e-07	0.01725895	0.1	7.012481e-07	1.177875e-08	0.1	7.012481e-07	4.488753e-09	0.1	7.012481e-07	0.3955535	0.1	7.012481e-07	0.5871511	0.1	7.012481e-07	1.799079e-05	0.1	7.012481e-07	8.33122e-07	0.1	7.012481e-07	1.621983e-06	0.1	7.012481e-07	6.104639e-06	0.1	7.012481e-07	5.632042e-07	0.1	7.012481e-07	1.60664e-13	0.1	7.012481e-07	1.244928e-07	0.1	7.012481e-07	2.441608e-14	0.1
8.682402e-07	0.01725883	0.1	8.682402e-07	1.384953e-08	0.1	8.682402e-07	6.16268e-09	0.1	8.682402e-07	0.3955508	0.1	8.682402e-07	0.5871471	0.1	8.682402e-07	2.24654e-05	0.1	8.682402e-07	1.019399e-06	0.1	8.682402e-07	2.10613e-06	0.1	8.682402e-07	6.53869e-06	0.1	8.682402e-07	6.020824e-07	0.1	8.682402e-07	2.05666e-13	0.1	8.682402e-07	1.39289e-07	0.1	8.682402e-07	2.812339e-14	0.1
1.080415e-06	0.01725869	0.1	1.080415e-06	1.622193e-08	0.1	1.080415e-06	8.561438e-09	0.1	1.080415e-06	0.3955475	0.1	1.080415e-06	0.5871423	0.1	1.080415e-06	2.822295e-05	0.1	1.080415e-06	1.251499e-06	0.1	1.080415e-06	2.761226e-06	0.1	1.080415e-06	6.836232e-06	0.1	1.080415e-06	6.280564e-07	0.1	1.080415e-06	2.649055e-13	0.1	1.080415e-06	1.529517e-07	0.1	1.080415e-06	3.195897e-14	0.1
1.225792e-06	0.0172586	0.1	1.225792e-06	1.769555e-08	0.1	1.225792e-06	1.036209e-08	0.1	1.225792e-06	0.3955454	0.1	1.225792e-06	0.5871391	0.1	1.225792e-06	3.21889e-05	0.1	1.225792e-06	1.407082e-06	0.1	1.225792e-06	3.231092e-06	0.1	1.225792e-06	6.945006e-06	0.1	1.225792e-06	6.372104e-07	0.1	1.225792e-06	3.063095e-13	0.1	1.225792e-06	1.599327e-07	0.1	1.225792e-06	3.41321e-14	0.1
1.401452e-06	0.01725849	0.1	1.401452e-06	1.932657e-08	0.1	1.401452e-06	1.269065e-08	0.1	1.401452e-06	0.3955428	0.1	1.401452e-06	0.5871352	0.1	1.401452e-06	3.698648e-05	0.1	1.401452e-06	1.590844e-06	0.1	1.401452e-06	3.818354e-06	0.1	1.401452e-06	7.019692e-06	0.1	1.401452e-06	6.432189e-07	0.1	1.401452e-06	3.568718e-13	0.1	1.401452e-06	1.665298e-07	0.1	1.401452e-06	3.636365e-14	0.1
1.584682e-06	0.01725837	0.1	1.584682e-06	2.08688e-08	0.1	1.584682e-06	1.528109e-08	0.1	1.584682e-06	0.3955401	0.1	1.584682e-06	0.5871313	0.1	1.584682e-06	4.198655e-05	0.1	1.584682e-06	1.777119e-06	0.1	1.584682e-06	4.451631e-06	0.1	1.584682e-06	7.060338e-06	0.1	1.584682e-06	6.462534e-07	0.1	1.584682e-06	4.100172e-13	0.1	1.584682e-06	1.718287e-07	0.1	1.584682e-06	3.831618e-14	0.1
1.792932e-06	0.01725824	0.1	1.792932e-06	2.244372e-08	0.1	1.792932e-06	1.840504e-08	0.1	1.792932e-06	0.3955371	0.1	1.792932e-06	0.5871268	0.1	1.792932e-06	4.765584e-05	0.1	1.792932e-06	1.981553e-06	0.1	1.792932e-06	5.195416e-06	0.1	1.792932e-06	7.082687e-06	0.1	1.792932e-06	6.477158e-07	0.1	1.792932e-06	4.707497e-13	0.1	1.792932e-06	1.76426e-07	0.1	1.792932e-06	4.016066e-14	0.1
2.027721e-06	0.01725809	0.1	2.027721e-06	2.401683e-08	0.1	2.027721e-06	2.213132e-08	0.1	2.027721e-06	0.3955337	0.1	2.027721e-06	0.5871218	0.1	2.027721e-06	5.402456e-05	0.1	2.027721e-06	2.202095e-06	0.1	2.027721e-06	6.063436e-06	0.1	2.027721e-06	7.093364e-06	0.1	2.027721e-06	6.482339e-07	0.1	2.027721e-06	5.3952e-13	0.1	2.027721e-06	1.802963e-07	0.1	2.027721e-06	4.185819e-14	0.1
2.301954e-06	0.01725792	0.1	2.301954e-06	2.561569e-08	0.1	2.301954e-06	2.672382e-08	0.1	2.301954e-06	0.3955297	0.1	2.301954e-06	0.5871159	0.1	2.301954e-06	6.142819e-05	0.1	2.301954e-06	2.445567e-06	0.1	2.301954e-06	7.115827e-06	0.1	2.301954e-06	7.097604e-06	0.1	2.301954e-06	6.48276e-07	0.1	2.301954e-06	6.20152e-13	0.1	2.301954e-06	1.835679e-07	0.1	2.301954e-06	4.343849e-14	0.1
2.642151e-06	0.0172577	0.1	2.642151e-06	2.7293e-08	0.1	2.642151e-06	3.272932e-08	0.1	2.642151e-06	0.3955248	0.1	2.642151e-06	0.5871086	0.1	2.642151e-06	7.055766e-05	0.1	2.642151e-06	2.725594e-06	0.1	2.642151e-06	8.478208e-06	0.1	2.642151e-06	7.098539e-06	0.1	2.642151e-06	6.481152e-07	0.1	2.642151e-06	7.205708e-13	0.1	2.642151e-06	1.863459e-07	0.1	2.642151e-06	4.494007e-14	0.1
3.066353e-06	0.01725743	0.1	3.066353e-06	2.899111e-08	0.1	3.066353e-06	4.061433e-08	0.1	3.066353e-06	0.3955187	0.1	3.066353e-06	0.5870995	0.1	3.066353e-06	8.18548e-05	0.1	3.066353e-06	3.040017e-06	0.1	3.066353e-06	1.026423e-05	0.1	3.066353e-06	7.098034e-06	0.1	3.066353e-06	6.479212e-07	0.1	3.066353e-06	8.463346e-13	0.1	3.066353e-06	1.885266e-07	0.1	3.066353e-06	4.629582e-14	0.1
3.623736e-06	0.01725708	0.1	3.623736e-06	3.06996e-08	0.1	3.623736e-06	5.150297e-08	0.1	3.623736e-06	0.3955106	0.1	3.623736e-06	0.5870875	0.1	3.623736e-06	9.655288e-05	0.1	3.623736e-06	3.395574e-06	0.1	3.623736e-06	1.275667e-05	0.1	3.623736e-06	7.097195e-06	0.1	3.623736e-06	6.477759e-07	0.1	3.623736e-06	1.012445e-12	0.1	3.623736e-06	1.901223e-07	0.1	3.623736e-06	4.74902e-14	0.1
4.360217e-06	0.01725662	0.1	4.360217e-06	3.228869e-08	0.1	4.360217e-06	6.656793e-08	0.1	4.360217e-06	0.3954999	0.1	4.360217e-06	0.5870716	0.1	4.360217e-06	0.0001157222	0.1	4.360217e-06	3.77247e-06	0.1	4.360217e-06	1.630076e-05	0.1	4.360217e-06	7.096529e-06	0.1	4.360217e-06	6.47704e-07	0.1	4.360217e-06	1.233326e-12	0.1	4.360217e-06	1.911046e-07	0.1	4.360217e-06	4.844708e-14	0.1
5.334354e-06	0.017256	0.1	5.334354e-06	3.361185e-08	0.1	5.334354e-06	8.728895e-08	0.1	5.334354e-06	0.3954857	0.1	5.334354e-06	0.5870505	0.1	5.334354e-06	0.0001406443	0.1	5.334354e-06	4.133666e-06	0.1	5.334354e-06	2.142041e-05	0.1	5.334354e-06	7.096121e-06	0.1	5.334354e-06	6.476851e-07	0.1	5.334354e-06	1.527715e-12	0.1	5.334354e-06	1.915831e-07	0.1	5.334354e-06	4.913455e-14	0.1
5.983801e-06	0.01725558	0.1	5.983801e-06	3.417403e-08	0.1	5.983801e-06	1.014334e-07	0.1	5.983801e-06	0.3954762	0.1	5.983801e-06	0.5870364	0.1	5.983801e-06	0.0001569898	0.1	5.983801e-06	4.305736e-06	0.1	5.983801e-06	2.510263e-05	0.1	5.983801e-06	7.095971e-06	0.1	5.983801e-06	6.476852e-07	0.1	5.983801e-06	1.72527e-12	0.1	5.983801e-06	1.917004e-07	0.1	5.983801e-06	4.940025e-14	0.1
7.13254e-06	0.01725484	0.1	7.13254e-06	3.478909e-08	0.1	7.13254e-06	1.268503e-07	0.1	7.13254e-06	0.3954592	0.1	7.13254e-06	0.5870112	0.1	7.13254e-06	0.0001853831	0.1	7.13254e-06	4.513202e-06	0.1	7.13254e-06	3.213297e-05	0.1	7.13254e-06	7.095777e-06	0.1	7.13254e-06	6.476868e-07	0.1	7.13254e-06	2.077004e-12	0.1	7.13254e-06	1.917751e-07	0.1	7.13254e-06	4.967949e-14	0.1
8.808814e-06	0.01725374	0.1	8.808814e-06	3.521155e-08	0.1	8.808814e-06	1.644565e-07	0.1	8.808814e-06	0.3954341	0.1	8.808814e-06	0.586974	0.1	8.808814e-06	0.0002256536	0.1	8.808814e-06	4.674904e-06	0.1	8.808814e-06	4.355027e-05	0.1	8.808814e-06	7.095525e-06	0.1	8.808814e-06	6.4768e-07	0.1	8.808814e-06	2.595082e-12	0.1	8.808814e-06	1.91795e-07	0.1	8.808814e-06	4.987316e-14	0.1
1.075356e-05	0.01725245	0.1	1.075356e-05	3.5396e-08	0.1	1.075356e-05	2.084514e-07	0.1	1.075356e-05	0.3954044	0.1	1.075356e-05	0.5869299	0.1	1.075356e-05	0.0002707002	0.1	1.075356e-05	4.755978e-06	0.1	1.075356e-05	5.846444e-05	0.1	1.075356e-05	7.095221e-06	0.1	1.075356e-05	6.476604e-07	0.1	1.075356e-05	3.202753e-12	0.1	1.075356e-05	1.917924e-07	0.1	1.075356e-05	4.996449e-14	0.1
1.269831e-05	0.01725112	0.1	1.269831e-05	3.545977e-08	0.1	1.269831e-05	2.52628e-07	0.1	1.269831e-05	0.3953741	0.1	1.269831e-05	0.5868848	0.1	1.269831e-05	0.0003140147	0.1	1.269831e-05	4.787975e-06	0.1	1.269831e-05	7.510466e-05	0.1	1.269831e-05	7.0949e-06	0.1	1.269831e-05	6.476339e-07	0.1	1.269831e-05	3.817197e-12	0.1	1.269831e-05	1.91785e-07	0.1	1.269831e-05	4.999907e-14	0.1
1.464306e-05	0.01724977	0.1	1.464306e-05	3.548184e-08	0.1	1.464306e-05	2.969045e-07	0.1	1.464306e-05	0.3953431	0.1	1.464306e-05	0.5868388	0.1	1.464306e-05	0.0003556631	0.1	1.464306e-05	4.80042e-06	0.1	1.464306e-05	9.340443e-05	0.1	1.464306e-05	7.094564e-06	0.1	1.464306e-05	6.476038e-07	0.1	1.464306e-05	4.438269e-12	0.1	1.464306e-05	1.917762e-07	0.1	1.464306e-05	5.001126e-14	0.1
1.791535e-05	0.01724744	0.1	1.791535e-05	3.549155e-08	0.1	1.791535e-05	3.715564e-07	0.1	1.791535e-05	0.3952896	0.1	1.791535e-05	0.5867594	0.1	1.791535e-05	0.0004221571	0.1	1.791535e-05	4.806499e-06	0.1	1.791535e-05	0.0001277656	0.1	1.791535e-05	7.09397e-06	0.1	1.791535e-05	6.475491e-07	0.1	1.791535e-05	5.498133e-12	0.1	1.791535e-05	1.9176e-07	0.1	1.791535e-05	5.001452e-14	0.1
2.169432e-05	0.01724465	0.1	2.169432e-05	3.549315e-08	0.1	2.169432e-05	4.579559e-07	0.1	2.169432e-05	0.3952257	0.1	2.169432e-05	0.5866646	0.1	2.169432e-05	0.0004936773	0.1	2.169432e-05	4.807422e-06	0.1	2.169432e-05	0.0001726917	0.1	2.169432e-05	7.093246e-06	0.1	2.169432e-05	6.474818e-07	0.1	2.169432e-05	6.745191e-12	0.1	2.169432e-05	1.917401e-07	0.1	2.169432e-05	5.001098e-14	0.1
2.598945e-05	0.01724138	0.1	2.598945e-05	3.549306e-08	0.1	2.598945e-05	5.563698e-07	0.1	2.598945e-05	0.3951506	0.1	2.598945e-05	0.5865532	0.1	2.598945e-05	0.000568608	0.1	2.598945e-05	4.80707e-06	0.1	2.598945e-05	0.0002300774	0.1	2.598945e-05	7.092378e-06	0.1	2.598945e-05	6.474011e-07	0.1	2.598945e-05	8.19263e-12	0.1	2.598945e-05	1.917162e-07	0.1	2.598945e-05	5.000503e-14	0.1
3.099807e-05	0.01723742	0.1	3.099807e-05	3.549244e-08	0.1	3.099807e-05	6.713861e-07	0.1	3.099807e-05	0.39506	0.1	3.099807e-05	0.5864187	0.1	3.099807e-05	0.0006481567	0.1	3.099807e-05	4.80637e-06	0.1	3.099807e-05	0.0003047755	0.1	3.099807e-05	7.091309e-06	0.1	3.099807e-05	6.47302e-07	0.1	3.099807e-05	9.920929e-12	0.1	3.099807e-05	1.916869e-07	0.1	3.099807e-05	4.999741e-14	0.1
3.849797e-05	0.01723126	0.1	3.849797e-05	3.549103e-08	0.1	3.849797e-05	8.440527e-07	0.1	3.849797e-05	0.3949189	0.1	3.849797e-05	0.5862091	0.1	3.849797e-05	0.0007531786	0.1	3.849797e-05	4.805212e-06	0.1	3.849797e-05	0.0004306169	0.1	3.849797e-05	7.089608e-06	0.1	3.849797e-05	6.471447e-07	0.1	3.849797e-05	1.259035e-11	0.1	3.849797e-05	1.916403e-07	0.1	3.849797e-05	4.998527e-14	0.1
4.700388e-05	0.01722398	0.1	4.700388e-05	3.548884e-08	0.1	4.700388e-05	1.040408e-06	0.1	4.700388e-05	0.3947519	0.1	4.700388e-05	0.5859612	0.1	4.700388e-05	0.0008545027	0.1	4.700388e-05	4.803811e-06	0.1	4.700388e-05	0.0005909608	0.1	4.700388e-05	7.087552e-06	0.1	4.700388e-05	6.469551e-07	0.1	4.700388e-05	1.573622e-11	0.1	4.700388e-05	1.915841e-07	0.1	4.700388e-05	4.997063e-14	0.1
5.704252e-05	0.01721503	0.1	5.704252e-05	3.548558e-08	0.1	5.704252e-05	1.272705e-06	0.1	5.704252e-05	0.3945469	0.1	5.704252e-05	0.5856569	0.1	5.704252e-05	0.0009536424	0.1	5.704252e-05	4.80206e-06	0.1	5.704252e-05	0.0008004069	0.1	5.704252e-05	7.08498e-06	0.1	5.704252e-05	6.467185e-07	0.1	5.704252e-05	1.961101e-11	0.1	5.704252e-05	1.915141e-07	0.1	5.704252e-05	4.995236e-14	0.1
6.708117e-05	0.01720578	0.1	6.708117e-05	3.548173e-08	0.1	6.708117e-05	1.505446e-06	0.1	6.708117e-05	0.3943348	0.1	6.708117e-05	0.5853422	0.1	6.708117e-05	0.001034497	0.1	6.708117e-05	4.800223e-06	0.1	6.708117e-05	0.001027874	0.1	6.708117e-05	7.082279e-06	0.1	6.708117e-05	6.464704e-07	0.1	6.708117e-05	2.366139e-11	0.1	6.708117e-05	1.914406e-07	0.1	6.708117e-05	4.99332e-14	0.1
7.711981e-05	0.01719628	0.1	7.711981e-05	3.547738e-08	0.1	7.711981e-05	1.738494e-06	0.1	7.711981e-05	0.3941171	0.1	7.711981e-05	0.585019	0.1	7.711981e-05	0.001100408	0.1	7.711981e-05	4.798316e-06	0.1	7.711981e-05	0.001270012	0.1	7.711981e-05	7.079473e-06	0.1	7.711981e-05	6.46213e-07	0.1	7.711981e-05	2.788739e-11	0.1	7.711981e-05	1.913644e-07	0.1	7.711981e-05	4.991332e-14	0.1
8.715846e-05	0.01718658	0.1	8.715846e-05	3.547263e-08	0.1	8.715846e-05	1.971736e-06	0.1	8.715846e-05	0.3938948	0.1	8.715846e-05	0.584689	0.1	8.715846e-05	0.001154107	0.1	8.715846e-05	4.796352e-06	0.1	8.715846e-05	0.001524084	0.1	8.715846e-05	7.076582e-06	0.1	8.715846e-05	6.45948e-07	0.1	8.715846e-05	3.228902e-11	0.1	8.715846e-05	1.912859e-07	0.1	8.715846e-05	4.989286e-14	0.1
9.925095e-05	0.01717468	0.1	9.925095e-05	3.546649e-08	0.1	9.925095e-05	2.252827e-06	0.1	9.925095e-05	0.3936221	0.1	9.925095e-05	0.5842842	0.1	9.925095e-05	0.001205713	0.1	9.925095e-05	4.793926e-06	0.1	9.925095e-05	0.001842842	0.1	9.925095e-05	7.073009e-06	0.1	9.925095e-05	6.456209e-07	0.1	9.925095e-05	3.782427e-11	0.1	9.925095e-05	1.91189e-07	0.1	9.925095e-05	4.986759e-14	0.1
0.0001113434	0.0171626	0.1	0.0001113434	3.545997e-08	0.1	0.0001113434	2.53394e-06	0.1	0.0001113434	0.3933452	0.1	0.0001113434	0.5838732	0.1	0.0001113434	0.001245947	0.1	0.0001113434	4.791448e-06	0.1	0.0001113434	0.002172557	0.1	0.0001113434	7.069358e-06	0.1	0.0001113434	6.452868e-07	0.1	0.0001113434	4.361403e-11	0.1	0.0001113434	1.910901e-07	0.1	0.0001113434	4.984179e-14	0.1
0.0001234359	0.01715038	0.1	0.0001234359	3.545317e-08	0.1	0.0001234359	2.814978e-06	0.1	0.0001234359	0.3930651	0.1	0.0001234359	0.5834575	0.1	0.0001234359	0.001277267	0.1	0.0001234359	4.788931e-06	0.1	0.0001234359	0.00251077	0.1	0.0001234359	7.065647e-06	0.1	0.0001234359	6.449474e-07	0.1	0.0001234359	4.965799e-11	0.1	0.0001234359	1.909896e-07	0.1	0.0001234359	4.981558e-14	0.1
0.0001355284	0.01713805	0.1	0.0001355284	3.544613e-08	0.1	0.0001355284	3.095862e-06	0.1	0.0001355284	0.3927826	0.1	0.0001355284	0.5830381	0.1	0.0001355284	0.001301597	0.1	0.0001355284	4.786382e-06	0.1	0.0001355284	0.002855555	0.1	0.0001355284	7.061889e-06	0.1	0.0001355284	6.44604e-07	0.1	0.0001355284	5.595576e-11	0.1	0.0001355284	1.908879e-07	0.1	0.0001355284	4.978905e-14	0.1
0.0001490927	0.01712413	0.1	0.0001490927	3.543803e-08	0.1	0.0001490927	3.410678e-06	0.1	0.0001490927	0.3924636	0.1	0.0001490927	0.5825645	0.1	0.0001490927	0.001322428	0.1	0.0001490927	4.783495e-06	0.1	0.0001490927	0.003248269	0.1	0.0001490927	7.057633e-06	0.1	0.0001490927	6.44215e-07	0.1	0.0001490927	6.332157e-11	0.1	0.0001490927	1.907727e-07	0.1	0.0001490927	4.975901e-14	0.1
0.0001636383	0.01710912	0.1	0.0001636383	3.542916e-08	0.1	0.0001636383	3.747898e-06	0.1	0.0001636383	0.3921196	0.1	0.0001636383	0.582054	0.1	0.0001636383	0.001338965	0.1	0.0001636383	4.780376e-06	0.1	0.0001636383	0.003674609	0.1	0.0001636383	7.053033e-06	0.1	0.0001636383	6.437948e-07	0.1	0.0001636383	7.157366e-11	0.1	0.0001636383	1.906483e-07	0.1	0.0001636383	4.972655e-14	0.1
0.0001781838	0.01709406	0.1	0.0001781838	3.542014e-08	0.1	0.0001781838	4.084678e-06	0.1	0.0001781838	0.3917743	0.1	0.0001781838	0.5815415	0.1	0.0001781838	0.00135099	0.1	0.0001781838	4.777239e-06	0.1	0.0001781838	0.004104859	0.1	0.0001781838	7.048406e-06	0.1	0.0001781838	6.433722e-07	0.1	0.0001781838	8.019062e-11	0.1	0.0001781838	1.905231e-07	0.1	0.0001781838	4.969391e-14	0.1
0.0001927294	0.01707896	0.1	0.0001927294	3.541101e-08	0.1	0.0001927294	4.420974e-06	0.1	0.0001927294	0.3914282	0.1	0.0001927294	0.5810277	0.1	0.0001927294	0.001359649	0.1	0.0001927294	4.77409e-06	0.1	0.0001927294	0.004537875	0.1	0.0001927294	7.043761e-06	0.1	0.0001927294	6.42948e-07	0.1	0.0001927294	8.917145e-11	0.1	0.0001927294	1.903975e-07	0.1	0.0001927294	4.966115e-14	0.1
0.0002096889	0.01706132	0.1	0.0002096889	3.540026e-08	0.1	0.0002096889	4.812427e-06	0.1	0.0002096889	0.391024	0.1	0.0002096889	0.5804277	0.1	0.0002096889	0.001366621	0.1	0.0002096889	4.770409e-06	0.1	0.0002096889	0.005045121	0.1	0.0002096889	7.038331e-06	0.1	0.0002096889	6.424522e-07	0.1	0.0002096889	1.001007e-10	0.1	0.0002096889	1.902507e-07	0.1	0.0002096889	4.962285e-14	0.1
0.0002272518	0.01704304	0.1	0.0002272518	3.538906e-08	0.1	0.0002272518	5.217034e-06	0.1	0.0002272518	0.3906051	0.1	0.0002272518	0.5798058	0.1	0.0002272518	0.001371288	0.1	0.0002272518	4.76659e-06	0.1	0.0002272518	0.005572118	0.1	0.0002272518	7.032697e-06	0.1	0.0002272518	6.419378e-07	0.1	0.0002272518	1.119367e-10	0.1	0.0002272518	1.900984e-07	0.1	0.0002272518	4.958312e-14	0.1
0.0002448148	0.01702476	0.1	0.0002448148	3.537779e-08	0.1	0.0002448148	5.620823e-06	0.1	0.0002448148	0.3901861	0.1	0.0002448148	0.5791839	0.1	0.0002448148	0.001374123	0.1	0.0002448148	4.762768e-06	0.1	0.0002448148	0.006100083	0.1	0.0002448148	7.027059e-06	0.1	0.0002448148	6.414231e-07	0.1	0.0002448148	1.242976e-10	0.1	0.0002448148	1.899459e-07	0.1	0.0002448148	4.954336e-14	0.1
0.0002645744	0.0170042	0.1	0.0002645744	3.536508e-08	0.1	0.0002645744	6.074118e-06	0.1	0.0002645744	0.389715	0.1	0.0002645744	0.5784846	0.1	0.0002645744	0.001375796	0.1	0.0002645744	4.758468e-06	0.1	0.0002645744	0.006694572	0.1	0.0002645744	7.020714e-06	0.1	0.0002645744	6.408439e-07	0.1	0.0002645744	1.388291e-10	0.1	0.0002645744	1.897744e-07	0.1	0.0002645744	4.949863e-14	0.1
0.0002857986	0.01698214	0.1	0.0002857986	3.535138e-08	0.1	0.0002857986	6.559812e-06	0.1	0.0002857986	0.3892094	0.1	0.0002857986	0.5777341	0.1	0.0002857986	0.001376384	0.1	0.0002857986	4.753852e-06	0.1	0.0002857986	0.007333122	0.1	0.0002857986	7.013904e-06	0.1	0.0002857986	6.402222e-07	0.1	0.0002857986	1.551707e-10	0.1	0.0002857986	1.895903e-07	0.1	0.0002857986	4.945061e-14	0.1
0.0003070228	0.01696011	0.1	0.0003070228	3.533766e-08	0.1	0.0003070228	7.044254e-06	0.1	0.0003070228	0.3887044	0.1	0.0003070228	0.5769846	0.1	0.0003070228	0.001376148	0.1	0.0003070228	4.74924e-06	0.1	0.0003070228	0.00797125	0.1	0.0003070228	7.007099e-06	0.1	0.0003070228	6.396011e-07	0.1	0.0003070228	1.722673e-10	0.1	0.0003070228	1.894064e-07	0.1	0.0003070228	4.940263e-14	0.1
0.00033192	0.01693431	0.1	0.00033192	3.532156e-08	0.1	0.00033192	7.610931e-06	0.1	0.00033192	0.3881131	0.1	0.00033192	0.5761068	0.1	0.00033192	0.001375202	0.1	0.00033192	4.743838e-06	0.1	0.00033192	0.0087189	0.1	0.00033192	6.999129e-06	0.1	0.00033192	6.388735e-07	0.1	0.00033192	1.932788e-10	0.1	0.00033192	1.891909e-07	0.1	0.00033192	4.934643e-14	0.1
0.0003577355	0.01690761	0.1	0.0003577355	3.530484e-08	0.1	0.0003577355	8.196674e-06	0.1	0.0003577355	0.3875012	0.1	0.0003577355	0.5751985	0.1	0.0003577355	0.001373751	0.1	0.0003577355	4.738246e-06	0.1	0.0003577355	0.009492798	0.1	0.0003577355	6.990879e-06	0.1	0.0003577355	6.381204e-07	0.1	0.0003577355	2.161477e-10	0.1	0.0003577355	1.889679e-07	0.1	0.0003577355	4.928827e-14	0.1
0.0003867724	0.01687765	0.1	0.0003867724	3.528605e-08	0.1	0.0003867724	8.853279e-06	0.1	0.0003867724	0.3868145	0.1	0.0003867724	0.5741792	0.1	0.0003867724	0.001371785	0.1	0.0003867724	4.73197e-06	0.1	0.0003867724	0.01036142	0.1	0.0003867724	6.981619e-06	0.1	0.0003867724	6.372752e-07	0.1	0.0003867724	2.431758e-10	0.1	0.0003867724	1.887176e-07	0.1	0.0003867724	4.922298e-14	0.1
0.0004179568	0.01684556	0.1	0.0004179568	3.526586e-08	0.1	0.0004179568	9.55582e-06	0.1	0.0004179568	0.386079	0.1	0.0004179568	0.5730874	0.1	0.0004179568	0.001369455	0.1	0.0004179568	4.725246e-06	0.1	0.0004179568	0.01129195	0.1	0.0004179568	6.971698e-06	0.1	0.0004179568	6.363696e-07	0.1	0.0004179568	2.737277e-10	0.1	0.0004179568	1.884494e-07	0.1	0.0004179568	4.915304e-14	0.1
0.0004533562	0.01680924	0.1	0.0004533562	3.524296e-08	0.1	0.0004533562	1.035004e-05	0.1	0.0004533562	0.3852466	0.1	0.0004533562	0.5718517	0.1	0.0004533562	0.00136667	0.1	0.0004533562	4.717634e-06	0.1	0.0004533562	0.0123452	0.1	0.0004533562	6.960467e-06	0.1	0.0004533562	6.353445e-07	0.1	0.0004533562	3.103009e-10	0.1	0.0004533562	1.881459e-07	0.1	0.0004533562	4.907386e-14	0.1
0.0004915656	0.01677016	0.1	0.0004915656	3.521824e-08	0.1	0.0004915656	1.120339e-05	0.1	0.0004915656	0.384351	0.1	0.0004915656	0.5705224	0.1	0.0004915656	0.001363586	0.1	0.0004915656	4.709443e-06	0.1	0.0004915656	0.01347835	0.1	0.0004915656	6.948383e-06	0.1	0.0004915656	6.342414e-07	0.1	0.0004915656	3.520043e-10	0.1	0.0004915656	1.878192e-07	0.1	0.0004915656	4.898866e-14	0.1
0.0005369047	0.01672397	0.1	0.0005369047	3.518894e-08	0.1	0.0005369047	1.221075e-05	0.1	0.0005369047	0.3832923	0.1	0.0005369047	0.5689509	0.1	0.0005369047	0.001359886	0.1	0.0005369047	4.699759e-06	0.1	0.0005369047	0.01481789	0.1	0.0005369047	6.934094e-06	0.1	0.0005369047	6.329372e-07	0.1	0.0005369047	4.04439e-10	0.1	0.0005369047	1.87433e-07	0.1	0.0005369047	4.888792e-14	0.1
0.0005883261	0.01667181	0.1	0.0005883261	3.515573e-08	0.1	0.0005883261	1.334642e-05	0.1	0.0005883261	0.3820969	0.1	0.0005883261	0.5671764	0.1	0.0005883261	0.00135568	0.1	0.0005883261	4.688821e-06	0.1	0.0005883261	0.01633052	0.1	0.0005883261	6.917956e-06	0.1	0.0005883261	6.31464e-07	0.1	0.0005883261	4.677028e-10	0.1	0.0005883261	1.869967e-07	0.1	0.0005883261	4.877413e-14	0.1
0.0006461973	0.01661339	0.1	0.0006461973	3.511838e-08	0.1	0.0006461973	1.461591e-05	0.1	0.0006461973	0.3807581	0.1	0.0006461973	0.5651892	0.1	0.0006461973	0.001350959	0.1	0.0006461973	4.676568e-06	0.1	0.0006461973	0.01802448	0.1	0.0006461973	6.899877e-06	0.1	0.0006461973	6.298138e-07	0.1	0.0006461973	5.436006e-10	0.1	0.0006461973	1.865081e-07	0.1	0.0006461973	4.864667e-14	0.1
0.0007199271	0.01653941	0.1	0.0007199271	3.507086e-08	0.1	0.0007199271	1.622017e-05	0.1	0.0007199271	0.3790626	0.1	0.0007199271	0.5626724	0.1	0.0007199271	0.001344977	0.1	0.0007199271	4.661044e-06	0.1	0.0007199271	0.02016986	0.1	0.0007199271	6.876972e-06	0.1	0.0007199271	6.277232e-07	0.1	0.0007199271	6.472573e-10	0.1	0.0007199271	1.858889e-07	0.1	0.0007199271	4.848519e-14	0.1
0.0008096671	0.01645003	0.1	0.0008096671	3.501309e-08	0.1	0.0008096671	1.815316e-05	0.1	0.0008096671	0.377014	0.1	0.0008096671	0.5596315	0.1	0.0008096671	0.001337751	0.1	0.0008096671	4.642279e-06	0.1	0.0008096671	0.02276197	0.1	0.0008096671	6.849287e-06	0.1	0.0008096671	6.25196e-07	0.1	0.0008096671	7.834458e-10	0.1	0.0008096671	1.851406e-07	0.1	0.0008096671	4.829e-14	0.1
0.0009197463	0.01634136	0.1	0.0009197463	3.494234e-08	0.1	0.0009197463	2.049517e-05	0.1	0.0009197463	0.3745235	0.1	0.0009197463	0.5559347	0.1	0.0009197463	0.001328973	0.1	0.0009197463	4.619455e-06	0.1	0.0009197463	0.0259132	0.1	0.0009197463	6.815612e-06	0.1	0.0009197463	6.221222e-07	0.1	0.0009197463	9.644988e-10	0.1	0.0009197463	1.842303e-07	0.1	0.0009197463	4.805257e-14	0.1
0.001068489	0.01619622	0.1	0.001068489	3.484695e-08	0.1	0.001068489	2.360968e-05	0.1	0.001068489	0.371197	0.1	0.001068489	0.5509969	0.1	0.001068489	0.001317259	0.1	0.001068489	4.588948e-06	0.1	0.001068489	0.03012233	0.1	0.001068489	6.7706e-06	0.1	0.001068489	6.180136e-07	0.1	0.001068489	1.231056e-09	0.1	0.001068489	1.830136e-07	0.1	0.001068489	4.773523e-14	0.1
0.001336225	0.01593974	0.1	0.001336225	3.467582e-08	0.1	0.001336225	2.90741e-05	0.1	0.001336225	0.3653188	0.1	0.001336225	0.5422713	0.1	0.001336225	0.001296595	0.1	0.001336225	4.534979e-06	0.1	0.001336225	0.03756021	0.1	0.001336225	6.690973e-06	0.1	0.001336225	6.107453e-07	0.1	0.001336225	1.761417e-09	0.1	0.001336225	1.808613e-07	0.1	0.001336225	4.717383e-14	0.1
0.0018122	0.01549838	0.1	0.0018122	3.437345e-08	0.1	0.0018122	3.835625e-05	0.1	0.0018122	0.3552033	0.1	0.0018122	0.5272562	0.1	0.0018122	0.001261141	0.1	0.0018122	4.44192e-06	0.1	0.0018122	0.05035956	0.1	0.0018122	6.553671e-06	0.1	0.0018122	5.982125e-07	0.1	0.0018122	2.787223e-09	0.1	0.0018122	1.771499e-07	0.1	0.0018122	4.62058e-14	0.1
0.002645157	0.01476815	0.1	0.002645157	3.384992e-08	0.1	0.002645157	5.335691e-05	0.1	0.002645157	0.3384673	0.1	0.002645157	0.5024136	0.1	0.002645157	0.001202785	0.1	0.002645157	4.287397e-06	0.1	0.002645157	0.071536	0.1	0.002645157	6.325684e-06	0.1	0.002645157	5.774021e-07	0.1	0.002645157	4.458097e-09	0.1	0.002645157	1.709873e-07	0.1	0.002645157	4.459842e-14	0.1
0.003835096	0.01380915	0.1	0.003835096	3.311422e-08	0.1	0.003835096	7.231836e-05	0.1	0.003835096	0.3164884	0.1	0.003835096	0.4697886	0.1	0.003835096	0.001126764	0.1	0.003835096	4.083297e-06	0.1	0.003835096	0.09934651	0.1	0.003835096	6.024548e-06	0.1	0.003835096	5.499146e-07	0.1	0.003835096	6.033049e-09	0.1	0.003835096	1.628474e-07	0.1	0.003835096	4.24753e-14	0.1
0.00589509	0.01234931	0.1	0.00589509	3.187348e-08	0.1	0.00589509	9.933016e-05	0.1	0.00589509	0.2830306	0.1	0.00589509	0.4201246	0.1	0.00589509	0.001012523	0.1	0.00589509	3.769594e-06	0.1	0.00589509	0.1416818	0.1	0.00589509	5.561703e-06	0.1	0.00589509	5.076664e-07	0.1	0.00589509	7.332069e-09	0.1	0.00589509	1.503364e-07	0.1	0.00589509	3.921208e-14	0.1
0.007955084	0.01109894	0.1	0.007955084	3.067292e-08	0.1	0.007955084	0.0001203519	0.1	0.007955084	0.2543737	0.1	0.007955084	0.3775869	0.1	0.007955084	0.0009162838	0.1	0.007955084	3.497369e-06	0.1	0.007955084	0.1779426	0.1	0.007955084	5.160055e-06	0.1	0.007955084	4.710043e-07	0.1	0.007955084	8.00255e-09	0.1	0.007955084	1.394795e-07	0.1	0.007955084	3.638031e-14	0.1
