Batch	m_SP	13	P5	W1	W2	W3	W4	W5	W6	R	P1	P2	P3	P4	P6																							
2.975131e-12	9.80966790234e-06	0.1	2.975131e-12	1.457924e-118	0.1	2.975131e-12	1.457924e-118	0.1	2.975131e-12	8.832508e-11	0.1	2.975131e-12	1.457924e-118	0.1	2.975131e-12	7.559217e-09	0.1	2.975131e-12	1.457924e-118	0.1	2.975131e-12	2.68234e-08	0.1	2.975131e-12	1.631242e-08	0.1	2.975131e-12	7.440378e-08	0.1	2.975131e-12	6.463647e-08	0.1	2.975131e-12	3.806197e-10	0.1	2.975131e-12	2.940876e-11	0.1
6.521668e-12	9.5880061601597e-06	0.1	6.521668e-12	3.215859e-118	0.1	6.521668e-12	3.215859e-118	0.1	6.521668e-12	1.950807e-10	0.1	6.521668e-12	3.215859e-118	0.1	6.521668e-12	1.661358e-08	0.1	6.521668e-12	3.215859e-118	0.1	6.521668e-12	5.877422e-08	0.1	6.521668e-12	3.704237e-08	0.1	6.521668e-12	1.601254e-07	0.1	6.521668e-12	1.382431e-07	0.1	6.521668e-12	8.395998e-10	0.1	6.521668e-12	6.362996e-11	0.1
1.343666e-11	9.171263452158602e-06	0.1	1.343666e-11	6.705724e-118	0.1	1.343666e-11	6.705724e-118	0.1	1.343666e-11	4.07437e-10	0.1	1.343666e-11	6.705724e-118	0.1	1.343666e-11	3.438174e-08	0.1	1.343666e-11	6.705724e-118	0.1	1.343666e-11	1.209471e-07	0.1	1.343666e-11	8.126396e-08	0.1	1.343666e-11	3.182525e-07	0.1	1.343666e-11	2.715132e-07	0.1	1.343666e-11	1.749472e-09	0.1	1.343666e-11	1.277685e-10	0.1
2.572997e-11	8.478075827094399e-06	0.1	2.572997e-11	1.311133e-117	0.1	2.572997e-11	1.311133e-117	0.1	2.572997e-11	7.967026e-10	0.1	2.572997e-11	1.311133e-117	0.1	2.572997e-11	6.623195e-08	0.1	2.572997e-11	1.311133e-117	0.1	2.572997e-11	2.308259e-07	0.1	2.572997e-11	1.711626e-07	0.1	2.572997e-11	5.714808e-07	0.1	2.572997e-11	4.776975e-07	0.1	2.572997e-11	3.408143e-09	0.1	2.572997e-11	2.335293e-10	0.1
4.257233e-11	7.6191094746563e-06	0.1	4.257233e-11	2.229856e-117	0.1	4.257233e-11	2.229856e-117	0.1	4.257233e-11	1.348487e-09	0.1	4.257233e-11	2.229856e-117	0.1	4.257233e-11	1.100898e-07	0.1	4.257233e-11	2.229856e-117	0.1	4.257233e-11	3.793092e-07	0.1	4.257233e-11	3.143351e-07	0.1	4.257233e-11	8.652861e-07	0.1	4.257233e-11	7.043367e-07	0.1	4.257233e-11	5.743088e-09	0.1	4.257233e-11	3.619096e-10	0.1
6.531755e-11	6.605830674465599e-06	0.1	6.531755e-11	3.54375e-117	0.1	6.531755e-11	3.54375e-117	0.1	6.531755e-11	2.114041e-09	0.1	6.531755e-11	3.54375e-117	0.1	6.531755e-11	1.69007e-07	0.1	6.531755e-11	3.54375e-117	0.1	6.531755e-11	5.745608e-07	0.1	6.531755e-11	5.363443e-07	0.1	6.531755e-11	1.176453e-06	0.1	6.531755e-11	9.261528e-07	0.1	6.531755e-11	8.958975e-09	0.1	6.531755e-11	5.069196e-10	0.1
8.806278e-11	5.737523443956e-06	0.1	8.806278e-11	4.938083e-117	0.1	8.806278e-11	4.938083e-117	0.1	8.806278e-11	2.887657e-09	0.1	8.806278e-11	4.938083e-117	0.1	8.806278e-11	2.267779e-07	0.1	8.806278e-11	4.938083e-117	0.1	8.806278e-11	7.622075e-07	0.1	8.806278e-11	7.817928e-07	0.1	8.806278e-11	1.404116e-06	0.1	8.806278e-11	1.07182e-06	0.1	8.806278e-11	1.2188e-08	0.1	8.806278e-11	6.222378e-10	0.1
1.210449e-10	4.6918007593324e-06	0.1	1.210449e-10	7.093783e-117	0.1	1.210449e-10	7.093783e-117	0.1	1.210449e-10	3.997333e-09	0.1	1.210449e-10	7.093783e-117	0.1	1.210449e-10	3.072295e-07	0.1	1.210449e-10	7.093783e-117	0.1	1.210449e-10	1.018526e-06	0.1	1.210449e-10	1.162171e-06	0.1	1.210449e-10	1.614926e-06	0.1	1.210449e-10	1.183758e-06	0.1	1.210449e-10	1.679336e-08	0.1	1.210449e-10	7.434162e-10	0.1
1.54027e-10	3.8507727094784e-06	0.1	1.54027e-10	9.395024e-117	0.1	1.54027e-10	9.395024e-117	0.1	1.54027e-10	5.067269e-09	0.1	1.54027e-10	9.395024e-117	0.1	1.54027e-10	3.826163e-07	0.1	1.54027e-10	9.395024e-117	0.1	1.54027e-10	1.254517e-06	0.1	1.54027e-10	1.553846e-06	0.1	1.54027e-10	1.717112e-06	0.1	1.54027e-10	1.213993e-06	0.1	1.54027e-10	2.121262e-08	0.1	1.54027e-10	8.188609e-10	0.1
1.870091e-10	3.1718914960844e-06	0.1	1.870091e-10	1.182726e-116	0.1	1.870091e-10	1.182726e-116	0.1	1.870091e-10	6.078582e-09	0.1	1.870091e-10	1.182726e-116	0.1	1.870091e-10	4.522066e-07	0.1	1.870091e-10	1.182726e-116	0.1	1.870091e-10	1.469561e-06	0.1	1.870091e-10	1.942379e-06	0.1	1.870091e-10	1.740264e-06	0.1	1.870091e-10	1.191348e-06	0.1	1.870091e-10	2.537648e-08	0.1	1.870091e-10	8.576488e-10	0.1
2.199913e-10	2.621875293232e-06	0.1	2.199913e-10	1.437628e-116	0.1	2.199913e-10	1.437628e-116	0.1	2.199913e-10	7.02011e-09	0.1	2.199913e-10	1.437628e-116	0.1	2.199913e-10	5.156874e-07	0.1	2.199913e-10	1.437628e-116	0.1	2.199913e-10	1.663939e-06	0.1	2.199913e-10	2.31783e-06	0.1	2.199913e-10	1.707625e-06	0.1	2.199913e-10	1.135878e-06	0.1	2.199913e-10	2.924544e-08	0.1	2.199913e-10	8.678265e-10	0.1
2.529734e-10	2.174620467546e-06	0.1	2.529734e-10	1.702857e-116	0.1	2.529734e-10	1.702857e-116	0.1	2.529734e-10	7.886299e-09	0.1	2.529734e-10	1.702857e-116	0.1	2.529734e-10	5.730361e-07	0.1	2.529734e-10	1.702857e-116	0.1	2.529734e-10	1.838508e-06	0.1	2.529734e-10	2.673689e-06	0.1	2.529734e-10	1.637156e-06	0.1	2.529734e-10	1.061421e-06	0.1	2.529734e-10	3.280142e-08	0.1	2.529734e-10	8.563044e-10	0.1
2.859555e-10	1.80958885576e-06	0.1	2.859555e-10	1.977151e-116	0.1	2.859555e-10	1.977151e-116	0.1	2.859555e-10	8.675587e-09	0.1	2.859555e-10	1.977151e-116	0.1	2.859555e-10	6.244248e-07	0.1	2.859555e-10	1.977151e-116	0.1	2.859555e-10	1.994472e-06	0.1	2.859555e-10	3.006025e-06	0.1	2.859555e-10	1.542508e-06	0.1	2.859555e-10	9.774147e-07	0.1	2.859555e-10	3.604144e-08	0.1	2.859555e-10	8.288694e-10	0.1
3.189376e-10	1.510582585607e-06	0.1	3.189376e-10	2.25935e-116	0.1	3.189376e-10	2.25935e-116	0.1	3.189376e-10	9.389176e-09	0.1	3.189376e-10	2.25935e-116	0.1	3.189376e-10	6.70151e-07	0.1	3.189376e-10	2.25935e-116	0.1	3.189376e-10	2.133223e-06	0.1	3.189376e-10	3.312806e-06	0.1	3.189376e-10	1.433878e-06	0.1	3.189376e-10	8.901904e-07	0.1	3.189376e-10	3.897287e-08	0.1	3.189376e-10	7.902653e-10	0.1
3.546483e-10	1.2464961803956001e-06	0.1	3.546483e-10	2.572588e-116	0.1	3.546483e-10	2.572588e-116	0.1	3.546483e-10	1.008001e-08	0.1	3.546483e-10	2.572588e-116	0.1	3.546483e-10	7.137082e-07	0.1	3.546483e-10	2.572588e-116	0.1	3.546483e-10	2.265748e-06	0.1	3.546483e-10	3.615415e-06	0.1	3.546483e-10	1.3091e-06	0.1	3.546483e-10	7.968844e-07	0.1	3.546483e-10	4.181538e-08	0.1	3.546483e-10	7.402717e-10	0.1
3.944519e-10	1.010128433622e-06	0.1	3.944519e-10	2.929725e-116	0.1	3.944519e-10	2.929725e-116	0.1	3.944519e-10	1.07563e-08	0.1	3.944519e-10	2.929725e-116	0.1	3.944519e-10	7.555895e-07	0.1	3.944519e-10	2.929725e-116	0.1	3.944519e-10	2.393991e-06	0.1	3.944519e-10	3.917056e-06	0.1	3.944519e-10	1.169111e-06	0.1	3.944519e-10	6.980749e-07	0.1	3.944519e-10	4.460568e-08	0.1	3.944519e-10	6.789615e-10	0.1
4.342555e-10	8.217616763508201e-07	0.1	4.342555e-10	3.29388e-116	0.1	4.342555e-10	3.29388e-116	0.1	4.342555e-10	1.134218e-08	0.1	4.342555e-10	3.29388e-116	0.1	4.342555e-10	7.911612e-07	0.1	4.342555e-10	3.29388e-116	0.1	4.342555e-10	2.504103e-06	0.1	4.342555e-10	4.182905e-06	0.1	4.342555e-10	1.03399e-06	0.1	4.342555e-10	6.070832e-07	0.1	4.342555e-10	4.703286e-08	0.1	4.342555e-10	6.1549e-10	0.1
4.74059e-10	6.7093522681143e-07	0.1	4.74059e-10	3.663775e-116	0.1	4.74059e-10	3.663775e-116	0.1	4.74059e-10	1.184683e-08	0.1	4.74059e-10	3.663775e-116	0.1	4.74059e-10	8.211521e-07	0.1	4.74059e-10	3.663775e-116	0.1	4.74059e-10	2.598393e-06	0.1	4.74059e-10	4.41557e-06	0.1	4.74059e-10	9.074232e-07	0.1	4.74059e-10	5.249885e-07	0.1	4.74059e-10	4.913483e-08	0.1	4.74059e-10	5.526136e-10	0.1
5.203653e-10	5.3216284020546e-07	0.1	5.203653e-10	4.09987e-116	0.1	5.203653e-10	4.09987e-116	0.1	5.203653e-10	1.234374e-08	0.1	5.203653e-10	4.09987e-116	0.1	5.203653e-10	8.499298e-07	0.1	5.203653e-10	4.09987e-116	0.1	5.203653e-10	2.690956e-06	0.1	5.203653e-10	4.648466e-06	0.1	5.203653e-10	7.735097e-07	0.1	5.203653e-10	4.40929e-07	0.1	5.203653e-10	5.122011e-08	0.1	5.203653e-10	4.826552e-10	0.1
5.682972e-10	4.2048935720664e-07	0.1	5.682972e-10	4.556323e-116	0.1	5.682972e-10	4.556323e-116	0.1	5.682972e-10	1.276967e-08	0.1	5.682972e-10	4.556323e-116	0.1	5.682972e-10	8.737936e-07	0.1	5.682972e-10	4.556323e-116	0.1	5.682972e-10	2.770327e-06	0.1	5.682972e-10	4.851716e-06	0.1	5.682972e-10	6.511332e-07	0.1	5.682972e-10	3.663305e-07	0.1	5.682972e-10	5.302636e-08	0.1	5.682972e-10	4.156496e-10	0.1
6.162291e-10	3.3357852883745e-07	0.1	6.162291e-10	5.016568e-116	0.1	6.162291e-10	5.016568e-116	0.1	6.162291e-10	1.311917e-08	0.1	6.162291e-10	5.016568e-116	0.1	6.162291e-10	8.925901e-07	0.1	6.162291e-10	5.016568e-116	0.1	6.162291e-10	2.835752e-06	0.1	6.162291e-10	5.021709e-06	0.1	6.162291e-10	5.451124e-07	0.1	6.162291e-10	3.032579e-07	0.1	6.162291e-10	5.452877e-08	0.1	6.162291e-10	3.551482e-10	0.1
6.721353e-10	2.5578917013222e-07	0.1	6.721353e-10	5.556687e-116	0.1	6.721353e-10	5.556687e-116	0.1	6.721353e-10	1.344636e-08	0.1	6.721353e-10	5.556687e-116	0.1	6.721353e-10	9.09228e-07	0.1	6.721353e-10	5.556687e-116	0.1	6.721353e-10	2.897612e-06	0.1	6.721353e-10	5.184468e-06	0.1	6.721353e-10	4.407311e-07	0.1	6.721353e-10	2.424755e-07	0.1	6.721353e-10	5.596181e-08	0.1	6.721353e-10	2.932164e-10	0.1
7.30035e-10	1.9519212791868998e-07	0.1	7.30035e-10	6.118366e-116	0.1	7.30035e-10	6.118366e-116	0.1	7.30035e-10	1.371059e-08	0.1	7.30035e-10	6.118366e-116	0.1	7.30035e-10	9.215975e-07	0.1	7.30035e-10	6.118366e-116	0.1	7.30035e-10	2.948458e-06	0.1	7.30035e-10	5.319692e-06	0.1	7.30035e-10	3.521173e-07	0.1	7.30035e-10	1.918498e-07	0.1	7.30035e-10	5.715019e-08	0.1	7.30035e-10	2.3863e-10	0.1
7.926046e-10	1.4643259094695e-07	0.1	7.926046e-10	6.726542e-116	0.1	7.926046e-10	6.726542e-116	0.1	7.926046e-10	1.392813e-08	0.1	7.926046e-10	6.726542e-116	0.1	7.926046e-10	9.305699e-07	0.1	7.926046e-10	6.726542e-116	0.1	7.926046e-10	2.991501e-06	0.1	7.926046e-10	5.435133e-06	0.1	7.926046e-10	2.753778e-07	0.1	7.926046e-10	1.487094e-07	0.1	7.926046e-10	5.816524e-08	0.1	7.926046e-10	1.896912e-10	0.1
8.621789e-10	1.0693911089554e-07	0.1	8.621789e-10	7.402809e-116	0.1	8.621789e-10	7.402809e-116	0.1	8.621789e-10	1.41055e-08	0.1	8.621789e-10	7.402809e-116	0.1	8.621789e-10	9.364095e-07	0.1	8.621789e-10	7.402809e-116	0.1	8.621789e-10	3.028181e-06	0.1	8.621789e-10	5.534128e-06	0.1	8.621789e-10	2.090954e-07	0.1	8.621789e-10	1.119647e-07	0.1	8.621789e-10	5.903876e-08	0.1	8.621789e-10	1.46001e-10	0.1
