Batch	m_SP	13	W1	W2	W3	W4	W5	W6	R	P1	P2	P3	P4	P5	P6																							
1.459072e-11	0.9782633	0.1	1.459072e-11	8.612941e-10	0.1	1.459072e-11	5.0541e-10	0.1	1.459072e-11	0.01683131	0.1	1.459072e-11	0.004903496	0.1	1.459072e-11	2.578894e-07	0.1	1.459072e-11	9.252221e-08	0.1	1.459072e-11	1.238073e-07	0.1	1.459072e-11	4.735962e-07	0.1	1.459072e-11	9.644542e-08	0.1	1.459072e-11	1.02605e-12	0.1	1.459072e-11	2.128899e-08	0.1	1.459072e-11	9.481875e-14	0.1
2.696815e-11	0.9602156	0.1	2.696815e-11	1.581342e-09	0.1	2.696815e-11	9.282724e-10	0.1	2.696815e-11	0.0307392	0.1	2.696815e-11	0.009041775	0.1	2.696815e-11	4.738372e-07	0.1	2.696815e-11	1.699084e-07	0.1	2.696815e-11	2.273762e-07	0.1	2.696815e-11	8.699103e-07	0.1	2.696815e-11	1.771344e-07	0.1	2.696815e-11	1.883428e-12	0.1	2.696815e-11	3.910231e-08	0.1	2.696815e-11	1.740944e-13	0.1
4.425418e-11	0.9355981	0.1	4.425418e-11	2.571044e-09	0.1	4.425418e-11	1.510012e-09	0.1	4.425418e-11	0.04960822	0.1	4.425418e-11	0.01478805	0.1	4.425418e-11	7.711892e-07	0.1	4.425418e-11	2.763318e-07	0.1	4.425418e-11	3.698312e-07	0.1	4.425418e-11	1.415226e-06	0.1	4.425418e-11	2.881323e-07	0.1	4.425418e-11	3.061278e-12	0.1	4.425418e-11	6.361041e-08	0.1	4.425418e-11	2.830689e-13	0.1
6.821679e-11	0.902573	0.1	6.821679e-11	3.91321e-09	0.1	6.821679e-11	2.299931e-09	0.1	6.821679e-11	0.07472915	0.1	6.821679e-11	0.02268931	0.1	6.821679e-11	1.175453e-06	0.1	6.821679e-11	4.20765e-07	0.1	6.821679e-11	5.632126e-07	0.1	6.821679e-11	2.155863e-06	0.1	6.821679e-11	4.388346e-07	0.1	6.821679e-11	4.65746e-12	0.1	6.821679e-11	9.689218e-08	0.1	6.821679e-11	4.30874e-13	0.1
1.120383e-10	0.8453393	0.1	1.120383e-10	6.282043e-09	0.1	1.120383e-10	3.697101e-09	0.1	1.120383e-10	0.1177045	0.1	1.120383e-10	0.03694242	0.1	1.120383e-10	1.891929e-06	0.1	1.120383e-10	6.76005e-07	0.1	1.120383e-10	9.050985e-07	0.1	1.120383e-10	3.466317e-06	0.1	1.120383e-10	7.053296e-07	0.1	1.120383e-10	7.471391e-12	0.1	1.120383e-10	1.557673e-07	0.1	1.120383e-10	6.918096e-13	0.1
1.641942e-10	0.7822172	0.1	1.641942e-10	8.965852e-09	0.1	1.641942e-10	5.285162e-09	0.1	1.641942e-10	0.1641926	0.1	1.641942e-10	0.05357056	0.1	1.641942e-10	2.70855e-06	0.1	1.641942e-10	9.657278e-07	0.1	1.641942e-10	1.293424e-06	0.1	1.641942e-10	4.956412e-06	0.1	1.641942e-10	1.008111e-06	0.1	1.641942e-10	1.065447e-11	0.1	1.641942e-10	2.226948e-07	0.1	1.641942e-10	9.875701e-13	0.1
2.288517e-10	0.7108848	0.1	2.288517e-10	1.210492e-08	0.1	2.288517e-10	7.150397e-09	0.1	2.288517e-10	0.2154187	0.1	2.288517e-10	0.07366993	0.1	2.288517e-10	3.670793e-06	0.1	2.288517e-10	1.305414e-06	0.1	2.288517e-10	1.749106e-06	0.1	2.288517e-10	6.707164e-06	0.1	2.288517e-10	1.363507e-06	0.1	2.288517e-10	1.437071e-11	0.1	2.288517e-10	3.013071e-07	0.1	2.288517e-10	1.33372e-12	0.1
2.935092e-10	0.6465057	0.1	2.935092e-10	1.505467e-08	0.1	2.935092e-10	8.911852e-09	0.1	2.935092e-10	0.2602681	0.1	2.935092e-10	0.09319314	0.1	2.935092e-10	4.582561e-06	0.1	2.935092e-10	1.625512e-06	0.1	2.935092e-10	2.178955e-06	0.1	2.935092e-10	8.360786e-06	0.1	2.935092e-10	1.698823e-06	0.1	2.935092e-10	1.785623e-11	0.1	2.935092e-10	3.755388e-07	0.1	2.935092e-10	1.659263e-12	0.1
3.581667e-10	0.5883947	0.1	3.581667e-10	1.783335e-08	0.1	3.581667e-10	1.057996e-08	0.1	3.581667e-10	0.2994296	0.1	3.581667e-10	0.1121364	0.1	3.581667e-10	5.448707e-06	0.1	3.581667e-10	1.92794e-06	0.1	3.581667e-10	2.58553e-06	0.1	3.581667e-10	9.926684e-06	0.1	3.581667e-10	2.016011e-06	0.1	3.581667e-10	2.113392e-11	0.1	3.581667e-10	4.45819e-07	0.1	3.581667e-10	1.966225e-12	0.1
4.228242e-10	0.535935	0.1	4.228242e-10	2.045741e-08	0.1	4.228242e-10	1.216411e-08	0.1	4.228242e-10	0.333521	0.1	4.228242e-10	0.1304989	0.1	4.228242e-10	6.27361e-06	0.1	4.228242e-10	2.214427e-06	0.1	4.228242e-10	2.971136e-06	0.1	4.228242e-10	1.141335e-05	0.1	4.228242e-10	2.316834e-06	0.1	4.228242e-10	2.422441e-11	0.1	4.228242e-10	5.125344e-07	0.1	4.228242e-10	2.256431e-12	0.1
5.005348e-10	0.479581	0.1	5.005348e-10	2.342747e-08	0.1	5.005348e-10	1.396889e-08	0.1	5.005348e-10	0.3685646	0.1	5.005348e-10	0.1518026	0.1	5.005348e-10	7.21602e-06	0.1	5.005348e-10	2.539845e-06	0.1	5.005348e-10	3.409763e-06	0.1	5.005348e-10	1.310604e-05	0.1	5.005348e-10	2.658964e-06	0.1	5.005348e-10	2.77172e-11	0.1	5.005348e-10	5.884914e-07	0.1	5.005348e-10	2.585363e-12	0.1
5.782455e-10	0.4297287	0.1	5.782455e-10	2.621853e-08	0.1	5.782455e-10	1.567771e-08	0.1	5.782455e-10	0.3979358	0.1	5.782455e-10	0.1722773	0.1	5.782455e-10	8.110664e-06	0.1	5.782455e-10	2.846892e-06	0.1	5.782455e-10	3.824308e-06	0.1	5.782455e-10	1.470715e-05	0.1	5.782455e-10	2.9822e-06	0.1	5.782455e-10	3.099509e-11	0.1	5.782455e-10	6.60341e-07	0.1	5.782455e-10	2.895006e-12	0.1
6.559561e-10	0.385618	0.1	6.559561e-10	2.885089e-08	0.1	6.559561e-10	1.730213e-08	0.1	6.559561e-10	0.4223836	0.1	6.559561e-10	0.1919342	0.1	6.559561e-10	8.962956e-06	0.1	6.559561e-10	3.137697e-06	0.1	6.559561e-10	4.21761e-06	0.1	6.559561e-10	1.622714e-05	0.1	6.559561e-10	3.288715e-06	0.1	6.559561e-10	3.408345e-11	0.1	6.559561e-10	7.285598e-07	0.1	6.559561e-10	3.187607e-12	0.1
7.336667e-10	0.3465784	0.1	7.336667e-10	3.134248e-08	0.1	7.336667e-10	1.885236e-08	0.1	7.336667e-10	0.4425642	0.1	7.336667e-10	0.2107876	0.1	7.336667e-10	9.777684e-06	0.1	7.336667e-10	3.414143e-06	0.1	7.336667e-10	4.592176e-06	0.1	7.336667e-10	1.767528e-05	0.1	7.336667e-10	3.580428e-06	0.1	7.336667e-10	3.700467e-11	0.1	7.336667e-10	7.935685e-07	0.1	7.336667e-10	3.465151e-12	0.1
8.113774e-10	0.3120179	0.1	8.113774e-10	3.370914e-08	0.1	8.113774e-10	2.033742e-08	0.1	8.113774e-10	0.4590525	0.1	8.113774e-10	0.2288542	0.1	8.113774e-10	1.055908e-05	0.1	8.113774e-10	3.67789e-06	0.1	8.113774e-10	4.950218e-06	0.1	8.113774e-10	1.905973e-05	0.1	8.113774e-10	3.859032e-06	0.1	8.113774e-10	3.977851e-11	0.1	8.113774e-10	8.557383e-07	0.1	8.113774e-10	3.729389e-12	0.1
8.89088e-10	0.2814144	0.1	8.89088e-10	3.596487e-08	0.1	8.89088e-10	2.176526e-08	0.1	8.89088e-10	0.4723521	0.1	8.89088e-10	0.2461529	0.1	8.89088e-10	1.131089e-05	0.1	8.89088e-10	3.930405e-06	0.1	8.89088e-10	5.293688e-06	0.1	8.89088e-10	2.038771e-05	0.1	8.89088e-10	4.126022e-06	0.1	8.89088e-10	4.242239e-11	0.1	8.89088e-10	9.153968e-07	0.1	8.89088e-10	3.981867e-12	0.1
9.667986e-10	0.2543069	0.1	9.667986e-10	3.812202e-08	0.1	9.667986e-10	2.314289e-08	0.1	9.667986e-10	0.4829033	0.1	9.667986e-10	0.2627041	0.1	9.667986e-10	1.203642e-05	0.1	9.667986e-10	4.172983e-06	0.1	9.667986e-10	5.624311e-06	0.1	9.667986e-10	2.166559e-05	0.1	9.667986e-10	4.382718e-06	0.1	9.667986e-10	4.49517e-11	0.1	9.667986e-10	9.728332e-07	0.1	9.667986e-10	4.223948e-12	0.1
1.044509e-09	0.2302885	0.1	1.044509e-09	4.019152e-08	0.1	1.044509e-09	2.447652e-08	0.1	1.044509e-09	0.4910913	0.1	1.044509e-09	0.2785296	0.1	1.044509e-09	1.273862e-05	0.1	1.044509e-09	4.406767e-06	0.1	1.044509e-09	5.943609e-06	0.1	1.044509e-09	2.289899e-05	0.1	1.044509e-09	4.630286e-06	0.1	1.044509e-09	4.738002e-11	0.1	1.044509e-09	1.028303e-06	0.1	1.044509e-09	4.456837e-12	0.1
1.12222e-09	0.2090002	0.1	1.12222e-09	4.218303e-08	0.1	1.12222e-09	2.577161e-08	0.1	1.12222e-09	0.4972527	0.1	1.12222e-09	0.2936517	0.1	1.12222e-09	1.342006e-05	0.1	1.12222e-09	4.632767e-06	0.1	1.12222e-09	6.252928e-06	0.1	1.12222e-09	2.40929e-05	0.1	1.12222e-09	4.869753e-06	0.1	1.12222e-09	4.971932e-11	0.1	1.12222e-09	1.08203e-06	0.1	1.12222e-09	4.681595e-12	0.1
1.199931e-09	0.1901251	0.1	1.199931e-09	4.410507e-08	0.1	1.199931e-09	2.703298e-08	0.1	1.199931e-09	0.5016814	0.1	1.199931e-09	0.3080936	0.1	1.199931e-09	1.408306e-05	0.1	1.199931e-09	4.851876e-06	0.1	1.199931e-09	6.553455e-06	0.1	1.199931e-09	2.52517e-05	0.1	1.199931e-09	5.102028e-06	0.1	1.199931e-09	5.198019e-11	0.1	1.199931e-09	1.134215e-06	0.1	1.199931e-09	4.899162e-12	0.1
1.277641e-09	0.1733832	0.1	1.277641e-09	4.596519e-08	0.1	1.277641e-09	2.826491e-08	0.1	1.277641e-09	0.5046336	0.1	1.277641e-09	0.3218788	0.1	1.277641e-09	1.472964e-05	0.1	1.277641e-09	5.064882e-06	0.1	1.277641e-09	6.84624e-06	0.1	1.277641e-09	2.637927e-05	0.1	1.277641e-09	5.327913e-06	0.1	1.277641e-09	5.417197e-11	0.1	1.277641e-09	1.185031e-06	0.1	1.277641e-09	5.110365e-12	0.1
1.355352e-09	0.1585277	0.1	1.355352e-09	4.777005e-08	0.1	1.355352e-09	2.947115e-08	0.1	1.355352e-09	0.5063328	0.1	1.355352e-09	0.3350308	0.1	1.355352e-09	1.536162e-05	0.1	1.355352e-09	5.272481e-06	0.1	1.355352e-09	7.132211e-06	0.1	1.355352e-09	2.747904e-05	0.1	1.355352e-09	5.548114e-06	0.1	1.355352e-09	5.63029e-11	0.1	1.355352e-09	1.234635e-06	0.1	1.355352e-09	5.315935e-12	0.1
1.433062e-09	0.1453403	0.1	1.433062e-09	4.952557e-08	0.1	1.433062e-09	3.065503e-08	0.1	1.433062e-09	0.5069735	0.1	1.433062e-09	0.3475732	0.1	1.433062e-09	1.598058e-05	0.1	1.433062e-09	5.475289e-06	0.1	1.433062e-09	7.412188e-06	0.1	1.433062e-09	2.855402e-05	0.1	1.433062e-09	5.763257e-06	0.1	1.433062e-09	5.838027e-11	0.1	1.433062e-09	1.283162e-06	0.1	1.433062e-09	5.516517e-12	0.1
1.510773e-09	0.1336285	0.1	1.510773e-09	5.123695e-08	0.1	1.510773e-09	3.181948e-08	0.1	1.510773e-09	0.5067248	0.1	1.510773e-09	0.3595296	0.1	1.510773e-09	1.658795e-05	0.1	1.510773e-09	5.673849e-06	0.1	1.510773e-09	7.686897e-06	0.1	1.510773e-09	2.96069e-05	0.1	1.510773e-09	5.973892e-06	0.1	1.510773e-09	6.041051e-11	0.1	1.510773e-09	1.330732e-06	0.1	1.510773e-09	5.712681e-12	0.1
1.597902e-09	0.1220423	0.1	1.597902e-09	5.310896e-08	0.1	1.597902e-09	3.310515e-08	0.1	1.597902e-09	0.5055693	0.1	1.597902e-09	0.3722666	0.1	1.597902e-09	1.725671e-05	0.1	1.597902e-09	5.892014e-06	0.1	1.597902e-09	7.989424e-06	0.1	1.597902e-09	3.076401e-05	0.1	1.597902e-09	6.205295e-06	0.1	1.597902e-09	6.263777e-11	0.1	1.597902e-09	1.383063e-06	0.1	1.597902e-09	5.927985e-12	0.1
1.691309e-09	0.111206	0.1	1.691309e-09	5.506716e-08	0.1	1.691309e-09	3.44636e-08	0.1	1.691309e-09	0.5034953	0.1	1.691309e-09	0.3851721	0.1	1.691309e-09	1.796099e-05	0.1	1.691309e-09	6.121316e-06	0.1	1.691309e-09	8.308191e-06	0.1	1.691309e-09	3.198024e-05	0.1	1.691309e-09	6.44844e-06	0.1	1.691309e-09	6.497564e-11	0.1	1.691309e-09	1.438126e-06	0.1	1.691309e-09	6.154043e-12	0.1
1.784717e-09	0.101791	0.1	1.784717e-09	5.698093e-08	0.1	1.784717e-09	3.580482e-08	0.1	1.784717e-09	0.5007379	0.1	1.784717e-09	0.3973397	0.1	1.784717e-09	1.865382e-05	0.1	1.784717e-09	6.346491e-06	0.1	1.784717e-09	8.622031e-06	0.1	1.784717e-09	3.317439e-05	0.1	1.784717e-09	6.687103e-06	0.1	1.784717e-09	6.726918e-11	0.1	1.784717e-09	1.492252e-06	0.1	1.784717e-09	6.375818e-12	0.1
1.878124e-09	0.09360406	0.1	1.878124e-09	5.885555e-08	0.1	1.878124e-09	3.713175e-08	0.1	1.878124e-09	0.4974529	0.1	1.878124e-09	0.408807	0.1	1.878124e-09	1.933664e-05	0.1	1.878124e-09	6.568088e-06	0.1	1.878124e-09	8.931677e-06	0.1	1.878124e-09	3.434916e-05	0.1	1.878124e-09	6.921837e-06	0.1	1.878124e-09	6.952488e-11	0.1	1.878124e-09	1.545561e-06	0.1	1.878124e-09	6.593883e-12	0.1
1.971532e-09	0.08647859	0.1	1.971532e-09	6.069561e-08	0.1	1.971532e-09	3.844695e-08	0.1	1.971532e-09	0.4937704	0.1	1.971532e-09	0.4196103	0.1	1.971532e-09	2.001072e-05	0.1	1.971532e-09	6.786581e-06	0.1	1.971532e-09	9.237765e-06	0.1	1.971532e-09	3.550686e-05	0.1	1.971532e-09	7.153116e-06	0.1	1.971532e-09	7.174833e-11	0.1	1.971532e-09	1.598156e-06	0.1	1.971532e-09	6.80873e-12	0.1
2.064939e-09	0.08027109	0.1	2.064939e-09	6.250504e-08	0.1	2.064939e-09	3.97526e-08	0.1	2.064939e-09	0.4897989	0.1	2.064939e-09	0.4297848	0.1	2.064939e-09	2.067717e-05	0.1	2.064939e-09	7.002379e-06	0.1	2.064939e-09	9.540843e-06	0.1	2.064939e-09	3.664948e-05	0.1	2.064939e-09	7.381347e-06	0.1	2.064939e-09	7.394435e-11	0.1	2.064939e-09	1.650127e-06	0.1	2.064939e-09	7.020782e-12	0.1
2.158347e-09	0.07485783	0.1	2.158347e-09	6.428727e-08	0.1	2.158347e-09	4.10506e-08	0.1	2.158347e-09	0.4856285	0.1	2.158347e-09	0.4393639	0.1	2.158347e-09	2.133693e-05	0.1	2.158347e-09	7.215832e-06	0.1	2.158347e-09	9.841384e-06	0.1	2.158347e-09	3.777873e-05	0.1	2.158347e-09	7.606883e-06	0.1	2.158347e-09	7.611709e-11	0.1	2.158347e-09	1.70155e-06	0.1	2.158347e-09	7.230404e-12	0.1
2.251754e-09	0.07013212	0.1	2.251754e-09	6.604526e-08	0.1	2.251754e-09	4.234258e-08	0.1	2.251754e-09	0.4813335	0.1	2.251754e-09	0.4483802	0.1	2.251754e-09	2.199084e-05	0.1	2.251754e-09	7.427248e-06	0.1	2.251754e-09	1.01398e-05	0.1	2.251754e-09	3.88961e-05	0.1	2.251754e-09	7.830024e-06	0.1	2.251754e-09	7.827017e-11	0.1	2.251754e-09	1.75249e-06	0.1	2.251754e-09	7.437911e-12	0.1
2.345162e-09	0.06600196	0.1	2.345162e-09	6.778157e-08	0.1	2.345162e-09	4.362994e-08	0.1	2.345162e-09	0.476975	0.1	2.345162e-09	0.4568644	0.1	2.345162e-09	2.263964e-05	0.1	2.345162e-09	7.636889e-06	0.1	2.345162e-09	1.043645e-05	0.1	2.345162e-09	4.000285e-05	0.1	2.345162e-09	8.05103e-06	0.1	2.345162e-09	8.040669e-11	0.1	2.345162e-09	1.803005e-06	0.1	2.345162e-09	7.643574e-12	0.1
2.438569e-09	0.06238795	0.1	2.438569e-09	6.949844e-08	0.1	2.438569e-09	4.49139e-08	0.1	2.438569e-09	0.4726028	0.1	2.438569e-09	0.4648462	0.1	2.438569e-09	2.328394e-05	0.1	2.438569e-09	7.844982e-06	0.1	2.438569e-09	1.073164e-05	0.1	2.438569e-09	4.11001e-05	0.1	2.438569e-09	8.270125e-06	0.1	2.438569e-09	8.252934e-11	0.1	2.438569e-09	1.853144e-06	0.1	2.438569e-09	7.847628e-12	0.1
2.531976e-09	0.0592216	0.1	2.531976e-09	7.119778e-08	0.1	2.531976e-09	4.619552e-08	0.1	2.531976e-09	0.4682573	0.1	2.531976e-09	0.4723538	0.1	2.531976e-09	2.392432e-05	0.1	2.531976e-09	8.051726e-06	0.1	2.531976e-09	1.102564e-05	0.1	2.531976e-09	4.218877e-05	0.1	2.531976e-09	8.4875e-06	0.1	2.531976e-09	8.464046e-11	0.1	2.531976e-09	1.902947e-06	0.1	2.531976e-09	8.050272e-12	0.1
2.625384e-09	0.05644377	0.1	2.625384e-09	7.288129e-08	0.1	2.625384e-09	4.74757e-08	0.1	2.625384e-09	0.4639707	0.1	2.625384e-09	0.4794138	0.1	2.625384e-09	2.456124e-05	0.1	2.625384e-09	8.25729e-06	0.1	2.625384e-09	1.131868e-05	0.1	2.625384e-09	4.32697e-05	0.1	2.625384e-09	8.703318e-06	0.1	2.625384e-09	8.674206e-11	0.1	2.625384e-09	1.952451e-06	0.1	2.625384e-09	8.251681e-12	0.1
2.722578e-09	0.05391092	0.1	2.722578e-09	7.461778e-08	0.1	2.722578e-09	4.880708e-08	0.1	2.722578e-09	0.4596004	0.1	2.722578e-09	0.4863125	0.1	2.722578e-09	2.522078e-05	0.1	2.722578e-09	8.470094e-06	0.1	2.722578e-09	1.162281e-05	0.1	2.722578e-09	4.438696e-05	0.1	2.722578e-09	8.926386e-06	0.1	2.722578e-09	8.892063e-11	0.1	2.722578e-09	2.003678e-06	0.1	2.722578e-09	8.460104e-12	0.1
2.834918e-09	0.05137403	0.1	2.834918e-09	7.660732e-08	0.1	2.834918e-09	5.034606e-08	0.1	2.834918e-09	0.4546919	0.1	2.834918e-09	0.4937527	0.1	2.834918e-09	2.597957e-05	0.1	2.834918e-09	8.714855e-06	0.1	2.834918e-09	1.197357e-05	0.1	2.834918e-09	4.566969e-05	0.1	2.834918e-09	9.182485e-06	0.1	2.834918e-09	9.143045e-11	0.1	2.834918e-09	2.062565e-06	0.1	2.834918e-09	8.699732e-12	0.1
2.947258e-09	0.04919432	0.1	2.947258e-09	7.857982e-08	0.1	2.947258e-09	5.18861e-08	0.1	2.947258e-09	0.4499607	0.1	2.947258e-09	0.5006586	0.1	2.947258e-09	2.673511e-05	0.1	2.947258e-09	8.958505e-06	0.1	2.947258e-09	1.232376e-05	0.1	2.947258e-09	4.694401e-05	0.1	2.947258e-09	9.436895e-06	0.1	2.947258e-09	9.393356e-11	0.1	2.947258e-09	2.121142e-06	0.1	2.947258e-09	8.938172e-12	0.1
3.059598e-09	0.04731715	0.1	3.059598e-09	8.053689e-08	0.1	3.059598e-09	5.342805e-08	0.1	3.059598e-09	0.445424	0.1	3.059598e-09	0.5070673	0.1	3.059598e-09	2.748788e-05	0.1	3.059598e-09	9.201203e-06	0.1	3.059598e-09	1.267362e-05	0.1	3.059598e-09	4.821064e-05	0.1	3.059598e-09	9.689763e-06	0.1	3.059598e-09	9.643188e-11	0.1	3.059598e-09	2.179442e-06	0.1	3.059598e-09	9.175584e-12	0.1
3.171938e-09	0.04569664	0.1	3.171938e-09	8.247987e-08	0.1	3.171938e-09	5.497262e-08	0.1	3.171938e-09	0.4410931	0.1	3.171938e-09	0.5130136	0.1	3.171938e-09	2.823829e-05	0.1	3.171938e-09	9.443084e-06	0.1	3.171938e-09	1.302334e-05	0.1	3.171938e-09	4.94702e-05	0.1	3.171938e-09	9.941211e-06	0.1	3.171938e-09	9.892702e-11	0.1	3.171938e-09	2.237491e-06	0.1	3.171938e-09	9.412101e-12	0.1
3.284279e-09	0.04429421	0.1	3.284279e-09	8.440992e-08	0.1	3.284279e-09	5.652041e-08	0.1	3.284279e-09	0.436974	0.1	3.284279e-09	0.5185301	0.1	3.284279e-09	2.898671e-05	0.1	3.284279e-09	9.684262e-06	0.1	3.284279e-09	1.337308e-05	0.1	3.284279e-09	5.072319e-05	0.1	3.284279e-09	1.019134e-05	0.1	3.284279e-09	1.014204e-10	0.1	3.284279e-09	2.295311e-06	0.1	3.284279e-09	9.647834e-12	0.1
3.396619e-09	0.04307738	0.1	3.396619e-09	8.632803e-08	0.1	3.396619e-09	5.807192e-08	0.1	3.396619e-09	0.4330688	0.1	3.396619e-09	0.5236471	0.1	3.396619e-09	2.973345e-05	0.1	3.396619e-09	9.924833e-06	0.1	3.396619e-09	1.372297e-05	0.1	3.396619e-09	5.197005e-05	0.1	3.396619e-09	1.044023e-05	0.1	3.396619e-09	1.039131e-10	0.1	3.396619e-09	2.352921e-06	0.1	3.396619e-09	9.882876e-12	0.1
3.508959e-09	0.04201879	0.1	3.508959e-09	8.823504e-08	0.1	3.508959e-09	5.962759e-08	0.1	3.508959e-09	0.4293765	0.1	3.508959e-09	0.5283929	0.1	3.508959e-09	3.047877e-05	0.1	3.508959e-09	1.016488e-05	0.1	3.508959e-09	1.407315e-05	0.1	3.508959e-09	5.321111e-05	0.1	3.508959e-09	1.068795e-05	0.1	3.508959e-09	1.064062e-10	0.1	3.508959e-09	2.410336e-06	0.1	3.508959e-09	1.011731e-11	0.1
3.639428e-09	0.04095767	0.1	3.639428e-09	9.04368e-08	0.1	3.639428e-09	6.143998e-08	0.1	3.639428e-09	0.4253511	0.1	3.639428e-09	0.5334737	0.1	3.639428e-09	3.13429e-05	0.1	3.639428e-09	1.04431e-05	0.1	3.639428e-09	1.448033e-05	0.1	3.639428e-09	5.464557e-05	0.1	3.639428e-09	1.097425e-05	0.1	3.639428e-09	1.093033e-10	0.1	3.639428e-09	2.476786e-06	0.1	3.639428e-09	1.038888e-11	0.1
3.77443e-09	0.04001975	0.1	3.77443e-09	9.270131e-08	0.1	3.77443e-09	6.332223e-08	0.1	3.77443e-09	0.4214745	0.1	3.77443e-09	0.5382822	0.1	3.77443e-09	3.223572e-05	0.1	3.77443e-09	1.073043e-05	0.1	3.77443e-09	1.490235e-05	0.1	3.77443e-09	5.612243e-05	0.1	3.77443e-09	1.126898e-05	0.1	3.77443e-09	1.12304e-10	0.1	3.77443e-09	2.545302e-06	0.1	3.77443e-09	1.066921e-11	0.1
3.909431e-09	0.03921759	0.1	3.909431e-09	9.495274e-08	0.1	3.909431e-09	6.521192e-08	0.1	3.909431e-09	0.4178799	0.1	3.909431e-09	0.542673	0.1	3.909431e-09	3.312748e-05	0.1	3.909431e-09	1.101728e-05	0.1	3.909431e-09	1.532522e-05	0.1	3.909431e-09	5.759204e-05	0.1	3.909431e-09	1.156224e-05	0.1	3.909431e-09	1.153088e-10	0.1	3.909431e-09	2.613584e-06	0.1	3.909431e-09	1.094891e-11	0.1
4.044433e-09	0.0385288	0.1	4.044433e-09	9.719183e-08	0.1	4.044433e-09	6.710941e-08	0.1	4.044433e-09	0.4145539	0.1	4.044433e-09	0.5466818	0.1	4.044433e-09	3.401845e-05	0.1	4.044433e-09	1.130373e-05	0.1	4.044433e-09	1.574904e-05	0.1	4.044433e-09	5.905466e-05	0.1	4.044433e-09	1.185407e-05	0.1	4.044433e-09	1.183186e-10	0.1	4.044433e-09	2.681642e-06	0.1	4.044433e-09	1.122805e-11	0.1
4.179434e-09	0.03793498	0.1	4.179434e-09	9.941921e-08	0.1	4.179434e-09	6.901498e-08	0.1	4.179434e-09	0.411482	0.1	4.179434e-09	0.5503416	0.1	4.179434e-09	3.490884e-05	0.1	4.179434e-09	1.158982e-05	0.1	4.179434e-09	1.617393e-05	0.1	4.179434e-09	6.051048e-05	0.1	4.179434e-09	1.214449e-05	0.1	4.179434e-09	1.213342e-10	0.1	4.179434e-09	2.749485e-06	0.1	4.179434e-09	1.150667e-11	0.1
4.319893e-09	0.03740174	0.1	4.319893e-09	1.017248e-07	0.1	4.319893e-09	7.100643e-08	0.1	4.319893e-09	0.4085396	0.1	4.319893e-09	0.5538111	0.1	4.319893e-09	3.583484e-05	0.1	4.319893e-09	1.188716e-05	0.1	4.319893e-09	1.661719e-05	0.1	4.319893e-09	6.201808e-05	0.1	4.319893e-09	1.24452e-05	0.1	4.319893e-09	1.244785e-10	0.1	4.319893e-09	2.819847e-06	0.1	4.319893e-09	1.179606e-11	0.1
4.482181e-09	0.03687511	0.1	4.482181e-09	1.043742e-07	0.1	4.482181e-09	7.331889e-08	0.1	4.482181e-09	0.4054399	0.1	4.482181e-09	0.5574303	0.1	4.482181e-09	3.69045e-05	0.1	4.482181e-09	1.223036e-05	0.1	4.482181e-09	1.7131e-05	0.1	4.482181e-09	6.375115e-05	0.1	4.482181e-09	1.279082e-05	0.1	4.482181e-09	1.281211e-10	0.1	4.482181e-09	2.900869e-06	0.1	4.482181e-09	1.212982e-11	0.1
4.644469e-09	0.03642789	0.1	4.644469e-09	1.070089e-07	0.1	4.644469e-09	7.564396e-08	0.1	4.644469e-09	0.4026374	0.1	4.644469e-09	0.560673	0.1	4.644469e-09	3.797413e-05	0.1	4.644469e-09	1.257323e-05	0.1	4.644469e-09	1.764667e-05	0.1	4.644469e-09	6.547486e-05	0.1	4.644469e-09	1.313448e-05	0.1	4.644469e-09	1.317746e-10	0.1	4.644469e-09	2.981599e-06	0.1	4.644469e-09	1.246299e-11	0.1
4.806757e-09	0.03604614	0.1	4.806757e-09	1.096293e-07	0.1	4.806757e-09	7.798187e-08	0.1	4.806757e-09	0.4001069	0.1	4.806757e-09	0.5635781	0.1	4.806757e-09	3.904397e-05	0.1	4.806757e-09	1.291582e-05	0.1	4.806757e-09	1.816432e-05	0.1	4.806757e-09	6.718928e-05	0.1	4.806757e-09	1.347621e-05	0.1	4.806757e-09	1.354399e-10	0.1	4.806757e-09	3.062042e-06	0.1	4.806757e-09	1.27956e-11	0.1
4.969045e-09	0.03571869	0.1	4.969045e-09	1.122359e-07	0.1	4.969045e-09	8.033279e-08	0.1	4.969045e-09	0.3978248	0.1	4.969045e-09	0.5661806	0.1	4.969045e-09	4.011421e-05	0.1	4.969045e-09	1.325818e-05	0.1	4.969045e-09	1.868402e-05	0.1	4.969045e-09	6.889445e-05	0.1	4.969045e-09	1.381601e-05	0.1	4.969045e-09	1.391176e-10	0.1	4.969045e-09	3.142197e-06	0.1	4.969045e-09	1.312766e-11	0.1
5.151358e-09	0.03540447	0.1	5.151358e-09	1.151481e-07	0.1	5.151358e-09	8.298949e-08	0.1	5.151358e-09	0.3955297	0.1	5.151358e-09	0.568782	0.1	5.151358e-09	4.131718e-05	0.1	5.151358e-09	1.364253e-05	0.1	5.151358e-09	1.927039e-05	0.1	5.151358e-09	7.079897e-05	0.1	5.151358e-09	1.419541e-05	0.1	5.151358e-09	1.432646e-10	0.1	5.151358e-09	3.2319e-06	0.1	5.151358e-09	1.350007e-11	0.1
5.34702e-09	0.03511927	0.1	5.34702e-09	1.182553e-07	0.1	5.34702e-09	8.585939e-08	0.1	5.34702e-09	0.3933505	0.1	5.34702e-09	0.571238	0.1	5.34702e-09	4.260929e-05	0.1	5.34702e-09	1.405476e-05	0.1	5.34702e-09	1.990281e-05	0.1	5.34702e-09	7.282991e-05	0.1	5.34702e-09	1.459984e-05	0.1	5.34702e-09	1.477341e-10	0.1	5.34702e-09	3.327766e-06	0.1	5.34702e-09	1.389904e-11	0.1
5.542682e-09	0.03487823	0.1	5.542682e-09	1.21344e-07	0.1	5.542682e-09	8.874876e-08	0.1	5.542682e-09	0.3914328	0.1	5.542682e-09	0.5733883	0.1	5.542682e-09	4.390269e-05	0.1	5.542682e-09	1.446677e-05	0.1	5.542682e-09	2.053854e-05	0.1	5.542682e-09	7.484725e-05	0.1	5.542682e-09	1.50014e-05	0.1	5.542682e-09	1.522241e-10	0.1	5.542682e-09	3.423212e-06	0.1	5.542682e-09	1.429728e-11	0.1
5.738344e-09	0.03467349	0.1	5.738344e-09	1.244148e-07	0.1	5.738344e-09	9.165775e-08	0.1	5.738344e-09	0.3897467	0.1	5.738344e-09	0.5752708	0.1	5.738344e-09	4.519759e-05	0.1	5.738344e-09	1.487857e-05	0.1	5.738344e-09	2.117768e-05	0.1	5.738344e-09	7.685091e-05	0.1	5.738344e-09	1.540007e-05	0.1	5.738344e-09	1.567351e-10	0.1	5.738344e-09	3.518231e-06	0.1	5.738344e-09	1.46948e-11	0.1
5.96597e-09	0.03447278	0.1	5.96597e-09	1.27965e-07	0.1	5.96597e-09	9.506676e-08	0.1	5.96597e-09	0.3880408	0.1	5.96597e-09	0.5771676	0.1	5.96597e-09	4.670616e-05	0.1	5.96597e-09	1.535741e-05	0.1	5.96597e-09	2.192565e-05	0.1	5.96597e-09	7.916448e-05	0.1	5.96597e-09	1.586017e-05	0.1	5.96597e-09	1.620104e-10	0.1	5.96597e-09	3.62823e-06	0.1	5.96597e-09	1.515635e-11	0.1
6.201588e-09	0.03429971	0.1	6.201588e-09	1.316152e-07	0.1	6.201588e-09	9.862365e-08	0.1	6.201588e-09	0.3865267	0.1	6.201588e-09	0.5788448	0.1	6.201588e-09	4.827033e-05	0.1	6.201588e-09	1.585284e-05	0.1	6.201588e-09	2.2705e-05	0.1	6.201588e-09	8.153932e-05	0.1	6.201588e-09	1.633219e-05	0.1	6.201588e-09	1.675028e-10	0.1	6.201588e-09	3.741468e-06	0.1	6.201588e-09	1.563308e-11	0.1
6.437206e-09	0.03415532	0.1	6.437206e-09	1.352408e-07	0.1	6.437206e-09	1.022093e-07	0.1	6.437206e-09	0.3852326	0.1	6.437206e-09	0.5802732	0.1	6.437206e-09	4.983745e-05	0.1	6.437206e-09	1.634805e-05	0.1	6.437206e-09	2.348969e-05	0.1	6.437206e-09	8.38936e-05	0.1	6.437206e-09	1.679983e-05	0.1	6.437206e-09	1.730284e-10	0.1	6.437206e-09	3.854061e-06	0.1	6.437206e-09	1.610876e-11	0.1
6.701368e-09	0.03402111	0.1	6.701368e-09	1.392768e-07	0.1	6.701368e-09	1.062637e-07	0.1	6.701368e-09	0.3840047	0.1	6.701368e-09	0.5816242	0.1	6.701368e-09	5.159817e-05	0.1	6.701368e-09	1.690303e-05	0.1	6.701368e-09	2.437593e-05	0.1	6.701368e-09	8.650829e-05	0.1	6.701368e-09	1.731885e-05	0.1	6.701368e-09	1.79264e-10	0.1	6.701368e-09	3.979514e-06	0.1	6.701368e-09	1.664079e-11	0.1
6.984559e-09	0.03390346	0.1	6.984559e-09	1.435705e-07	0.1	6.984559e-09	1.106505e-07	0.1	6.984559e-09	0.3829086	0.1	6.984559e-09	0.582826	0.1	6.984559e-09	5.349041e-05	0.1	6.984559e-09	1.749775e-05	0.1	6.984559e-09	2.53338e-05	0.1	6.984559e-09	8.928179e-05	0.1	6.984559e-09	1.786895e-05	0.1	6.984559e-09	1.859976e-10	0.1	6.984559e-09	4.113072e-06	0.1	6.984559e-09	1.720964e-11	0.1
7.267751e-09	0.0338076	0.1	7.267751e-09	1.478303e-07	0.1	7.267751e-09	1.150791e-07	0.1	7.267751e-09	0.3820023	0.1	7.267751e-09	0.5838163	0.1	7.267751e-09	5.538779e-05	0.1	7.267751e-09	1.809223e-05	0.1	7.267751e-09	2.629988e-05	0.1	7.267751e-09	9.202422e-05	0.1	7.267751e-09	1.841242e-05	0.1	7.267751e-09	1.927829e-10	0.1	7.267751e-09	4.245647e-06	0.1	7.267751e-09	1.777688e-11	0.1
7.587098e-09	0.03372032	0.1	7.587098e-09	1.52594e-07	0.1	7.587098e-09	1.201232e-07	0.1	7.587098e-09	0.3811672	0.1	7.587098e-09	0.5847253	0.1	7.587098e-09	5.753387e-05	0.1	7.587098e-09	1.876234e-05	0.1	7.587098e-09	2.739937e-05	0.1	7.587098e-09	9.507893e-05	0.1	7.587098e-09	1.90172e-05	0.1	7.587098e-09	2.004977e-10	0.1	7.587098e-09	4.393944e-06	0.1	7.587098e-09	1.841459e-11	0.1
7.930549e-09	0.03364591	0.1	7.930549e-09	1.576708e-07	0.1	7.930549e-09	1.256073e-07	0.1	7.930549e-09	0.3804482	0.1	7.930549e-09	0.5855046	0.1	7.930549e-09	5.984993e-05	0.1	7.930549e-09	1.948273e-05	0.1	7.930549e-09	2.859396e-05	0.1	7.930549e-09	9.831869e-05	0.1	7.930549e-09	1.96579e-05	0.1	7.930549e-09	2.088714e-10	0.1	7.930549e-09	4.551982e-06	0.1	7.930549e-09	1.909804e-11	0.1
8.274e-09	0.03358729	0.1	8.274e-09	1.627e-07	0.1	8.274e-09	1.311528e-07	0.1	8.274e-09	0.3798773	0.1	8.274e-09	0.5861199	0.1	8.274e-09	6.217458e-05	0.1	8.274e-09	2.020282e-05	0.1	8.274e-09	2.980134e-05	0.1	8.274e-09	0.0001015105	0.1	8.274e-09	2.028837e-05	0.1	8.274e-09	2.173258e-10	0.1	8.274e-09	4.708485e-06	0.1	8.274e-09	1.977896e-11	0.1
8.673062e-09	0.03353448	0.1	8.673062e-09	1.684846e-07	0.1	8.673062e-09	1.376731e-07	0.1	8.673062e-09	0.3793598	0.1	8.673062e-09	0.5866739	0.1	8.673062e-09	6.488683e-05	0.1	8.673062e-09	2.103913e-05	0.1	8.673062e-09	3.122055e-05	0.1	8.673062e-09	0.000105158	0.1	8.673062e-09	2.100788e-05	0.1	8.673062e-09	2.272526e-10	0.1	8.673062e-09	4.88836e-06	0.1	8.673062e-09	2.056685e-11	0.1
9.086027e-09	0.03349303	0.1	9.086027e-09	1.74405e-07	0.1	9.086027e-09	1.445073e-07	0.1	9.086027e-09	0.3789516	0.1	9.086027e-09	0.5871068	0.1	9.086027e-09	6.77066e-05	0.1	9.086027e-09	2.190416e-05	0.1	9.086027e-09	3.270797e-05	0.1	9.086027e-09	0.0001088624	0.1	9.086027e-09	2.173747e-05	0.1	9.086027e-09	2.376441e-10	0.1	9.086027e-09	5.072231e-06	0.1	9.086027e-09	2.137835e-11	0.1
9.498992e-09	0.03346168	0.1	9.498992e-09	1.802595e-07	0.1	9.498992e-09	1.514294e-07	0.1	9.498992e-09	0.3786417	0.1	9.498992e-09	0.5874314	0.1	9.498992e-09	7.053999e-05	0.1	9.498992e-09	2.276877e-05	0.1	9.498992e-09	3.421475e-05	0.1	9.498992e-09	0.0001124944	0.1	9.498992e-09	2.245161e-05	0.1	9.498992e-09	2.481586e-10	0.1	9.498992e-09	5.253748e-06	0.1	9.498992e-09	2.218582e-11	0.1
9.979871e-09	0.03343459	0.1	9.979871e-09	1.86995e-07	0.1	9.979871e-09	1.596001e-07	0.1	9.979871e-09	0.3783731	0.1	9.979871e-09	0.5877078	0.1	9.979871e-09	7.385686e-05	0.1	9.979871e-09	2.377502e-05	0.1	9.979871e-09	3.599404e-05	0.1	9.979871e-09	0.0001166312	0.1	9.979871e-09	2.326351e-05	0.1	9.979871e-09	2.605593e-10	0.1	9.979871e-09	5.462097e-06	0.1	9.979871e-09	2.312083e-11	0.1
1.047773e-08	0.03341432	0.1	1.047773e-08	1.938769e-07	0.1	1.047773e-08	1.681837e-07	0.1	1.047773e-08	0.3781715	0.1	1.047773e-08	0.58791	0.1	1.047773e-08	7.731107e-05	0.1	1.047773e-08	2.481615e-05	0.1	1.047773e-08	3.786448e-05	0.1	1.047773e-08	0.0001208082	0.1	1.047773e-08	2.408154e-05	0.1	1.047773e-08	2.735778e-10	0.1	1.047773e-08	5.674322e-06	0.1	1.047773e-08	2.40827e-11	0.1
1.097558e-08	0.0333997	0.1	1.097558e-08	2.006671e-07	0.1	1.097558e-08	1.768928e-07	0.1	1.097558e-08	0.3780257	0.1	1.097558e-08	0.5880509	0.1	1.097558e-08	8.078613e-05	0.1	1.097558e-08	2.585661e-05	0.1	1.097558e-08	3.9764e-05	0.1	1.097558e-08	0.0001248766	0.1	1.097558e-08	2.487648e-05	0.1	1.097558e-08	2.867812e-10	0.1	1.097558e-08	5.882953e-06	0.1	1.097558e-08	2.503808e-11	0.1
1.15369e-08	0.03338798	0.1	1.15369e-08	2.082146e-07	0.1	1.15369e-08	1.868614e-07	0.1	1.15369e-08	0.3779085	0.1	1.15369e-08	0.5881581	0.1	1.15369e-08	8.472937e-05	0.1	1.15369e-08	2.702885e-05	0.1	1.15369e-08	4.194075e-05	0.1	1.15369e-08	0.0001293325	0.1	1.15369e-08	2.574492e-05	0.1	1.15369e-08	3.018907e-10	0.1	1.15369e-08	6.113808e-06	0.1	1.15369e-08	2.610719e-11	0.1
1.214052e-08	0.03337925	0.1	1.214052e-08	2.162049e-07	0.1	1.214052e-08	1.977563e-07	0.1	1.214052e-08	0.3778207	0.1	1.214052e-08	0.5882315	0.1	1.214052e-08	8.89998e-05	0.1	1.214052e-08	2.828838e-05	0.1	1.214052e-08	4.432328e-05	0.1	1.214052e-08	0.0001339686	0.1	1.214052e-08	2.664584e-05	0.1	1.214052e-08	3.184039e-10	0.1	1.214052e-08	6.356841e-06	0.1	1.214052e-08	2.724703e-11	0.1
1.274413e-08	0.03337321	0.1	1.274413e-08	2.240669e-07	0.1	1.274413e-08	2.088305e-07	0.1	1.274413e-08	0.3777596	0.1	1.274413e-08	0.5882757	0.1	1.274413e-08	9.330131e-05	0.1	1.274413e-08	2.954678e-05	0.1	1.274413e-08	4.674913e-05	0.1	1.274413e-08	0.0001384436	0.1	1.274413e-08	2.751266e-05	0.1	1.274413e-08	3.351919e-10	0.1	1.274413e-08	6.594416e-06	0.1	1.274413e-08	2.837632e-11	0.1
1.344709e-08	0.03336838	0.1	1.344709e-08	2.330636e-07	0.1	1.344709e-08	2.219505e-07	0.1	1.344709e-08	0.3777104	0.1	1.344709e-08	0.5883035	0.1	1.344709e-08	9.83497e-05	0.1	1.344709e-08	3.101073e-05	0.1	1.344709e-08	4.962875e-05	0.1	1.344709e-08	0.0001434525	0.1	1.344709e-08	2.84794e-05	0.1	1.344709e-08	3.550879e-10	0.1	1.344709e-08	6.864168e-06	0.1	1.344709e-08	2.967771e-11	0.1
1.417488e-08	0.03336497	0.1	1.417488e-08	2.422013e-07	0.1	1.417488e-08	2.357831e-07	0.1	1.417488e-08	0.3776753	0.1	1.417488e-08	0.5883153	0.1	1.417488e-08	0.0001036201	0.1	1.417488e-08	3.252456e-05	0.1	1.417488e-08	5.267166e-05	0.1	1.417488e-08	0.0001484105	0.1	1.417488e-08	2.943232e-05	0.1	1.417488e-08	3.760753e-10	0.1	1.417488e-08	7.135585e-06	0.1	1.417488e-08	3.100898e-11	0.1
1.496351e-08	0.03336239	0.1	1.496351e-08	2.519037e-07	0.1	1.496351e-08	2.510535e-07	0.1	1.496351e-08	0.3776483	0.1	1.496351e-08	0.5883163	0.1	1.496351e-08	0.0001093804	0.1	1.496351e-08	3.41627e-05	0.1	1.496351e-08	5.603906e-05	0.1	1.496351e-08	0.0001535248	0.1	1.496351e-08	3.041068e-05	0.1	1.496351e-08	3.992582e-10	0.1	1.496351e-08	7.420667e-06	0.1	1.496351e-08	3.243246e-11	0.1
1.58434e-08	0.03336032	0.1	1.58434e-08	2.624896e-07	0.1	1.58434e-08	2.684295e-07	0.1	1.58434e-08	0.3776261	0.1	1.58434e-08	0.5883092	0.1	1.58434e-08	0.0001158663	0.1	1.58434e-08	3.598745e-05	0.1	1.58434e-08	5.98811e-05	0.1	1.58434e-08	0.0001589198	0.1	1.58434e-08	3.143713e-05	0.1	1.58434e-08	4.256557e-10	0.1	1.58434e-08	7.727722e-06	0.1	1.58434e-08	3.399654e-11	0.1
1.679885e-08	0.03335861	0.1	1.679885e-08	2.737054e-07	0.1	1.679885e-08	2.87692e-07	0.1	1.679885e-08	0.3776075	0.1	1.679885e-08	0.5882962	0.1	1.679885e-08	0.0001229769	0.1	1.679885e-08	3.796509e-05	0.1	1.679885e-08	6.415266e-05	0.1	1.679885e-08	0.0001644156	0.1	1.679885e-08	3.247614e-05	0.1	1.679885e-08	4.549394e-10	0.1	1.679885e-08	8.048115e-06	0.1	1.679885e-08	3.566527e-11	0.1
1.786761e-08	0.03335707	0.1	1.786761e-08	2.859158e-07	0.1	1.786761e-08	3.097128e-07	0.1	1.786761e-08	0.3775903	0.1	1.786761e-08	0.5882784	0.1	1.786761e-08	0.0001310107	0.1	1.786761e-08	4.017226e-05	0.1	1.786761e-08	6.905077e-05	0.1	1.786761e-08	0.0001701314	0.1	1.786761e-08	3.354867e-05	0.1	1.786761e-08	4.884365e-10	0.1	1.786761e-08	8.390703e-06	0.1	1.786761e-08	3.749437e-11	0.1
1.907556e-08	0.03335555	0.1	1.907556e-08	2.993019e-07	0.1	1.907556e-08	3.35184e-07	0.1	1.907556e-08	0.3775733	0.1	1.907556e-08	0.5882566	0.1	1.907556e-08	0.000140186	0.1	1.907556e-08	4.265997e-05	0.1	1.907556e-08	7.47343e-05	0.1	1.907556e-08	0.0001760663	0.1	1.907556e-08	3.465236e-05	0.1	1.907556e-08	5.271976e-10	0.1	1.907556e-08	8.758289e-06	0.1	1.907556e-08	3.951282e-11	0.1
2.043089e-08	0.03335401	0.1	2.043089e-08	3.138142e-07	0.1	2.043089e-08	3.64471e-07	0.1	2.043089e-08	0.3775558	0.1	2.043089e-08	0.5882315	0.1	2.043089e-08	0.0001505916	0.1	2.043089e-08	4.54418e-05	0.1	2.043089e-08	8.129014e-05	0.1	2.043089e-08	0.000182099	0.1	2.043089e-08	3.576203e-05	0.1	2.043089e-08	5.717666e-10	0.1	2.043089e-08	9.146754e-06	0.1	2.043089e-08	4.171466e-11	0.1
2.200462e-08	0.03335232	0.1	2.200462e-08	3.300166e-07	0.1	2.200462e-08	3.993744e-07	0.1	2.200462e-08	0.3775365	0.1	2.200462e-08	0.5882025	0.1	2.200462e-08	0.000162806	0.1	2.200462e-08	4.865831e-05	0.1	2.200462e-08	8.912743e-05	0.1	2.200462e-08	0.0001883318	0.1	2.200462e-08	3.689308e-05	0.1	2.200462e-08	6.248519e-10	0.1	2.200462e-08	9.567404e-06	0.1	2.200462e-08	4.41867e-11	0.1
2.389284e-08	0.03335038	0.1	2.389284e-08	3.485752e-07	0.1	2.389284e-08	4.424558e-07	0.1	2.389284e-08	0.3775144	0.1	2.389284e-08	0.5881684	0.1	2.389284e-08	0.0001776227	0.1	2.389284e-08	5.249659e-05	0.1	2.389284e-08	9.882915e-05	0.1	2.389284e-08	0.0001948156	0.1	2.389284e-08	3.804914e-05	0.1	2.389284e-08	6.902746e-10	0.1	2.389284e-08	1.003149e-05	0.1	2.389284e-08	4.703199e-11	0.1
2.611161e-08	0.03334819	0.1	2.611161e-08	3.692137e-07	0.1	2.611161e-08	4.946457e-07	0.1	2.611161e-08	0.3774894	0.1	2.611161e-08	0.5881294	0.1	2.611161e-08	0.0001952174	0.1	2.611161e-08	5.697467e-05	0.1	2.611161e-08	0.0001106109	0.1	2.611161e-08	0.0002012105	0.1	2.611161e-08	3.916301e-05	0.1	2.611161e-08	7.692947e-10	0.1	2.611161e-08	1.052453e-05	0.1	2.611161e-08	5.020769e-11	0.1
2.870827e-08	0.0333457	0.1	2.870827e-08	3.918551e-07	0.1	2.870827e-08	5.57705e-07	0.1	2.870827e-08	0.377461	0.1	2.870827e-08	0.5880853	0.1	2.870827e-08	0.0002159985	0.1	2.870827e-08	6.216693e-05	0.1	2.870827e-08	0.0001248704	0.1	2.870827e-08	0.000207264	0.1	2.870827e-08	4.018501e-05	0.1	2.870827e-08	8.643093e-10	0.1	2.870827e-08	1.103681e-05	0.1	2.870827e-08	5.369828e-11	0.1
3.222305e-08	0.03334245	0.1	3.222305e-08	4.200878e-07	0.1	3.222305e-08	6.461324e-07	0.1	3.222305e-08	0.377424	0.1	3.222305e-08	0.5880276	0.1	3.222305e-08	0.000244334	0.1	3.222305e-08	6.910284e-05	0.1	3.222305e-08	0.0001448798	0.1	3.222305e-08	0.0002134764	0.1	3.222305e-08	4.118626e-05	0.1	3.222305e-08	9.965007e-10	0.1	3.222305e-08	1.163345e-05	0.1	3.222305e-08	5.804969e-11	0.1
3.623932e-08	0.03333885	0.1	3.623932e-08	4.492395e-07	0.1	3.623932e-08	7.510001e-07	0.1	3.623932e-08	0.3773831	0.1	3.623932e-08	0.5879638	0.1	3.623932e-08	0.000276834	0.1	3.623932e-08	7.688443e-05	0.1	3.623932e-08	0.0001685954	0.1	3.623932e-08	0.0002184654	0.1	3.623932e-08	4.193513e-05	0.1	3.623932e-08	1.151487e-09	0.1	3.623932e-08	1.220117e-05	0.1	3.623932e-08	6.252967e-11	0.1
4.102368e-08	0.03333468	0.1	4.102368e-08	4.800847e-07	0.1	4.102368e-08	8.805234e-07	0.1	4.102368e-08	0.3773357	0.1	4.102368e-08	0.58789	0.1	4.102368e-08	0.0003154997	0.1	4.102368e-08	8.593247e-05	0.1	4.102368e-08	0.0001978388	0.1	4.102368e-08	0.0002223598	0.1	4.102368e-08	4.245918e-05	0.1	4.102368e-08	1.340148e-09	0.1	4.102368e-08	1.275044e-05	0.1	4.102368e-08	6.724574e-11	0.1
4.754309e-08	0.03332913	0.1	4.754309e-08	5.161844e-07	0.1	4.754309e-08	1.063795e-06	0.1	4.754309e-08	0.3772727	0.1	4.754309e-08	0.5877918	0.1	4.754309e-08	0.0003677775	0.1	4.754309e-08	9.783407e-05	0.1	4.754309e-08	0.0002391301	0.1	4.754309e-08	0.0002254125	0.1	4.754309e-08	4.279388e-05	0.1	4.754309e-08	1.602127e-09	0.1	4.754309e-08	1.333019e-05	0.1	4.754309e-08	7.272887e-11	0.1
5.406251e-08	0.03332366	0.1	5.406251e-08	5.464467e-07	0.1	5.406251e-08	1.253533e-06	0.1	5.406251e-08	0.3772107	0.1	5.406251e-08	0.5876952	0.1	5.406251e-08	0.0004193198	0.1	5.406251e-08	0.000109199	0.1	5.406251e-08	0.0002818307	0.1	5.406251e-08	0.0002269814	0.1	5.406251e-08	4.290345e-05	0.1	5.406251e-08	1.86795e-09	0.1	5.406251e-08	1.376756e-05	0.1	5.406251e-08	7.730097e-11	0.1
6.058193e-08	0.03331824	0.1	6.058193e-08	5.718115e-07	0.1	6.058193e-08	1.44858e-06	0.1	6.058193e-08	0.3771493	0.1	6.058193e-08	0.5875994	0.1	6.058193e-08	0.0004699714	0.1	6.058193e-08	0.0001199914	0.1	6.058193e-08	0.0003257709	0.1	6.058193e-08	0.0002277672	0.1	6.058193e-08	4.291336e-05	0.1	6.058193e-08	2.136486e-09	0.1	6.058193e-08	1.410224e-05	0.1	6.058193e-08	8.112867e-11	0.1
6.710135e-08	0.03331284	0.1	6.710135e-08	5.930691e-07	0.1	6.710135e-08	1.648028e-06	0.1	6.710135e-08	0.3770882	0.1	6.710135e-08	0.5875042	0.1	6.710135e-08	0.0005196599	0.1	6.710135e-08	0.0001301868	0.1	6.710135e-08	0.0003708496	0.1	6.710135e-08	0.0002281446	0.1	6.710135e-08	4.288477e-05	0.1	6.710135e-08	2.407124e-09	0.1	6.710135e-08	1.436128e-05	0.1	6.710135e-08	8.434845e-11	0.1
7.362077e-08	0.03330747	0.1	7.362077e-08	6.108834e-07	0.1	7.362077e-08	1.85115e-06	0.1	7.362077e-08	0.3770273	0.1	7.362077e-08	0.5874094	0.1	7.362077e-08	0.0005683572	0.1	7.362077e-08	0.0001397712	0.1	7.362077e-08	0.0004170033	0.1	7.362077e-08	0.0002283115	0.1	7.362077e-08	4.28459e-05	0.1	7.362077e-08	2.679536e-09	0.1	7.362077e-08	1.456347e-05	0.1	7.362077e-08	8.707058e-11	0.1
8.094206e-08	0.03330146	0.1	8.094206e-08	6.274717e-07	0.1	8.094206e-08	2.082908e-06	0.1	8.094206e-08	0.3769592	0.1	8.094206e-08	0.5873032	0.1	8.094206e-08	0.0006218574	0.1	8.094206e-08	0.0001498007	0.1	8.094206e-08	0.0004700615	0.1	8.094206e-08	0.0002283745	0.1	8.094206e-08	4.280449e-05	0.1	8.094206e-08	2.987349e-09	0.1	8.094206e-08	1.473933e-05	0.1	8.094206e-08	8.964368e-11	0.1
8.879794e-08	0.03329502	0.1	8.879794e-08	6.419636e-07	0.1	8.879794e-08	2.335143e-06	0.1	8.879794e-08	0.3768862	0.1	8.879794e-08	0.5871896	0.1	8.879794e-08	0.0006778807	0.1	8.879794e-08	0.0001597061	0.1	8.879794e-08	0.0005283887	0.1	8.879794e-08	0.0002283747	0.1	8.879794e-08	4.276858e-05	0.1	8.879794e-08	3.319707e-09	0.1	8.879794e-08	1.488265e-05	0.1	8.879794e-08	9.194408e-11	0.1
9.82405e-08	0.0332873	0.1	9.82405e-08	6.5575e-07	0.1	9.82405e-08	2.642266e-06	0.1	9.82405e-08	0.3767988	0.1	9.82405e-08	0.5870534	0.1	9.82405e-08	0.0007433597	0.1	9.82405e-08	0.0001704691	0.1	9.82405e-08	0.0006003449	0.1	9.82405e-08	0.0002283392	0.1	9.82405e-08	4.273775e-05	0.1	9.82405e-08	3.721874e-09	0.1	9.82405e-08	1.500928e-05	0.1	9.82405e-08	9.420944e-11	0.1
1.090042e-07	0.03327853	0.1	1.090042e-07	6.677038e-07	0.1	1.090042e-07	2.996508e-06	0.1	1.090042e-07	0.3766994	0.1	1.090042e-07	0.5868985	0.1	1.090042e-07	0.0008155887	0.1	1.090042e-07	0.0001812885	0.1	1.090042e-07	0.000684748	0.1	1.090042e-07	0.0002282859	0.1	1.090042e-07	4.271561e-05	0.1	1.090042e-07	4.183713e-09	0.1	1.090042e-07	1.51104e-05	0.1	1.090042e-07	9.627689e-11	0.1
1.212666e-07	0.03326855	0.1	1.212666e-07	6.77671e-07	0.1	1.212666e-07	3.404195e-06	0.1	1.212666e-07	0.3765864	0.1	1.212666e-07	0.5867224	0.1	1.212666e-07	0.000894847	0.1	1.212666e-07	0.0001918724	0.1	1.212666e-07	0.0007838794	0.1	1.212666e-07	0.0002282258	0.1	1.212666e-07	4.270141e-05	0.1	1.212666e-07	4.714062e-09	0.1	1.212666e-07	1.518741e-05	0.1	1.212666e-07	9.812903e-11	0.1
1.360009e-07	0.03325657	0.1	1.360009e-07	6.859749e-07	0.1	1.360009e-07	3.898348e-06	0.1	1.360009e-07	0.3764507	0.1	1.360009e-07	0.5865111	0.1	1.360009e-07	0.0009859835	0.1	1.360009e-07	0.0002023986	0.1	1.360009e-07	0.0009070131	0.1	1.360009e-07	0.0002281606	0.1	1.360009e-07	4.269276e-05	0.1	1.360009e-07	5.356917e-09	0.1	1.360009e-07	1.524524e-05	0.1	1.360009e-07	9.983514e-11	0.1
1.536904e-07	0.03324219	0.1	1.536904e-07	6.923822e-07	0.1	1.536904e-07	4.495972e-06	0.1	1.536904e-07	0.3762879	0.1	1.536904e-07	0.5862574	0.1	1.536904e-07	0.001089764	0.1	1.536904e-07	0.0002123437	0.1	1.536904e-07	0.001060358	0.1	1.536904e-07	0.0002280903	0.1	1.536904e-07	4.268738e-05	0.1	1.536904e-07	6.136247e-09	0.1	1.536904e-07	1.528457e-05	0.1	1.536904e-07	1.013506e-10	0.1
1.721187e-07	0.03322719	0.1	1.721187e-07	6.964259e-07	0.1	1.721187e-07	5.122003e-06	0.1	1.721187e-07	0.376118	0.1	1.721187e-07	0.5859926	0.1	1.721187e-07	0.001191686	0.1	1.721187e-07	0.0002201687	0.1	1.721187e-07	0.001226154	0.1	1.721187e-07	0.000228022	0.1	1.721187e-07	4.268293e-05	0.1	1.721187e-07	6.95623e-09	0.1	1.721187e-07	1.530578e-05	0.1	1.721187e-07	1.024961e-10	0.1
1.928995e-07	0.0332102	0.1	1.928995e-07	6.990404e-07	0.1	1.928995e-07	5.830757e-06	0.1	1.928995e-07	0.3759256	0.1	1.928995e-07	0.5856929	0.1	1.928995e-07	0.001299483	0.1	1.928995e-07	0.0002265982	0.1	1.928995e-07	0.001420061	0.1	1.928995e-07	0.0002279467	0.1	1.928995e-07	4.26768e-05	0.1	1.928995e-07	7.890054e-09	0.1	1.928995e-07	1.531671e-05	0.1	1.928995e-07	1.034185e-10	0.1
2.162895e-07	0.03319096	0.1	2.162895e-07	7.005594e-07	0.1	2.162895e-07	6.630837e-06	0.1	2.162895e-07	0.3757078	0.1	2.162895e-07	0.5853536	0.1	2.162895e-07	0.001412351	0.1	2.162895e-07	0.0002316034	0.1	2.162895e-07	0.001646524	0.1	2.162895e-07	0.0002278609	0.1	2.162895e-07	4.266753e-05	0.1	2.162895e-07	8.951895e-09	0.1	2.162895e-07	1.532046e-05	0.1	2.162895e-07	1.041311e-10	0.1
2.438427e-07	0.0331681	0.1	2.438427e-07	7.01311e-07	0.1	2.438427e-07	7.575363e-06	0.1	2.438427e-07	0.3754491	0.1	2.438427e-07	0.5849504	0.1	2.438427e-07	0.001534657	0.1	2.438427e-07	0.0002354098	0.1	2.438427e-07	0.001923585	0.1	2.438427e-07	0.0002277569	0.1	2.438427e-07	4.26535e-05	0.1	2.438427e-07	1.021637e-08	0.1	2.438427e-07	1.531912e-05	0.1	2.438427e-07	1.046712e-10	0.1
2.790051e-07	0.0331386	0.1	2.790051e-07	7.014855e-07	0.1	2.790051e-07	8.782702e-06	0.1	2.790051e-07	0.3751151	0.1	2.790051e-07	0.5844301	0.1	2.790051e-07	0.001675473	0.1	2.790051e-07	0.0002382003	0.1	2.790051e-07	0.00229183	0.1	2.790051e-07	0.0002276192	0.1	2.790051e-07	4.263182e-05	0.1	2.790051e-07	1.185018e-08	0.1	2.790051e-07	1.531321e-05	0.1	2.790051e-07	1.050605e-10	0.1
3.160698e-07	0.03310709	0.1	3.160698e-07	7.012562e-07	0.1	3.160698e-07	1.005675e-05	0.1	3.160698e-07	0.3747584	0.1	3.160698e-07	0.5838745	0.1	3.160698e-07	0.001807248	0.1	3.160698e-07	0.0002396981	0.1	3.160698e-07	0.002695906	0.1	3.160698e-07	0.0002274687	0.1	3.160698e-07	4.260588e-05	0.1	3.160698e-07	1.359566e-08	0.1	3.160698e-07	1.530463e-05	0.1	3.160698e-07	1.052545e-10	0.1
3.531345e-07	0.03307519	0.1	3.531345e-07	7.008546e-07	0.1	3.531345e-07	1.133156e-05	0.1	3.531345e-07	0.3743973	0.1	3.531345e-07	0.5833117	0.1	3.531345e-07	0.001923815	0.1	3.531345e-07	0.0002404013	0.1	3.531345e-07	0.003114393	0.1	3.531345e-07	0.0002273138	0.1	3.531345e-07	4.257794e-05	0.1	3.531345e-07	1.536428e-08	0.1	3.531345e-07	1.52949e-05	0.1	3.531345e-07	1.053242e-10	0.1
3.901992e-07	0.03304291	0.1	3.901992e-07	7.003806e-07	0.1	3.901992e-07	1.260666e-05	0.1	3.901992e-07	0.3740319	0.1	3.901992e-07	0.5827425	0.1	3.901992e-07	0.002026885	0.1	3.901992e-07	0.000240686	0.1	3.901992e-07	0.003545563	0.1	3.901992e-07	0.0002271553	0.1	3.901992e-07	4.254872e-05	0.1	3.901992e-07	1.715556e-08	0.1	3.901992e-07	1.528455e-05	0.1	3.901992e-07	1.05326e-10	0.1
4.272639e-07	0.0330103	0.1	4.272639e-07	6.998735e-07	0.1	4.272639e-07	1.38817e-05	0.1	4.272639e-07	0.3736628	0.1	4.272639e-07	0.5821674	0.1	4.272639e-07	0.002117978	0.1	4.272639e-07	0.0002407507	0.1	4.272639e-07	0.003987884	0.1	4.272639e-07	0.000226994	0.1	4.272639e-07	4.251865e-05	0.1	4.272639e-07	1.896924e-08	0.1	4.272639e-07	1.527381e-05	0.1	4.272639e-07	1.052909e-10	0.1
4.692763e-07	0.032973	0.1	4.692763e-07	6.992785e-07	0.1	4.692763e-07	1.532652e-05	0.1	4.692763e-07	0.3732405	0.1	4.692763e-07	0.5815095	0.1	4.692763e-07	0.002208449	0.1	4.692763e-07	0.0002406874	0.1	4.692763e-07	0.004501022	0.1	4.692763e-07	0.0002268083	0.1	4.692763e-07	4.248384e-05	0.1	4.692763e-07	2.105188e-08	0.1	4.692763e-07	1.526134e-05	0.1	4.692763e-07	1.052273e-10	0.1
5.145871e-07	0.0329324	0.1	5.145871e-07	6.986232e-07	0.1	5.145871e-07	1.68839e-05	0.1	5.145871e-07	0.372781	0.1	5.145871e-07	0.5807935	0.1	5.145871e-07	0.002292702	0.1	5.145871e-07	0.0002405387	0.1	5.145871e-07	0.005066553	0.1	5.145871e-07	0.0002266051	0.1	5.145871e-07	4.244566e-05	0.1	5.145871e-07	2.332983e-08	0.1	5.145871e-07	1.524764e-05	0.1	5.145871e-07	1.051442e-10	0.1
5.6829e-07	0.03288388	0.1	5.6829e-07	6.97835e-07	0.1	5.6829e-07	1.872805e-05	0.1	5.6829e-07	0.3722318	0.1	5.6829e-07	0.5799379	0.1	5.6829e-07	0.002377173	0.1	5.6829e-07	0.0002403129	0.1	5.6829e-07	0.005750571	0.1	5.6829e-07	0.000226361	0.1	5.6829e-07	4.239978e-05	0.1	5.6829e-07	2.607216e-08	0.1	5.6829e-07	1.523117e-05	0.1	5.6829e-07	1.050364e-10	0.1
6.263569e-07	0.03283103	0.1	6.263569e-07	6.969728e-07	0.1	6.263569e-07	2.071949e-05	0.1	6.263569e-07	0.3716335	0.1	6.263569e-07	0.5790059	0.1	6.263569e-07	0.002452643	0.1	6.263569e-07	0.0002400426	0.1	6.263569e-07	0.006504025	0.1	6.263569e-07	0.0002260941	0.1	6.263569e-07	4.234959e-05	0.1	6.263569e-07	2.908894e-08	0.1	6.263569e-07	1.521314e-05	0.1	6.263569e-07	1.049145e-10	0.1
6.934876e-07	0.03276954	0.1	6.934876e-07	6.959669e-07	0.1	6.934876e-07	2.301781e-05	0.1	6.934876e-07	0.3709375	0.1	6.934876e-07	0.5779214	0.1	6.934876e-07	0.002522939	0.1	6.934876e-07	0.0002397163	0.1	6.934876e-07	0.00738943	0.1	6.934876e-07	0.0002257822	0.1	6.934876e-07	4.2291e-05	0.1	6.934876e-07	3.264308e-08	0.1	6.934876e-07	1.519209e-05	0.1	6.934876e-07	1.047703e-10	0.1
7.606184e-07	0.03270775	0.1	7.606184e-07	6.949537e-07	0.1	7.606184e-07	2.531126e-05	0.1	7.606184e-07	0.370238	0.1	7.606184e-07	0.5768316	0.1	7.606184e-07	0.002578451	0.1	7.606184e-07	0.0002393837	0.1	7.606184e-07	0.008286816	0.1	7.606184e-07	0.0002254678	0.1	7.606184e-07	4.223195e-05	0.1	7.606184e-07	3.626806e-08	0.1	7.606184e-07	1.517088e-05	0.1	7.606184e-07	1.046243e-10	0.1
8.304508e-07	0.03264324	0.1	8.304508e-07	6.938943e-07	0.1	8.304508e-07	2.76913e-05	0.1	8.304508e-07	0.3695078	0.1	8.304508e-07	0.575694	0.1	8.304508e-07	0.002623608	0.1	8.304508e-07	0.0002390344	0.1	8.304508e-07	0.009229935	0.1	8.304508e-07	0.0002251386	0.1	8.304508e-07	4.217017e-05	0.1	8.304508e-07	4.011365e-08	0.1	8.304508e-07	1.514869e-05	0.1	8.304508e-07	1.044714e-10	0.1
9.110896e-07	0.03256859	0.1	9.110896e-07	6.926664e-07	0.1	9.110896e-07	3.043186e-05	0.1	9.110896e-07	0.3686628	0.1	9.110896e-07	0.5743774	0.1	9.110896e-07	0.002663115	0.1	9.110896e-07	0.0002386288	0.1	9.110896e-07	0.01032788	0.1	9.110896e-07	0.0002247568	0.1	9.110896e-07	4.209854e-05	0.1	9.110896e-07	4.464848e-08	0.1	9.110896e-07	1.512296e-05	0.1	9.110896e-07	1.04294e-10	0.1
9.917285e-07	0.03249385	0.1	9.917285e-07	6.914356e-07	0.1	9.917285e-07	3.316358e-05	0.1	9.917285e-07	0.3678167	0.1	9.917285e-07	0.5730592	0.1	9.917285e-07	0.00269206	0.1	9.917285e-07	0.0002382219	0.1	9.917285e-07	0.01143239	0.1	9.917285e-07	0.0002243738	0.1	9.917285e-07	4.202671e-05	0.1	9.917285e-07	4.92835e-08	0.1	9.917285e-07	1.509715e-05	0.1	9.917285e-07	1.041161e-10	0.1
1.072367e-06	0.0324191	0.1	1.072367e-06	6.902035e-07	0.1	1.072367e-06	3.58861e-05	0.1	1.072367e-06	0.3669706	0.1	1.072367e-06	0.571741	0.1	1.072367e-06	0.002712874	0.1	1.072367e-06	0.0002378144	0.1	1.072367e-06	0.01254104	0.1	1.072367e-06	0.0002239901	0.1	1.072367e-06	4.195478e-05	0.1	1.072367e-06	5.401789e-08	0.1	1.072367e-06	1.507132e-05	0.1	1.072367e-06	1.039379e-10	0.1
1.153006e-06	0.03234441	0.1	1.153006e-06	6.889714e-07	0.1	1.153006e-06	3.859915e-05	0.1	1.153006e-06	0.3661251	0.1	1.153006e-06	0.5704238	0.1	1.153006e-06	0.002727428	0.1	1.153006e-06	0.0002374068	0.1	1.153006e-06	0.01365198	0.1	1.153006e-06	0.0002236063	0.1	1.153006e-06	4.188282e-05	0.1	1.153006e-06	5.885085e-08	0.1	1.153006e-06	1.504547e-05	0.1	1.153006e-06	1.037597e-10	0.1
1.250364e-06	0.03225437	0.1	1.250364e-06	6.874852e-07	0.1	1.250364e-06	4.18618e-05	0.1	1.250364e-06	0.365106	0.1	1.250364e-06	0.5688359	0.1	1.250364e-06	0.00273869	0.1	1.250364e-06	0.0002369148	0.1	1.250364e-06	0.01499433	0.1	1.250364e-06	0.000223143	0.1	1.250364e-06	4.179601e-05	0.1	1.250364e-06	6.481599e-08	0.1	1.250364e-06	1.501428e-05	0.1	1.250364e-06	1.035446e-10	0.1
1.347722e-06	0.03216455	0.1	1.347722e-06	6.860015e-07	0.1	1.347722e-06	4.511013e-05	0.1	1.347722e-06	0.3640892	0.1	1.347722e-06	0.5672517	0.1	1.347722e-06	0.002744824	0.1	1.347722e-06	0.0002364236	0.1	1.347722e-06	0.01633611	0.1	1.347722e-06	0.0002226805	0.1	1.347722e-06	4.170933e-05	0.1	1.347722e-06	7.092209e-08	0.1	1.347722e-06	1.498315e-05	0.1	1.347722e-06	1.033299e-10	0.1
1.44508e-06	0.03207497	0.1	1.44508e-06	6.845214e-07	0.1	1.44508e-06	4.834401e-05	0.1	1.44508e-06	0.3630752	0.1	1.44508e-06	0.565672	0.1	1.44508e-06	0.002747223	0.1	1.44508e-06	0.0002359335	0.1	1.44508e-06	0.01767596	0.1	1.44508e-06	0.0002222188	0.1	1.44508e-06	4.162283e-05	0.1	1.44508e-06	7.716758e-08	0.1	1.44508e-06	1.495207e-05	0.1	1.44508e-06	1.031156e-10	0.1
1.550529e-06	0.03197828	0.1	1.550529e-06	6.82923e-07	0.1	1.550529e-06	5.183027e-05	0.1	1.550529e-06	0.3619807	0.1	1.550529e-06	0.5639667	0.1	1.550529e-06	0.002746783	0.1	1.550529e-06	0.000235404	0.1	1.550529e-06	0.01912388	0.1	1.550529e-06	0.0002217201	0.1	1.550529e-06	4.152941e-05	0.1	1.550529e-06	8.408754e-08	0.1	1.550529e-06	1.491851e-05	0.1	1.550529e-06	1.028842e-10	0.1
1.668115e-06	0.03187088	0.1	1.668115e-06	6.811471e-07	0.1	1.668115e-06	5.569765e-05	0.1	1.668115e-06	0.360765	0.1	1.668115e-06	0.5620726	0.1	1.668115e-06	0.002743661	0.1	1.668115e-06	0.0002348156	0.1	1.668115e-06	0.02073337	0.1	1.668115e-06	0.0002211659	0.1	1.668115e-06	4.142559e-05	0.1	1.668115e-06	9.199207e-08	0.1	1.668115e-06	1.488122e-05	0.1	1.668115e-06	1.02627e-10	0.1
1.785701e-06	0.03176395	0.1	1.785701e-06	6.793785e-07	0.1	1.785701e-06	5.954383e-05	0.1	1.785701e-06	0.3595546	0.1	1.785701e-06	0.5601869	0.1	1.785701e-06	0.002738631	0.1	1.785701e-06	0.0002342296	0.1	1.785701e-06	0.02233671	0.1	1.785701e-06	0.0002206139	0.1	1.785701e-06	4.132218e-05	0.1	1.785701e-06	1.000921e-07	0.1	1.785701e-06	1.484407e-05	0.1	1.785701e-06	1.023709e-10	0.1
1.913012e-06	0.03164874	0.1	1.913012e-06	6.774722e-07	0.1	1.913012e-06	6.368427e-05	0.1	1.913012e-06	0.3582505	0.1	1.913012e-06	0.558155	0.1	1.913012e-06	0.002731745	0.1	1.913012e-06	0.0002335978	0.1	1.913012e-06	0.02406509	0.1	1.913012e-06	0.0002200188	0.1	1.913012e-06	4.12107e-05	0.1	1.913012e-06	1.090788e-07	0.1	1.913012e-06	1.480403e-05	0.1	1.913012e-06	1.020947e-10	0.1
2.05491e-06	0.03152102	0.1	2.05491e-06	6.753586e-07	0.1	2.05491e-06	6.827006e-05	0.1	2.05491e-06	0.3568047	0.1	2.05491e-06	0.5559025	0.1	2.05491e-06	0.002722924	0.1	2.05491e-06	0.0002328971	0.1	2.05491e-06	0.02598169	0.1	2.05491e-06	0.0002193588	0.1	2.05491e-06	4.108707e-05	0.1	2.05491e-06	1.193562e-07	0.1	2.05491e-06	1.475962e-05	0.1	2.05491e-06	1.017885e-10	0.1
2.196808e-06	0.03139404	0.1	2.196808e-06	6.732566e-07	0.1	2.196808e-06	7.282541e-05	0.1	2.196808e-06	0.3553674	0.1	2.196808e-06	0.5536631	0.1	2.196808e-06	0.002713352	0.1	2.196808e-06	0.0002322001	0.1	2.196808e-06	0.02788762	0.1	2.196808e-06	0.0002187023	0.1	2.196808e-06	4.09641e-05	0.1	2.196808e-06	1.299033e-07	0.1	2.196808e-06	1.471545e-05	0.1	2.196808e-06	1.014839e-10	0.1
2.362418e-06	0.03124678	0.1	2.362418e-06	6.708184e-07	0.1	2.362418e-06	7.810378e-05	0.1	2.362418e-06	0.3537004	0.1	2.362418e-06	0.551066	0.1	2.362418e-06	0.002701623	0.1	2.362418e-06	0.0002313915	0.1	2.362418e-06	0.03009825	0.1	2.362418e-06	0.0002179406	0.1	2.362418e-06	4.082143e-05	0.1	2.362418e-06	1.425459e-07	0.1	2.362418e-06	1.46642e-05	0.1	2.362418e-06	1.011304e-10	0.1
2.533955e-06	0.03109531	0.1	2.533955e-06	6.683098e-07	0.1	2.533955e-06	8.352811e-05	0.1	2.533955e-06	0.3519858	0.1	2.533955e-06	0.5483947	0.1	2.533955e-06	0.002689133	0.1	2.533955e-06	0.0002305595	0.1	2.533955e-06	0.03237225	0.1	2.533955e-06	0.0002171568	0.1	2.533955e-06	4.067462e-05	0.1	2.533955e-06	1.560096e-07	0.1	2.533955e-06	1.461146e-05	0.1	2.533955e-06	1.007668e-10	0.1
2.732947e-06	0.03092095	0.1	2.732947e-06	6.654215e-07	0.1	2.732947e-06	8.976637e-05	0.1	2.732947e-06	0.3500121	0.1	2.732947e-06	0.5453197	0.1	2.732947e-06	0.00267445	0.1	2.732947e-06	0.0002296012	0.1	2.732947e-06	0.03499009	0.1	2.732947e-06	0.0002162541	0.1	2.732947e-06	4.050554e-05	0.1	2.732947e-06	1.720839e-07	0.1	2.732947e-06	1.455072e-05	0.1	2.732947e-06	1.003479e-10	0.1
2.938803e-06	0.03074208	0.1	2.938803e-06	6.624577e-07	0.1	2.938803e-06	9.615922e-05	0.1	2.938803e-06	0.3479875	0.1	2.938803e-06	0.5421653	0.1	2.938803e-06	0.002659201	0.1	2.938803e-06	0.0002286176	0.1	2.938803e-06	0.0376756	0.1	2.938803e-06	0.0002153276	0.1	2.938803e-06	4.0332e-05	0.1	2.938803e-06	1.892096e-07	0.1	2.938803e-06	1.448838e-05	0.1	2.938803e-06	9.991801e-11	0.1
3.183683e-06	0.0305313	0.1	3.183683e-06	6.589639e-07	0.1	3.183683e-06	0.0001036848	0.1	3.183683e-06	0.3456015	0.1	3.183683e-06	0.5384478	0.1	3.183683e-06	0.002641108	0.1	3.183683e-06	0.0002274578	0.1	3.183683e-06	0.04084052	0.1	3.183683e-06	0.0002142351	0.1	3.183683e-06	4.012736e-05	0.1	3.183683e-06	2.102123e-07	0.1	3.183683e-06	1.441487e-05	0.1	3.183683e-06	9.941109e-11	0.1
3.448579e-06	0.03030567	0.1	3.448579e-06	6.552228e-07	0.1	3.448579e-06	0.0001117299	0.1	3.448579e-06	0.3430475	0.1	3.448579e-06	0.5344688	0.1	3.448579e-06	0.002621673	0.1	3.448579e-06	0.0002262155	0.1	3.448579e-06	0.04422821	0.1	3.448579e-06	0.0002130649	0.1	3.448579e-06	3.990818e-05	0.1	3.448579e-06	2.336641e-07	0.1	3.448579e-06	1.433614e-05	0.1	3.448579e-06	9.886813e-11	0.1
3.75451e-06	0.03004815	0.1	3.75451e-06	6.509512e-07	0.1	3.75451e-06	0.0001208997	0.1	3.75451e-06	0.3401325	0.1	3.75451e-06	0.5299271	0.1	3.75451e-06	0.002599452	0.1	3.75451e-06	0.0002247966	0.1	3.75451e-06	0.04809496	0.1	3.75451e-06	0.0002117283	0.1	3.75451e-06	3.965782e-05	0.1	3.75451e-06	2.616367e-07	0.1	3.75451e-06	1.424621e-05	0.1	3.75451e-06	9.824794e-11	0.1
4.121776e-06	0.02974323	0.1	4.121776e-06	6.458911e-07	0.1	4.121776e-06	0.0001317392	0.1	4.121776e-06	0.3366809	0.1	4.121776e-06	0.5245496	0.1	4.121776e-06	0.002573125	0.1	4.121776e-06	0.000223115	0.1	4.121776e-06	0.05267334	0.1	4.121776e-06	0.0002101442	0.1	4.121776e-06	3.936112e-05	0.1	4.121776e-06	2.963742e-07	0.1	4.121776e-06	1.413963e-05	0.1	4.121776e-06	9.751296e-11	0.1
4.548596e-06	0.02939455	0.1	4.548596e-06	6.401018e-07	0.1	4.548596e-06	0.00014411	0.1	4.548596e-06	0.332734	0.1	4.548596e-06	0.5184003	0.1	4.548596e-06	0.002543015	0.1	4.548596e-06	0.0002211901	0.1	4.548596e-06	0.05790878	0.1	4.548596e-06	0.000208331	0.1	4.548596e-06	3.902149e-05	0.1	4.548596e-06	3.381624e-07	0.1	4.548596e-06	1.401763e-05	0.1	4.548596e-06	9.667163e-11	0.1
5.041744e-06	0.02899911	0.1	5.041744e-06	6.335319e-07	0.1	5.041744e-06	0.0001581079	0.1	5.041744e-06	0.3282578	0.1	5.041744e-06	0.5114264	0.1	5.041744e-06	0.002508868	0.1	5.041744e-06	0.0002190043	0.1	5.041744e-06	0.06384638	0.1	5.041744e-06	0.0002062721	0.1	5.041744e-06	3.863584e-05	0.1	5.041744e-06	3.880708e-07	0.1	5.041744e-06	1.387909e-05	0.1	5.041744e-06	9.57163e-11	0.1
5.723534e-06	0.02846512	0.1	5.723534e-06	6.24653e-07	0.1	5.723534e-06	0.0001769553	0.1	5.723534e-06	0.3222132	0.1	5.723534e-06	0.5020088	0.1	5.723534e-06	0.002462764	0.1	5.723534e-06	0.0002160481	0.1	5.723534e-06	0.07186446	0.1	5.723534e-06	0.0002034873	0.1	5.723534e-06	3.811424e-05	0.1	5.723534e-06	4.593251e-07	0.1	5.723534e-06	1.369173e-05	0.1	5.723534e-06	9.442421e-11	0.1
6.617766e-06	0.02778623	0.1	6.617766e-06	6.133528e-07	0.1	6.617766e-06	0.0002008222	0.1	6.617766e-06	0.3145285	0.1	6.617766e-06	0.490036	0.1	6.617766e-06	0.002404165	0.1	6.617766e-06	0.0002122817	0.1	6.617766e-06	0.08205816	0.1	6.617766e-06	0.0001999394	0.1	6.617766e-06	3.74497e-05	0.1	6.617766e-06	5.553245e-07	0.1	6.617766e-06	1.345301e-05	0.1	6.617766e-06	9.277802e-11	0.1
7.860799e-06	0.02688099	0.1	7.860799e-06	5.982631e-07	0.1	7.860799e-06	0.0002324758	0.1	7.860799e-06	0.3042815	0.1	7.860799e-06	0.4740712	0.1	7.860799e-06	0.002326053	0.1	7.860799e-06	0.0002072448	0.1	7.860799e-06	0.09565074	0.1	7.860799e-06	0.0001951947	0.1	7.860799e-06	3.656099e-05	0.1	7.860799e-06	6.899713e-07	0.1	7.860799e-06	1.313377e-05	0.1	7.860799e-06	9.05765e-11	0.1
9.93252e-06	0.02546431	0.1	9.93252e-06	5.745951e-07	0.1	9.93252e-06	0.0002815984	0.1	9.93252e-06	0.2882453	0.1	9.93252e-06	0.4490868	0.1	9.93252e-06	0.002203873	0.1	9.93252e-06	0.0001993254	0.1	9.93252e-06	0.116923	0.1	9.93252e-06	0.0001877348	0.1	9.93252e-06	3.51637e-05	0.1	9.93252e-06	9.051822e-07	0.1	9.93252e-06	1.263184e-05	0.1	9.93252e-06	8.711515e-11	0.1
1.245116e-05	0.02388183	0.1	1.245116e-05	5.480739e-07	0.1	1.245116e-05	0.0003358206	0.1	1.245116e-05	0.2703323	0.1	1.245116e-05	0.4211783	0.1	1.245116e-05	0.00206749	0.1	1.245116e-05	0.0001904201	0.1	1.245116e-05	0.1406853	0.1	1.245116e-05	0.0001793461	0.1	1.245116e-05	3.359245e-05	0.1	1.245116e-05	1.131227e-06	0.1	1.245116e-05	1.206742e-05	0.1	1.245116e-05	8.322287e-11	0.1
1.53927e-05	0.02220444	0.1	1.53927e-05	5.19854e-07	0.1	1.53927e-05	0.00039245	0.1	1.53927e-05	0.251345	0.1	1.53927e-05	0.3915961	0.1	1.53927e-05	0.001923048	0.1	1.53927e-05	0.0001809028	0.1	1.53927e-05	0.1658732	0.1	1.53927e-05	0.0001703809	0.1	1.53927e-05	3.191321e-05	0.1	1.53927e-05	1.332316e-06	0.1	1.53927e-05	1.146421e-05	0.1	1.53927e-05	7.90631e-11	0.1
1.832306e-05	0.02069293	0.1	1.832306e-05	4.943135e-07	0.1	1.832306e-05	0.0004426112	0.1	1.832306e-05	0.2342353	0.1	1.832306e-05	0.3649391	0.1	1.832306e-05	0.001793005	0.1	1.832306e-05	0.0001722472	0.1	1.832306e-05	0.188571	0.1	1.832306e-05	0.0001622274	0.1	1.832306e-05	3.0386e-05	0.1	1.832306e-05	1.472154e-06	0.1	1.832306e-05	1.091561e-05	0.1	1.832306e-05	7.527993e-11	0.1
2.041617e-05	0.01969923	0.1	2.041617e-05	4.774556e-07	0.1	2.041617e-05	0.000475066	0.1	2.041617e-05	0.222987	0.1	2.041617e-05	0.3474142	0.1	2.041617e-05	0.001707576	0.1	2.041617e-05	0.0001665098	0.1	2.041617e-05	0.2034934	0.1	2.041617e-05	0.0001568228	0.1	2.041617e-05	2.937369e-05	0.1	2.041617e-05	1.544287e-06	0.1	2.041617e-05	1.055197e-05	0.1	2.041617e-05	7.277227e-11	0.1
2.35477e-05	0.0183308	0.1	2.35477e-05	4.541396e-07	0.1	2.35477e-05	0.0005189693	0.1	2.35477e-05	0.207497	0.1	2.35477e-05	0.3232808	0.1	2.35477e-05	0.001590022	0.1	2.35477e-05	0.0001585394	0.1	2.35477e-05	0.2240435	0.1	2.35477e-05	0.0001493147	0.1	2.35477e-05	2.796737e-05	0.1	2.35477e-05	1.622873e-06	0.1	2.35477e-05	1.004679e-05	0.1	2.35477e-05	6.928857e-11	0.1
2.775263e-05	0.01668814	0.1	2.775263e-05	4.259681e-07	0.1	2.775263e-05	0.0005702448	0.1	2.775263e-05	0.1889027	0.1	2.775263e-05	0.2943108	0.1	2.775263e-05	0.001449058	0.1	2.775263e-05	0.0001488484	0.1	2.775263e-05	0.2487129	0.1	2.775263e-05	0.0001401859	0.1	2.775263e-05	2.625748e-05	0.1	2.775263e-05	1.693661e-06	0.1	2.775263e-05	9.43257e-06	0.1	2.775263e-05	6.505288e-11	0.1
3.290489e-05	0.01493213	0.1	3.290489e-05	3.955818e-07	0.1	3.290489e-05	0.0006229434	0.1	3.290489e-05	0.1690254	0.1	3.290489e-05	0.2633419	0.1	3.290489e-05	0.001298563	0.1	3.290489e-05	0.00013831	0.1	3.290489e-05	0.2750858	0.1	3.290489e-05	0.0001302586	0.1	3.290489e-05	2.439804e-05	0.1	3.290489e-05	1.749703e-06	0.1	3.290489e-05	8.764628e-06	0.1	3.290489e-05	6.044675e-11	0.1
3.898406e-05	0.01315822	0.1	3.898406e-05	3.64525e-07	0.1	3.898406e-05	0.0006733613	0.1	3.898406e-05	0.1489456	0.1	3.898406e-05	0.2320575	0.1	3.898406e-05	0.001146763	0.1	3.898406e-05	0.0001274308	0.1	3.898406e-05	0.3017293	0.1	3.898406e-05	0.0001200104	0.1	3.898406e-05	2.247847e-05	0.1	3.898406e-05	1.791234e-06	0.1	3.898406e-05	8.075088e-06	0.1	3.898406e-05	5.569169e-11	0.1
4.506323e-05	0.01164587	0.1	4.506323e-05	3.376782e-07	0.1	4.506323e-05	0.000713464	0.1	4.506323e-05	0.1318264	0.1	4.506323e-05	0.2053858	0.1	4.506323e-05	0.001017546	0.1	4.506323e-05	0.0001179219	0.1	4.506323e-05	0.3244463	0.1	4.506323e-05	0.000111053	0.1	4.506323e-05	2.080068e-05	0.1	4.506323e-05	1.816451e-06	0.1	4.506323e-05	7.472398e-06	0.1	4.506323e-05	5.153555e-11	0.1
5.114241e-05	0.010346	0.1	5.114241e-05	3.142533e-07	0.1	5.114241e-05	0.0007452001	0.1	5.114241e-05	0.1171124	0.1	5.114241e-05	0.1824613	0.1	5.114241e-05	0.0009066467	0.1	5.114241e-05	0.0001095318	0.1	5.114241e-05	0.3439733	0.1	5.114241e-05	0.0001031495	0.1	5.114241e-05	1.932029e-05	0.1	5.114241e-05	1.830922e-06	0.1	5.114241e-05	6.940621e-06	0.1	5.114241e-05	4.786843e-11	0.1
