Batch	m_SP	13	W5	W1	W2	W3	W4	W6	R	P1	P2	P3	P4	P5	P6																							
2.524834e-11	0.9880591	0.1	2.524834e-11	0.0009923948	0.1	2.524834e-11	2.19388e-09	0.1	2.524834e-11	1.979451e-09	0.1	2.524834e-11	0.01094289	0.1	2.524834e-11	5.283179e-07	0.1	2.524834e-11	3.031188e-07	0.1	2.524834e-11	3.941265e-07	0.1	2.524834e-11	1.429767e-06	0.1	2.524834e-11	3.485317e-07	0.1	2.524834e-11	7.930095e-12	0.1	2.524834e-11	8.257638e-08	0.1	2.524834e-11	6.515561e-13	0.1
4.517328e-11	0.9788804	0.1	4.517328e-11	0.001761487	0.1	4.517328e-11	3.924895e-09	0.1	4.517328e-11	3.5451e-09	0.1	4.517328e-11	0.01934796	0.1	4.517328e-11	9.461186e-07	0.1	4.517328e-11	5.425227e-07	0.1	4.517328e-11	7.055131e-07	0.1	4.517328e-11	2.55907e-06	0.1	4.517328e-11	6.237241e-07	0.1	4.517328e-11	1.419131e-11	0.1	4.517328e-11	1.477624e-07	0.1	4.517328e-11	1.16595e-12	0.1
7.240648e-11	0.9666746	0.1	7.240648e-11	0.002792639	0.1	7.240648e-11	6.290343e-09	0.1	7.240648e-11	5.690092e-09	0.1	7.240648e-11	0.03051656	0.1	7.240648e-11	1.518385e-06	0.1	7.240648e-11	8.700143e-07	0.1	7.240648e-11	1.131629e-06	0.1	7.240648e-11	4.103967e-06	0.1	7.240648e-11	1.000057e-06	0.1	7.240648e-11	2.275378e-11	0.1	7.240648e-11	2.368868e-07	0.1	7.240648e-11	1.86933e-12	0.1
1.10125e-10	0.9503957	0.1	1.10125e-10	0.004182738	0.1	1.10125e-10	9.5655e-09	0.1	1.10125e-10	8.670674e-09	0.1	1.10125e-10	0.04539688	0.1	1.10125e-10	2.313257e-06	0.1	1.10125e-10	1.32412e-06	0.1	1.10125e-10	1.7228e-06	0.1	1.10125e-10	6.246228e-06	0.1	1.10125e-10	1.521662e-06	0.1	1.10125e-10	3.462254e-11	0.1	1.10125e-10	3.603804e-07	0.1	1.10125e-10	2.844131e-12	0.1
1.681945e-10	0.9266897	0.1	1.681945e-10	0.006237205	0.1	1.681945e-10	1.460502e-08	0.1	1.681945e-10	1.328158e-08	0.1	1.681945e-10	0.06703533	0.1	1.681945e-10	3.541967e-06	0.1	1.681945e-10	2.024409e-06	0.1	1.681945e-10	2.635212e-06	0.1	1.681945e-10	9.549852e-06	0.1	1.681945e-10	2.325509e-06	0.1	1.681945e-10	5.291843e-11	0.1	1.681945e-10	5.506257e-07	0.1	1.681945e-10	4.346285e-12	0.1
2.354058e-10	0.901179	0.1	2.354058e-10	0.008487625	0.1	2.354058e-10	2.043299e-08	0.1	2.354058e-10	1.8652e-08	0.1	2.354058e-10	0.09028044	0.1	2.354058e-10	4.971266e-06	0.1	2.354058e-10	2.836672e-06	0.1	2.354058e-10	3.69475e-06	0.1	2.354058e-10	1.338132e-05	0.1	2.354058e-10	3.257034e-06	0.1	2.354058e-10	7.413297e-11	0.1	2.354058e-10	7.709964e-07	0.1	2.354058e-10	6.087072e-12	0.1
3.087115e-10	0.875538	0.1	3.087115e-10	0.01079037	0.1	3.087115e-10	2.678224e-08	0.1	3.087115e-10	2.455058e-08	0.1	3.087115e-10	0.1136022	0.1	3.087115e-10	6.538405e-06	0.1	3.087115e-10	3.724631e-06	0.1	3.087115e-10	4.854671e-06	0.1	3.087115e-10	1.756882e-05	0.1	3.087115e-10	4.274255e-06	0.1	3.087115e-10	9.732194e-11	0.1	3.087115e-10	1.011549e-06	0.1	3.087115e-10	7.988349e-12	0.1
3.820172e-10	0.851993	0.1	3.820172e-10	0.01294045	0.1	3.820172e-10	3.312272e-08	0.1	3.820172e-10	3.049207e-08	0.1	3.820172e-10	0.1349805	0.1	3.820172e-10	8.113589e-06	0.1	3.820172e-10	4.614631e-06	0.1	3.820172e-10	6.019128e-06	0.1	3.820172e-10	2.176425e-05	0.1	3.820172e-10	5.292565e-06	0.1	3.820172e-10	1.205676e-10	0.1	3.820172e-10	1.252288e-06	0.1	3.820172e-10	9.892349e-12	0.1
4.55323e-10	0.8303725	0.1	4.55323e-10	0.01494438	0.1	4.55323e-10	3.945311e-08	0.1	4.55323e-10	3.64763e-08	0.1	4.55323e-10	0.1545804	0.1	4.55323e-10	9.696287e-06	0.1	4.55323e-10	5.506573e-06	0.1	4.55323e-10	7.188149e-06	0.1	4.55323e-10	2.596654e-05	0.1	4.55323e-10	6.311759e-06	0.1	4.55323e-10	1.43873e-10	0.1	4.55323e-10	1.493188e-06	0.1	4.55323e-10	1.179901e-11	0.1
5.44046e-10	0.8065547	0.1	5.44046e-10	0.0171843	0.1	5.44046e-10	4.70996e-08	0.1	5.44046e-10	4.377598e-08	0.1	5.44046e-10	0.1761381	0.1	5.44046e-10	1.16212e-05	0.1	5.44046e-10	6.588553e-06	0.1	5.44046e-10	8.609174e-06	0.1	5.44046e-10	3.106022e-05	0.1	5.44046e-10	7.546175e-06	0.1	5.44046e-10	1.72164e-10	0.1	5.44046e-10	1.784928e-06	0.1	5.44046e-10	1.411008e-11	0.1
6.32769e-10	0.7850717	0.1	6.32769e-10	0.01923324	0.1	6.32769e-10	5.472734e-08	0.1	6.32769e-10	5.113751e-08	0.1	6.32769e-10	0.1955519	0.1	6.32769e-10	1.355561e-05	0.1	6.32769e-10	7.673042e-06	0.1	6.32769e-10	1.003696e-05	0.1	6.32769e-10	3.616039e-05	0.1	6.32769e-10	8.781175e-06	0.1	6.32769e-10	2.005511e-10	0.1	6.32769e-10	2.076807e-06	0.1	6.32769e-10	1.642471e-11	0.1
7.21492e-10	0.7656945	0.1	7.21492e-10	0.02110422	0.1	7.21492e-10	6.233431e-08	0.1	7.21492e-10	5.856037e-08	0.1	7.21492e-10	0.2130379	0.1	7.21492e-10	1.549877e-05	0.1	7.21492e-10	8.759855e-06	0.1	7.21492e-10	1.147155e-05	0.1	7.21492e-10	4.126514e-05	0.1	7.21492e-10	1.001636e-05	0.1	7.21492e-10	2.290382e-10	0.1	7.21492e-10	2.368771e-06	0.1	7.21492e-10	1.874268e-11	0.1
8.139174e-10	0.7475255	0.1	8.139174e-10	0.02287789	0.1	8.139174e-10	7.023464e-08	0.1	8.139174e-10	6.635761e-08	0.1	8.139174e-10	0.229412	0.1	8.139174e-10	1.753165e-05	0.1	8.139174e-10	9.894301e-06	0.1	8.139174e-10	1.297329e-05	0.1	8.139174e-10	4.658573e-05	0.1	8.139174e-10	1.130286e-05	0.1	8.139174e-10	2.588243e-10	0.1	8.139174e-10	2.672944e-06	0.1	8.139174e-10	2.116066e-11	0.1
9.211524e-10	0.7287518	0.1	9.211524e-10	0.02472989	0.1	9.211524e-10	7.936749e-08	0.1	9.211524e-10	7.548607e-08	0.1	9.211524e-10	0.2463092	0.1	9.211524e-10	1.990042e-05	0.1	9.211524e-10	1.121318e-05	0.1	9.211524e-10	1.472506e-05	0.1	9.211524e-10	5.275978e-05	0.1	9.211524e-10	1.279462e-05	0.1	9.211524e-10	2.935291e-10	0.1	9.211524e-10	3.025803e-06	0.1	9.211524e-10	2.396991e-11	0.1
1.028387e-09	0.7121779	0.1	1.028387e-09	0.02638081	0.1	1.028387e-09	8.846187e-08	0.1	1.028387e-09	8.470154e-08	0.1	1.028387e-09	0.2612076	0.1	1.028387e-09	2.227926e-05	0.1	1.028387e-09	1.253466e-05	0.1	1.028387e-09	1.648702e-05	0.1	1.028387e-09	5.893182e-05	0.1	1.028387e-09	1.428478e-05	0.1	1.028387e-09	3.283964e-10	0.1	1.028387e-09	3.378506e-06	0.1	1.028387e-09	2.678287e-11	0.1
1.135623e-09	0.6975458	0.1	1.135623e-09	0.02785043	0.1	1.135623e-09	9.751527e-08	0.1	1.135623e-09	9.400313e-08	0.1	1.135623e-09	0.2743455	0.1	1.135623e-09	2.466738e-05	0.1	1.135623e-09	1.385845e-05	0.1	1.135623e-09	1.825931e-05	0.1	1.135623e-09	6.509881e-05	0.1	1.135623e-09	1.577266e-05	0.1	1.135623e-09	3.634319e-10	0.1	1.135623e-09	3.730952e-06	0.1	1.135623e-09	2.959911e-11	0.1
1.255828e-09	0.6831715	0.1	1.255828e-09	0.02930491	0.1	1.255828e-09	1.076123e-07	0.1	1.255828e-09	1.045311e-07	0.1	1.255828e-09	0.2872376	0.1	1.255828e-09	2.735457e-05	0.1	1.255828e-09	1.53448e-05	0.1	1.255828e-09	2.025843e-05	0.1	1.255828e-09	7.200213e-05	0.1	1.255828e-09	1.7437e-05	0.1	1.255828e-09	4.029125e-10	0.1	1.255828e-09	4.125595e-06	0.1	1.255828e-09	3.275936e-11	0.1
1.38468e-09	0.6698368	0.1	1.38468e-09	0.03066346	0.1	1.38468e-09	1.183722e-07	0.1	1.38468e-09	1.159342e-07	0.1	1.38468e-09	0.2991843	0.1	1.38468e-09	3.024621e-05	0.1	1.38468e-09	1.694061e-05	0.1	1.38468e-09	2.241627e-05	0.1	1.38468e-09	7.938649e-05	0.1	1.38468e-09	1.921595e-05	0.1	1.38468e-09	4.45486e-10	0.1	1.38468e-09	4.547972e-06	0.1	1.38468e-09	3.615031e-11	0.1
1.513532e-09	0.6583553	0.1	1.513532e-09	0.03184004	0.1	1.513532e-09	1.290637e-07	0.1	1.513532e-09	1.274581e-07	0.1	1.513532e-09	0.3094596	0.1	1.513532e-09	3.314863e-05	0.1	1.513532e-09	1.85387e-05	0.1	1.513532e-09	2.458989e-05	0.1	1.513532e-09	8.675031e-05	0.1	1.513532e-09	2.098859e-05	0.1	1.513532e-09	4.883321e-10	0.1	1.513532e-09	4.96951e-06	0.1	1.513532e-09	3.954414e-11	0.1
1.642384e-09	0.6484691	0.1	1.642384e-09	0.032858	0.1	1.642384e-09	1.396845e-07	0.1	1.642384e-09	1.391018e-07	0.1	1.642384e-09	0.3182982	0.1	1.642384e-09	3.606122e-05	0.1	1.642384e-09	2.013876e-05	0.1	1.642384e-09	2.677969e-05	0.1	1.642384e-09	9.408926e-05	0.1	1.642384e-09	2.275391e-05	0.1	1.642384e-09	5.31462e-10	0.1	1.642384e-09	5.390054e-06	0.1	1.642384e-09	4.294024e-11	0.1
1.776564e-09	0.6396309	0.1	1.776564e-09	0.03377165	0.1	1.776564e-09	1.50667e-07	0.1	1.776564e-09	1.513533e-07	0.1	1.776564e-09	0.326192	0.1	1.776564e-09	3.910453e-05	0.1	1.776564e-09	2.180677e-05	0.1	1.776564e-09	2.907767e-05	0.1	1.776564e-09	0.0001017008	0.1	1.776564e-09	2.45834e-05	0.1	1.776564e-09	5.766896e-10	0.1	1.776564e-09	5.826768e-06	0.1	1.776564e-09	4.647861e-11	0.1
1.932055e-09	0.6309703	0.1	1.932055e-09	0.03466999	0.1	1.932055e-09	1.632925e-07	0.1	1.932055e-09	1.657112e-07	0.1	1.932055e-09	0.3339188	0.1	1.932055e-09	4.264386e-05	0.1	1.932055e-09	2.374165e-05	0.1	1.932055e-09	3.176381e-05	0.1	1.932055e-09	0.0001104762	0.1	1.932055e-09	2.669084e-05	0.1	1.932055e-09	6.295192e-10	0.1	1.932055e-09	6.331079e-06	0.1	1.932055e-09	5.058058e-11	0.1
2.087546e-09	0.6237387	0.1	2.087546e-09	0.03542217	0.1	2.087546e-09	1.758071e-07	0.1	2.087546e-09	1.802403e-07	0.1	2.087546e-09	0.3403626	0.1	2.087546e-09	4.61964e-05	0.1	2.087546e-09	2.567826e-05	0.1	2.087546e-09	3.447564e-05	0.1	2.087546e-09	0.000119197	0.1	2.087546e-09	2.878327e-05	0.1	2.087546e-09	6.82819e-10	0.1	2.087546e-09	6.833266e-06	0.1	2.087546e-09	5.468352e-11	0.1
2.243037e-09	0.6176998	0.1	2.243037e-09	0.03605152	0.1	2.243037e-09	1.882091e-07	0.1	2.243037e-09	1.949399e-07	0.1	2.243037e-09	0.3457368	0.1	2.243037e-09	4.976194e-05	0.1	2.243037e-09	2.761629e-05	0.1	2.243037e-09	3.721404e-05	0.1	2.243037e-09	0.0001278574	0.1	2.243037e-09	3.085925e-05	0.1	2.243037e-09	7.366106e-10	0.1	2.243037e-09	7.333104e-06	0.1	2.243037e-09	5.878672e-11	0.1
2.398527e-09	0.6126563	0.1	2.398527e-09	0.03657777	0.1	2.398527e-09	2.004972e-07	0.1	2.398527e-09	2.098095e-07	0.1	2.398527e-09	0.3502187	0.1	2.398527e-09	5.334041e-05	0.1	2.398527e-09	2.955547e-05	0.1	2.398527e-09	3.997989e-05	0.1	2.398527e-09	0.0001364517	0.1	2.398527e-09	3.291739e-05	0.1	2.398527e-09	7.909159e-10	0.1	2.398527e-09	7.830378e-06	0.1	2.398527e-09	6.288949e-11	0.1
2.554018e-09	0.6084437	0.1	2.554018e-09	0.03701758	0.1	2.554018e-09	2.126707e-07	0.1	2.554018e-09	2.248487e-07	0.1	2.554018e-09	0.3539563	0.1	2.554018e-09	5.693187e-05	0.1	2.554018e-09	3.149558e-05	0.1	2.554018e-09	4.27741e-05	0.1	2.554018e-09	0.0001449745	0.1	2.554018e-09	3.495641e-05	0.1	2.554018e-09	8.457566e-10	0.1	2.554018e-09	8.324884e-06	0.1	2.554018e-09	6.699122e-11	0.1
2.709509e-09	0.6049244	0.1	2.709509e-09	0.03738499	0.1	2.709509e-09	2.247289e-07	0.1	2.709509e-09	2.400572e-07	0.1	2.709509e-09	0.3570731	0.1	2.709509e-09	6.053645e-05	0.1	2.709509e-09	3.343641e-05	0.1	2.709509e-09	4.559757e-05	0.1	2.709509e-09	0.000153421	0.1	2.709509e-09	3.697509e-05	0.1	2.709509e-09	9.011542e-10	0.1	2.709509e-09	8.816432e-06	0.1	2.709509e-09	7.109134e-11	0.1
2.896655e-09	0.6014472	0.1	2.896655e-09	0.03774775	0.1	2.896655e-09	2.39089e-07	0.1	2.896655e-09	2.585861e-07	0.1	2.896655e-09	0.3601456	0.1	2.896655e-09	6.489259e-05	0.1	2.896655e-09	3.57731e-05	0.1	2.896655e-09	4.903591e-05	0.1	2.896655e-09	0.0001634793	0.1	2.896655e-09	3.937616e-05	0.1	2.896655e-09	9.685979e-10	0.1	2.896655e-09	9.403868e-06	0.1	2.896655e-09	7.602326e-11	0.1
3.083802e-09	0.5986452	0.1	3.083802e-09	0.0380396	0.1	3.083802e-09	2.532819e-07	0.1	3.083802e-09	2.773596e-07	0.1	3.083802e-09	0.3626139	0.1	3.083802e-09	6.926852e-05	0.1	3.083802e-09	3.811037e-05	0.1	3.083802e-09	5.251946e-05	0.1	3.083802e-09	0.0001734127	0.1	3.083802e-09	4.174427e-05	0.1	3.083802e-09	1.036914e-09	0.1	3.083802e-09	9.986457e-06	0.1	3.083802e-09	8.095115e-11	0.1
3.270948e-09	0.5963865	0.1	3.270948e-09	0.03827428	0.1	3.270948e-09	2.673081e-07	0.1	3.270948e-09	2.963776e-07	0.1	3.270948e-09	0.3645963	0.1	3.270948e-09	7.36648e-05	0.1	3.270948e-09	4.044799e-05	0.1	3.270948e-09	5.60497e-05	0.1	3.270948e-09	0.0001832145	0.1	3.270948e-09	4.407771e-05	0.1	3.270948e-09	1.106137e-09	0.1	3.270948e-09	1.056392e-05	0.1	3.270948e-09	8.587415e-11	0.1
3.458094e-09	0.5945648	0.1	3.458094e-09	0.0384629	0.1	3.458094e-09	2.811685e-07	0.1	3.458094e-09	3.1564e-07	0.1	3.458094e-09	0.366188	0.1	3.458094e-09	7.8082e-05	0.1	3.458094e-09	4.278581e-05	0.1	3.458094e-09	5.962804e-05	0.1	3.458094e-09	0.0001928782	0.1	3.458094e-09	4.63749e-05	0.1	3.458094e-09	1.176299e-09	0.1	3.458094e-09	1.113599e-05	0.1	3.458094e-09	9.079142e-11	0.1
3.64524e-09	0.5930947	0.1	3.64524e-09	0.03861442	0.1	3.64524e-09	2.948642e-07	0.1	3.64524e-09	3.351464e-07	0.1	3.64524e-09	0.3674655	0.1	3.64524e-09	8.252074e-05	0.1	3.64524e-09	4.512367e-05	0.1	3.64524e-09	6.325582e-05	0.1	3.64524e-09	0.000202398	0.1	3.64524e-09	4.863442e-05	0.1	3.64524e-09	1.247431e-09	0.1	3.64524e-09	1.170244e-05	0.1	3.64524e-09	9.570215e-11	0.1
3.85523e-09	0.5917792	0.1	3.85523e-09	0.03874915	0.1	3.85523e-09	3.100369e-07	0.1	3.85523e-09	3.573243e-07	0.1	3.85523e-09	0.3686004	0.1	3.85523e-09	8.752766e-05	0.1	3.85523e-09	4.774679e-05	0.1	3.85523e-09	6.738685e-05	0.1	3.85523e-09	0.0002129021	0.1	3.85523e-09	5.112327e-05	0.1	3.85523e-09	1.328435e-09	0.1	3.85523e-09	1.233104e-05	0.1	3.85523e-09	1.012035e-10	0.1
4.080451e-09	0.5906771	0.1	4.080451e-09	0.03886103	0.1	4.080451e-09	3.260833e-07	0.1	4.080451e-09	3.814514e-07	0.1	4.080451e-09	0.369542	0.1	4.080451e-09	9.29296e-05	0.1	4.080451e-09	5.055986e-05	0.1	4.080451e-09	7.189029e-05	0.1	4.080451e-09	0.0002239516	0.1	4.080451e-09	5.373621e-05	0.1	4.080451e-09	1.416751e-09	0.1	4.080451e-09	1.299671e-05	0.1	4.080451e-09	1.070923e-10	0.1
4.305671e-09	0.5898225	0.1	4.305671e-09	0.03894674	0.1	4.305671e-09	3.418978e-07	0.1	4.305671e-09	4.059304e-07	0.1	4.305671e-09	0.3702626	0.1	4.305671e-09	9.836546e-05	0.1	4.305671e-09	5.337245e-05	0.1	4.305671e-09	7.647089e-05	0.1	4.305671e-09	0.0002347701	0.1	4.305671e-09	5.628902e-05	0.1	4.305671e-09	1.506596e-09	0.1	4.305671e-09	1.365323e-05	0.1	4.305671e-09	1.129676e-10	0.1
4.530891e-09	0.5891585	0.1	4.530891e-09	0.03901231	0.1	4.530891e-09	3.574832e-07	0.1	4.530891e-09	4.307604e-07	0.1	4.530891e-09	0.3708131	0.1	4.530891e-09	0.0001038361	0.1	4.530891e-09	5.61844e-05	0.1	4.530891e-09	8.113029e-05	0.1	4.530891e-09	0.0002453512	0.1	4.530891e-09	5.878017e-05	0.1	4.530891e-09	1.598006e-09	0.1	4.530891e-09	1.43003e-05	0.1	4.530891e-09	1.188282e-10	0.1
4.765292e-09	0.5886227	0.1	4.765292e-09	0.03906413	0.1	4.765292e-09	3.734637e-07	0.1	4.765292e-09	4.569741e-07	0.1	4.765292e-09	0.3712477	0.1	4.765292e-09	0.0001095674	0.1	4.765292e-09	5.911017e-05	0.1	4.765292e-09	8.606484e-05	0.1	4.765292e-09	0.0002561057	0.1	4.765292e-09	6.130602e-05	0.1	4.765292e-09	1.694836e-09	0.1	4.765292e-09	1.496344e-05	0.1	4.765292e-09	1.249103e-10	0.1
5.036421e-09	0.5881521	0.1	5.036421e-09	0.03910833	0.1	5.036421e-09	3.91647e-07	0.1	5.036421e-09	4.877653e-07	0.1	5.036421e-09	0.3716175	0.1	5.036421e-09	0.0001162456	0.1	5.036421e-09	6.249311e-05	0.1	5.036421e-09	9.188272e-05	0.1	5.036421e-09	0.0002682106	0.1	5.036421e-09	6.414106e-05	0.1	5.036421e-09	1.809032e-09	0.1	5.036421e-09	1.571702e-05	0.1	5.036421e-09	1.319213e-10	0.1
5.30755e-09	0.5878002	0.1	5.30755e-09	0.03914001	0.1	5.30755e-09	4.095124e-07	0.1	5.30755e-09	5.190579e-07	0.1	5.30755e-09	0.3718819	0.1	5.30755e-09	0.0001229769	0.1	5.30755e-09	6.587451e-05	0.1	5.30755e-09	9.782036e-05	0.1	5.30755e-09	0.0002799508	0.1	5.30755e-09	6.688196e-05	0.1	5.30755e-09	1.925614e-09	0.1	5.30755e-09	1.645582e-05	0.1	5.30755e-09	1.389039e-10	0.1
5.578679e-09	0.5875349	0.1	5.578679e-09	0.03916257	0.1	5.578679e-09	4.270651e-07	0.1	5.578679e-09	5.50848e-07	0.1	5.578679e-09	0.3720694	0.1	5.578679e-09	0.0001297619	0.1	5.578679e-09	6.925415e-05	0.1	5.578679e-09	0.0001038791	0.1	5.578679e-09	0.0002913218	0.1	5.578679e-09	6.952778e-05	0.1	5.578679e-09	2.044609e-09	0.1	5.578679e-09	1.717955e-05	0.1	5.578679e-09	1.458555e-10	0.1
5.882449e-09	0.5873121	0.1	5.882449e-09	0.03918004	0.1	5.882449e-09	4.463664e-07	0.1	5.882449e-09	5.870509e-07	0.1	5.882449e-09	0.3722138	0.1	5.882449e-09	0.000137428	0.1	5.882449e-09	7.303832e-05	0.1	5.882449e-09	0.000110812	0.1	5.882449e-09	0.0003036198	0.1	5.882449e-09	7.237863e-05	0.1	5.882449e-09	2.180816e-09	0.1	5.882449e-09	1.797222e-05	0.1	5.882449e-09	1.536039e-10	0.1
6.20798e-09	0.5871351	0.1	6.20798e-09	0.0391923	0.1	6.20798e-09	4.666307e-07	0.1	6.20798e-09	6.265265e-07	0.1	6.20798e-09	0.372314	0.1	6.20798e-09	0.0001457183	0.1	6.20798e-09	7.709049e-05	0.1	6.20798e-09	0.0001184121	0.1	6.20798e-09	0.0003162787	0.1	6.20798e-09	7.530047e-05	0.1	6.20798e-09	2.330174e-09	0.1	6.20798e-09	1.880008e-05	0.1	6.20798e-09	1.618563e-10	0.1
6.533512e-09	0.5870025	0.1	6.533512e-09	0.03919995	0.1	6.533512e-09	4.864698e-07	0.1	6.533512e-09	6.666953e-07	0.1	6.533512e-09	0.3723754	0.1	6.533512e-09	0.000154086	0.1	6.533512e-09	8.113911e-05	0.1	6.533512e-09	0.0001261886	0.1	6.533512e-09	0.0003284003	0.1	6.533512e-09	7.808509e-05	0.1	6.533512e-09	2.483037e-09	0.1	6.533512e-09	1.960538e-05	0.1	6.533512e-09	1.700513e-10	0.1
6.898472e-09	0.5868897	0.1	6.898472e-09	0.03920484	0.1	6.898472e-09	5.082172e-07	0.1	6.898472e-09	7.125402e-07	0.1	6.898472e-09	0.3724133	0.1	6.898472e-09	0.0001635577	0.1	6.898472e-09	8.56734e-05	0.1	6.898472e-09	0.0001351158	0.1	6.898472e-09	0.0003413556	0.1	6.898472e-09	8.10455e-05	0.1	6.898472e-09	2.658555e-09	0.1	6.898472e-09	2.04813e-05	0.1	6.898472e-09	1.791652e-10	0.1
7.289718e-09	0.5867969	0.1	7.289718e-09	0.03920724	0.1	7.289718e-09	5.309637e-07	0.1	7.289718e-09	7.626209e-07	0.1	7.289718e-09	0.37243	0.1	7.289718e-09	0.0001738157	0.1	7.289718e-09	9.052816e-05	0.1	7.289718e-09	0.0001449289	0.1	7.289718e-09	0.0003545087	0.1	7.289718e-09	8.403263e-05	0.1	7.289718e-09	2.851516e-09	0.1	7.289718e-09	2.138868e-05	0.1	7.289718e-09	1.88842e-10	0.1
7.680964e-09	0.5867229	0.1	7.680964e-09	0.03920778	0.1	7.680964e-09	5.531377e-07	0.1	7.680964e-09	8.136466e-07	0.1	7.680964e-09	0.372431	0.1	7.680964e-09	0.000184178	0.1	7.680964e-09	9.537592e-05	0.1	7.680964e-09	0.0001549899	0.1	7.680964e-09	0.0003669151	0.1	7.680964e-09	8.68312e-05	0.1	7.680964e-09	3.049354e-09	0.1	7.680964e-09	2.226349e-05	0.1	7.680964e-09	1.984149e-10	0.1
8.152343e-09	0.5866496	0.1	8.152343e-09	0.03920692	0.1	8.152343e-09	5.791133e-07	0.1	8.152343e-09	8.763451e-07	0.1	8.152343e-09	0.3724197	0.1	8.152343e-09	0.0001967954	0.1	8.152343e-09	0.0001012063	0.1	8.152343e-09	0.000167434	0.1	8.152343e-09	0.0003808973	0.1	8.152343e-09	8.996033e-05	0.1	8.152343e-09	3.294025e-09	0.1	8.152343e-09	2.327467e-05	0.1	8.152343e-09	2.098003e-10	0.1
8.623722e-09	0.5865871	0.1	8.623722e-09	0.0392051	0.1	8.623722e-09	6.04303e-07	0.1	8.623722e-09	9.403387e-07	0.1	8.623722e-09	0.3724004	0.1	8.623722e-09	0.00020955	0.1	8.623722e-09	0.0001070242	0.1	8.623722e-09	0.0001802214	0.1	8.623722e-09	0.0003938608	0.1	8.623722e-09	9.283475e-05	0.1	8.623722e-09	3.545371e-09	0.1	8.623722e-09	2.423984e-05	0.1	8.623722e-09	2.21013e-10	0.1
9.17729e-09	0.586522	0.1	9.17729e-09	0.0392023	0.1	9.17729e-09	6.329133e-07	0.1	9.17729e-09	1.017083e-06	0.1	9.17729e-09	0.3723723	0.1	9.17729e-09	0.0002246913	0.1	9.17729e-09	0.000113839	0.1	9.17729e-09	0.0001956613	0.1	9.17729e-09	0.0004078426	0.1	9.17729e-09	9.590171e-05	0.1	9.17729e-09	3.848695e-09	0.1	9.17729e-09	2.531596e-05	0.1	9.17729e-09	2.339458e-10	0.1
9.751405e-09	0.5864602	0.1	9.751405e-09	0.03919904	0.1	9.751405e-09	6.615143e-07	0.1	9.751405e-09	1.098419e-06	0.1	9.751405e-09	0.3723402	0.1	9.751405e-09	0.0002405638	0.1	9.751405e-09	0.0001208846	0.1	9.751405e-09	0.0002121365	0.1	9.751405e-09	0.0004210039	0.1	9.751405e-09	9.875203e-05	0.1	9.751405e-09	4.172097e-09	0.1	9.751405e-09	2.636868e-05	0.1	9.751405e-09	2.470753e-10	0.1
1.04343e-08	0.5863913	0.1	1.04343e-08	0.03919497	0.1	1.04343e-08	6.941681e-07	0.1	1.04343e-08	1.197363e-06	0.1	1.04343e-08	0.3723005	0.1	1.04343e-08	0.0002596424	0.1	1.04343e-08	0.0001292325	0.1	1.04343e-08	0.0002323133	0.1	1.04343e-08	0.0004350063	0.1	1.04343e-08	0.0001017381	0.1	1.04343e-08	4.567696e-09	0.1	1.04343e-08	2.754038e-05	0.1	1.04343e-08	2.622969e-10	0.1
1.117293e-08	0.5863203	0.1	1.117293e-08	0.03919052	0.1	1.117293e-08	7.278857e-07	0.1	1.117293e-08	1.306918e-06	0.1	1.117293e-08	0.3722575	0.1	1.117293e-08	0.0002804861	0.1	1.117293e-08	0.0001382178	0.1	1.117293e-08	0.0002548016	0.1	1.117293e-08	0.0004483008	0.1	1.117293e-08	0.0001045197	0.1	1.117293e-08	5.007885e-09	0.1	1.117293e-08	2.87145e-05	0.1	1.117293e-08	2.782564e-10	0.1
1.202577e-08	0.5862416	0.1	1.202577e-08	0.03918543	0.1	1.202577e-08	7.648439e-07	0.1	1.202577e-08	1.436469e-06	0.1	1.202577e-08	0.3722084	0.1	1.202577e-08	0.0003047698	0.1	1.202577e-08	0.0001485293	0.1	1.202577e-08	0.000281559	0.1	1.202577e-08	0.0004615072	0.1	1.202577e-08	0.0001072185	0.1	1.202577e-08	5.530478e-09	0.1	1.202577e-08	2.995768e-05	0.1	1.202577e-08	2.960089e-10	0.1
1.304734e-08	0.5861506	0.1	1.304734e-08	0.03917946	0.1	1.304734e-08	8.064821e-07	0.1	1.304734e-08	1.595627e-06	0.1	1.304734e-08	0.372151	0.1	1.304734e-08	0.0003340858	0.1	1.304734e-08	0.0001607824	0.1	1.304734e-08	0.0003146241	0.1	1.304734e-08	0.0004746892	0.1	1.304734e-08	0.0001098299	0.1	1.304734e-08	6.1743e-09	0.1	1.304734e-08	3.130138e-05	0.1	1.304734e-08	3.163013e-10	0.1
1.422154e-08	0.5860493	0.1	1.422154e-08	0.03917278	0.1	1.422154e-08	8.510191e-07	0.1	1.422154e-08	1.783419e-06	0.1	1.422154e-08	0.3720869	0.1	1.422154e-08	0.0003679747	0.1	1.422154e-08	0.0001747192	0.1	1.422154e-08	0.0003538425	0.1	1.422154e-08	0.0004868492	0.1	1.422154e-08	0.0001121403	0.1	1.422154e-08	6.934839e-09	0.1	1.422154e-08	3.267029e-05	0.1	1.422154e-08	3.383082e-10	0.1
1.55614e-08	0.5859372	0.1	1.55614e-08	0.03916536	0.1	1.55614e-08	8.978144e-07	0.1	1.55614e-08	2.00337e-06	0.1	1.55614e-08	0.3720157	0.1	1.55614e-08	0.000406747	0.1	1.55614e-08	0.0001904098	0.1	1.55614e-08	0.0003999756	0.1	1.55614e-08	0.0004975623	0.1	1.55614e-08	0.0001140644	0.1	1.55614e-08	7.824868e-09	0.1	1.55614e-08	3.403182e-05	0.1	1.55614e-08	3.617214e-10	0.1
1.723306e-08	0.5858012	0.1	1.723306e-08	0.03915633	0.1	1.723306e-08	9.506967e-07	0.1	1.723306e-08	2.285204e-06	0.1	1.723306e-08	0.3719294	0.1	1.723306e-08	0.000455056	0.1	1.723306e-08	0.000209636	0.1	1.723306e-08	0.0004592965	0.1	1.723306e-08	0.0005072986	0.1	1.723306e-08	0.0001156749	0.1	1.723306e-08	8.961675e-09	0.1	1.723306e-08	3.547648e-05	0.1	1.723306e-08	3.88488e-10	0.1
1.927777e-08	0.5856391	0.1	1.927777e-08	0.03914556	0.1	1.927777e-08	1.00793e-06	0.1	1.927777e-08	2.639516e-06	0.1	1.927777e-08	0.3718265	0.1	1.927777e-08	0.0005137457	0.1	1.927777e-08	0.0002325721	0.1	1.927777e-08	0.000534086	0.1	1.927777e-08	0.0005152785	0.1	1.927777e-08	0.0001168303	0.1	1.927777e-08	1.038242e-08	0.1	1.927777e-08	3.693054e-05	0.1	1.927777e-08	4.177832e-10	0.1
2.157119e-08	0.5854611	0.1	2.157119e-08	0.03913371	0.1	2.157119e-08	1.063556e-06	0.1	2.157119e-08	3.047439e-06	0.1	2.157119e-08	0.3717135	0.1	2.157119e-08	0.0005787224	0.1	2.157119e-08	0.0002574685	0.1	2.157119e-08	0.0006204007	0.1	2.157119e-08	0.0005208156	0.1	2.157119e-08	0.0001174676	0.1	2.157119e-08	1.200494e-08	0.1	2.157119e-08	3.823931e-05	0.1	2.157119e-08	4.465753e-10	0.1
2.386461e-08	0.5852858	0.1	2.386461e-08	0.03912202	0.1	2.386461e-08	1.111339e-06	0.1	2.386461e-08	3.464604e-06	0.1	2.386461e-08	0.3716022	0.1	2.386461e-08	0.0006425557	0.1	2.386461e-08	0.0002814223	0.1	2.386461e-08	0.0007088871	0.1	2.386461e-08	0.000524093	0.1	2.386461e-08	0.0001177125	0.1	2.386461e-08	1.36498e-08	0.1	2.386461e-08	3.928549e-05	0.1	2.386461e-08	4.715993e-10	0.1
2.615803e-08	0.5851123	0.1	2.615803e-08	0.03911045	0.1	2.615803e-08	1.152374e-06	0.1	2.615803e-08	3.889482e-06	0.1	2.615803e-08	0.371492	0.1	2.615803e-08	0.0007050999	0.1	2.615803e-08	0.000304381	0.1	2.615803e-08	0.0007992714	0.1	2.615803e-08	0.0005259968	0.1	2.615803e-08	0.000117753	0.1	2.615803e-08	1.531162e-08	0.1	2.615803e-08	4.012914e-05	0.1	2.615803e-08	4.933747e-10	0.1
2.845145e-08	0.58494	0.1	2.845145e-08	0.03909896	0.1	2.845145e-08	1.187606e-06	0.1	2.845145e-08	4.320861e-06	0.1	2.845145e-08	0.3713827	0.1	2.845145e-08	0.0007662796	0.1	2.845145e-08	0.0003263066	0.1	2.845145e-08	0.0008913713	0.1	2.845145e-08	0.000527072	0.1	2.845145e-08	0.000117696	0.1	2.845145e-08	1.698707e-08	0.1	2.845145e-08	4.081457e-05	0.1	2.845145e-08	5.123658e-10	0.1
3.074487e-08	0.5847687	0.1	3.074487e-08	0.03908753	0.1	3.074487e-08	1.217852e-06	0.1	3.074487e-08	4.757759e-06	0.1	3.074487e-08	0.3712739	0.1	3.074487e-08	0.0008260629	0.1	3.074487e-08	0.0003471743	0.1	3.074487e-08	0.0009850617	0.1	3.074487e-08	0.0005276508	0.1	3.074487e-08	0.0001175999	0.1	3.074487e-08	1.867412e-08	0.1	3.074487e-08	4.137488e-05	0.1	3.074487e-08	5.289762e-10	0.1
3.341444e-08	0.5845703	0.1	3.341444e-08	0.03907429	0.1	3.341444e-08	1.247704e-06	0.1	3.341444e-08	5.272208e-06	0.1	3.341444e-08	0.371148	0.1	3.341444e-08	0.0008938865	0.1	3.341444e-08	0.0003701158	0.1	3.341444e-08	0.001096004	0.1	3.341444e-08	0.0005279619	0.1	3.341444e-08	0.0001174786	0.1	3.341444e-08	2.065083e-08	0.1	3.341444e-08	4.190251e-05	0.1	3.341444e-08	5.457683e-10	0.1
3.617806e-08	0.5843659	0.1	3.617806e-08	0.03906065	0.1	3.617806e-08	1.273488e-06	0.1	3.617806e-08	5.810408e-06	0.1	3.617806e-08	0.3710182	0.1	3.617806e-08	0.000962117	0.1	3.617806e-08	0.000392335	0.1	3.617806e-08	0.001212887	0.1	3.617806e-08	0.0005280566	0.1	3.617806e-08	0.0001173641	0.1	3.617806e-08	2.271065e-08	0.1	3.617806e-08	4.233751e-05	0.1	3.617806e-08	5.607306e-10	0.1
3.940305e-08	0.5841285	0.1	3.940305e-08	0.0390448	0.1	3.940305e-08	1.298135e-06	0.1	3.940305e-08	6.444465e-06	0.1	3.940305e-08	0.3708675	0.1	3.940305e-08	0.001039238	0.1	3.940305e-08	0.0004163184	0.1	3.940305e-08	0.001351777	0.1	3.940305e-08	0.0005280195	0.1	3.940305e-08	0.000117255	0.1	3.940305e-08	2.513058e-08	0.1	3.940305e-08	4.273447e-05	0.1	3.940305e-08	5.756191e-10	0.1
4.274339e-08	0.5838837	0.1	4.274339e-08	0.03902846	0.1	4.274339e-08	1.31863e-06	0.1	4.274339e-08	7.106804e-06	0.1	4.274339e-08	0.3707121	0.1	4.274339e-08	0.001116351	0.1	4.274339e-08	0.0004390071	0.1	4.274339e-08	0.001498348	0.1	4.274339e-08	0.0005279046	0.1	4.274339e-08	0.0001171703	0.1	4.274339e-08	2.765458e-08	0.1	4.274339e-08	4.304938e-05	0.1	4.274339e-08	5.886524e-10	0.1
4.68149e-08	0.5835867	0.1	4.68149e-08	0.03900863	0.1	4.68149e-08	1.338129e-06	0.1	4.68149e-08	7.920313e-06	0.1	4.68149e-08	0.3705235	0.1	4.68149e-08	0.001206667	0.1	4.68149e-08	0.000463828	0.1	4.68149e-08	0.001680577	0.1	4.68149e-08	0.0005277261	0.1	4.68149e-08	0.0001170989	0.1	4.68149e-08	3.075414e-08	0.1	4.68149e-08	4.333459e-05	0.1	4.68149e-08	6.019065e-10	0.1
5.140339e-08	0.5832537	0.1	5.140339e-08	0.0389864	0.1	5.140339e-08	1.354552e-06	0.1	5.140339e-08	8.843499e-06	0.1	5.140339e-08	0.3703121	0.1	5.140339e-08	0.0013038	0.1	5.140339e-08	0.0004883056	0.1	5.140339e-08	0.001890433	0.1	5.140339e-08	0.0005275145	0.1	5.140339e-08	0.0001170476	0.1	5.140339e-08	3.427627e-08	0.1	5.140339e-08	4.3562e-05	0.1	5.140339e-08	6.141132e-10	0.1
5.656487e-08	0.5828809	0.1	5.656487e-08	0.0389615	0.1	5.656487e-08	1.367827e-06	0.1	5.656487e-08	9.888084e-06	0.1	5.656487e-08	0.3700754	0.1	5.656487e-08	0.00140745	0.1	5.656487e-08	0.0005118073	0.1	5.656487e-08	0.002131884	0.1	5.656487e-08	0.0005272819	0.1	5.656487e-08	0.0001170119	0.1	5.656487e-08	3.827313e-08	0.1	5.656487e-08	4.373512e-05	0.1	5.656487e-08	6.251777e-10	0.1
6.263964e-08	0.582444	0.1	6.263964e-08	0.03893233	0.1	6.263964e-08	1.378456e-06	0.1	6.263964e-08	1.112355e-05	0.1	6.263964e-08	0.369798	0.1	6.263964e-08	0.001522238	0.1	6.263964e-08	0.0005346449	0.1	6.263964e-08	0.002422945	0.1	6.263964e-08	0.0005270192	0.1	6.263964e-08	0.0001169839	0.1	6.263964e-08	4.302178e-08	0.1	6.263964e-08	4.386427e-05	0.1	6.263964e-08	6.354554e-10	0.1
6.897966e-08	0.5819894	0.1	6.897966e-08	0.03890197	0.1	6.897966e-08	1.385614e-06	0.1	6.897966e-08	1.241786e-05	0.1	6.897966e-08	0.3695094	0.1	6.897966e-08	0.00163423	0.1	6.897966e-08	0.0005537381	0.1	6.897966e-08	0.002734139	0.1	6.897966e-08	0.0005267531	0.1	6.897966e-08	0.0001169593	0.1	6.897966e-08	4.80258e-08	0.1	6.897966e-08	4.394382e-05	0.1	6.897966e-08	6.437942e-10	0.1
7.638073e-08	0.5814599	0.1	7.638073e-08	0.03886659	0.1	7.638073e-08	1.390656e-06	0.1	7.638073e-08	1.393301e-05	0.1	7.638073e-08	0.3691732	0.1	7.638073e-08	0.001755556	0.1	7.638073e-08	0.0005710073	0.1	7.638073e-08	0.003106304	0.1	7.638073e-08	0.0005264453	0.1	7.638073e-08	0.000116928	0.1	7.638073e-08	5.392486e-08	0.1	7.638073e-08	4.399275e-05	0.1	7.638073e-08	6.512187e-10	0.1
8.378179e-08	0.5809306	0.1	8.378179e-08	0.03883123	0.1	8.378179e-08	1.39343e-06	0.1	8.378179e-08	1.545105e-05	0.1	8.378179e-08	0.3688371	0.1	8.378179e-08	0.001867471	0.1	8.378179e-08	0.000583983	0.1	8.378179e-08	0.003487295	0.1	8.378179e-08	0.0005261349	0.1	8.378179e-08	0.00011689	0.1	8.378179e-08	5.988148e-08	0.1	8.378179e-08	4.401295e-05	0.1	8.378179e-08	6.567695e-10	0.1
9.284189e-08	0.5802819	0.1	9.284189e-08	0.03878789	0.1	9.284189e-08	1.394962e-06	0.1	9.284189e-08	1.731161e-05	0.1	9.284189e-08	0.3684253	0.1	9.284189e-08	0.001992692	0.1	9.284189e-08	0.0005954346	0.1	9.284189e-08	0.00396464	0.1	9.284189e-08	0.0005257469	0.1	9.284189e-08	0.0001168334	0.1	9.284189e-08	6.724602e-08	0.1	9.284189e-08	4.401476e-05	0.1	9.284189e-08	6.616711e-10	0.1
1.035936e-07	0.5795101	0.1	1.035936e-07	0.0387363	0.1	1.035936e-07	1.395269e-06	0.1	1.035936e-07	1.952089e-05	0.1	1.035936e-07	0.3679352	0.1	1.035936e-07	0.002125999	0.1	1.035936e-07	0.0006044699	0.1	1.035936e-07	0.004545165	0.1	1.035936e-07	0.0005252736	0.1	1.035936e-07	0.000116753	0.1	1.035936e-07	7.608213e-08	0.1	1.035936e-07	4.39983e-05	0.1	1.035936e-07	6.65531e-10	0.1
1.15473e-07	0.5786536	0.1	1.15473e-07	0.03867906	0.1	1.15473e-07	1.394608e-06	0.1	1.15473e-07	2.196187e-05	0.1	1.15473e-07	0.3673915	0.1	1.15473e-07	0.002256022	0.1	1.15473e-07	0.0006105937	0.1	1.15473e-07	0.005202229	0.1	1.15473e-07	0.0005247354	0.1	1.15473e-07	0.0001166512	0.1	1.15473e-07	8.595912e-08	0.1	1.15473e-07	4.396729e-05	0.1	1.15473e-07	6.680913e-10	0.1
1.273524e-07	0.5777928	0.1	1.273524e-07	0.03862153	0.1	1.273524e-07	1.393421e-06	0.1	1.273524e-07	2.440148e-05	0.1	1.273524e-07	0.3668449	0.1	1.273524e-07	0.002369994	0.1	1.273524e-07	0.0006141283	0.1	1.273524e-07	0.005873594	0.1	1.273524e-07	0.0005241838	0.1	1.273524e-07	0.0001165397	0.1	1.273524e-07	9.594963e-08	0.1	1.273524e-07	4.392887e-05	0.1	1.273524e-07	6.694621e-10	0.1
1.392318e-07	0.5769277	0.1	1.392318e-07	0.03856371	0.1	1.392318e-07	1.391972e-06	0.1	1.392318e-07	2.683883e-05	0.1	1.392318e-07	0.3662957	0.1	1.392318e-07	0.002469818	0.1	1.392318e-07	0.0006160481	0.1	1.392318e-07	0.006557325	0.1	1.392318e-07	0.0005236219	0.1	1.392318e-07	0.0001164214	0.1	1.392318e-07	1.060493e-07	0.1	1.392318e-07	4.38862e-05	0.1	1.392318e-07	6.700593e-10	0.1
1.511112e-07	0.5760586	0.1	1.511112e-07	0.03850562	0.1	1.511112e-07	1.390386e-06	0.1	1.511112e-07	2.927324e-05	0.1	1.511112e-07	0.3657439	0.1	1.511112e-07	0.002557169	0.1	1.511112e-07	0.0006169659	0.1	1.511112e-07	0.007251719	0.1	1.511112e-07	0.0005230518	0.1	1.511112e-07	0.0001162987	0.1	1.511112e-07	1.162552e-07	0.1	1.511112e-07	4.384097e-05	0.1	1.511112e-07	6.701579e-10	0.1
1.629906e-07	0.575186	0.1	1.629906e-07	0.03844729	0.1	1.629906e-07	1.388727e-06	0.1	1.629906e-07	3.170421e-05	0.1	1.629906e-07	0.3651899	0.1	1.629906e-07	0.00263353	0.1	1.629906e-07	0.0006172635	0.1	1.629906e-07	0.007955279	0.1	1.629906e-07	0.0005224753	0.1	1.629906e-07	0.0001161728	0.1	1.629906e-07	1.265652e-07	0.1	1.629906e-07	4.379412e-05	0.1	1.629906e-07	6.699377e-10	0.1
1.769284e-07	0.5741583	0.1	1.769284e-07	0.03837859	0.1	1.769284e-07	1.386729e-06	0.1	1.769284e-07	3.45515e-05	0.1	1.769284e-07	0.3645373	0.1	1.769284e-07	0.002710861	0.1	1.769284e-07	0.0006171355	0.1	1.769284e-07	0.008790674	0.1	1.769284e-07	0.0005217927	0.1	1.769284e-07	0.0001160224	0.1	1.769284e-07	1.387925e-07	0.1	1.769284e-07	4.373783e-05	0.1	1.769284e-07	6.69427e-10	0.1
1.913809e-07	0.573089	0.1	1.913809e-07	0.03830712	0.1	1.913809e-07	1.384623e-06	0.1	1.913809e-07	3.749779e-05	0.1	1.913809e-07	0.3638585	0.1	1.913809e-07	0.002778926	0.1	1.913809e-07	0.0006166852	0.1	1.913809e-07	0.009666359	0.1	1.913809e-07	0.0005210793	0.1	1.913809e-07	0.0001158643	0.1	1.913809e-07	1.516186e-07	0.1	1.913809e-07	4.36785e-05	0.1	1.913809e-07	6.687253e-10	0.1
2.076946e-07	0.5718787	0.1	2.076946e-07	0.03822622	0.1	2.076946e-07	1.382224e-06	0.1	2.076946e-07	4.081543e-05	0.1	2.076946e-07	0.36309	0.1	2.076946e-07	0.002843104	0.1	2.076946e-07	0.0006159633	0.1	2.076946e-07	0.01066419	0.1	2.076946e-07	0.000520269	0.1	2.076946e-07	0.0001156843	0.1	2.076946e-07	1.662748e-07	0.1	2.076946e-07	4.361078e-05	0.1	2.076946e-07	6.678147e-10	0.1
2.252491e-07	0.5705736	0.1	2.252491e-07	0.03813899	0.1	2.252491e-07	1.379627e-06	0.1	2.252491e-07	4.437526e-05	0.1	2.252491e-07	0.3622614	0.1	2.252491e-07	0.002899538	0.1	2.252491e-07	0.0006150533	0.1	2.252491e-07	0.01174666	0.1	2.252491e-07	0.0005193926	0.1	2.252491e-07	0.0001154894	0.1	2.252491e-07	1.822549e-07	0.1	2.252491e-07	4.353736e-05	0.1	2.252491e-07	6.667592e-10	0.1
2.451192e-07	0.5690946	0.1	2.451192e-07	0.03804012	0.1	2.451192e-07	1.376676e-06	0.1	2.451192e-07	4.839136e-05	0.1	2.451192e-07	0.3613224	0.1	2.451192e-07	0.002950367	0.1	2.451192e-07	0.0006139413	0.1	2.451192e-07	0.01298013	0.1	2.451192e-07	0.0005183969	0.1	2.451192e-07	0.0001152677	0.1	2.451192e-07	2.006021e-07	0.1	2.451192e-07	4.345384e-05	0.1	2.451192e-07	6.65517e-10	0.1
2.665331e-07	0.5675	0.1	2.665331e-07	0.03793354	0.1	2.665331e-07	1.37349e-06	0.1	2.665331e-07	5.2703e-05	0.1	2.665331e-07	0.36031	0.1	2.665331e-07	0.002992557	0.1	2.665331e-07	0.000612698	0.1	2.665331e-07	0.0143163	0.1	2.665331e-07	0.0005173211	0.1	2.665331e-07	0.0001150282	0.1	2.665331e-07	2.206798e-07	0.1	2.665331e-07	4.336357e-05	0.1	2.665331e-07	6.641519e-10	0.1
2.87947e-07	0.5659063	0.1	2.87947e-07	0.03782701	0.1	2.87947e-07	1.370302e-06	0.1	2.87947e-07	5.699701e-05	0.1	2.87947e-07	0.3592981	0.1	2.87947e-07	0.003024302	0.1	2.87947e-07	0.0006114348	0.1	2.87947e-07	0.01565699	0.1	2.87947e-07	0.0005162439	0.1	2.87947e-07	0.0001147885	0.1	2.87947e-07	2.410705e-07	0.1	2.87947e-07	4.327319e-05	0.1	2.87947e-07	6.627751e-10	0.1
3.137591e-07	0.563988	0.1	3.137591e-07	0.03769878	0.1	3.137591e-07	1.366463e-06	0.1	3.137591e-07	6.214896e-05	0.1	3.137591e-07	0.3580802	0.1	3.137591e-07	0.003051691	0.1	3.137591e-07	0.0006099024	0.1	3.137591e-07	0.01727612	0.1	3.137591e-07	0.0005149453	0.1	3.137591e-07	0.0001144995	0.1	3.137591e-07	2.660607e-07	0.1	3.137591e-07	4.316424e-05	0.1	3.137591e-07	6.611102e-10	0.1
3.395712e-07	0.5620744	0.1	3.395712e-07	0.03757087	0.1	3.395712e-07	1.362631e-06	0.1	3.395712e-07	6.727423e-05	0.1	3.395712e-07	0.3568652	0.1	3.395712e-07	0.003069915	0.1	3.395712e-07	0.0006083677	0.1	3.395712e-07	0.01889594	0.1	3.395712e-07	0.0005136481	0.1	3.395712e-07	0.0001142108	0.1	3.395712e-07	2.914952e-07	0.1	3.395712e-07	4.305543e-05	0.1	3.395712e-07	6.594451e-10	0.1
3.653833e-07	0.5601665	0.1	3.653833e-07	0.03744334	0.1	3.653833e-07	1.358808e-06	0.1	3.653833e-07	7.23725e-05	0.1	3.653833e-07	0.3556539	0.1	3.653833e-07	0.003081194	0.1	3.653833e-07	0.0006068348	0.1	3.653833e-07	0.0205143	0.1	3.653833e-07	0.0005123533	0.1	3.653833e-07	0.0001139227	0.1	3.653833e-07	3.173679e-07	0.1	3.653833e-07	4.294684e-05	0.1	3.653833e-07	6.577826e-10	0.1
3.922466e-07	0.5581881	0.1	3.922466e-07	0.0373111	0.1	3.922466e-07	1.354842e-06	0.1	3.922466e-07	7.764955e-05	0.1	3.922466e-07	0.3543978	0.1	3.922466e-07	0.003087365	0.1	3.922466e-07	0.0006052433	0.1	3.922466e-07	0.02219529	0.1	3.922466e-07	0.0005110094	0.1	3.922466e-07	0.0001136238	0.1	3.922466e-07	3.447531e-07	0.1	3.922466e-07	4.283415e-05	0.1	3.922466e-07	6.56057e-10	0.1
4.233145e-07	0.55591	0.1	4.233145e-07	0.03715883	0.1	4.233145e-07	1.350275e-06	0.1	4.233145e-07	8.371577e-05	0.1	4.233145e-07	0.3529514	0.1	4.233145e-07	0.003089257	0.1	4.233145e-07	0.0006034091	0.1	4.233145e-07	0.02413348	0.1	4.233145e-07	0.0005094606	0.1	4.233145e-07	0.0001132793	0.1	4.233145e-07	3.769993e-07	0.1	4.233145e-07	4.270429e-05	0.1	4.233145e-07	6.540684e-10	0.1
4.543823e-07	0.5536435	0.1	4.543823e-07	0.03700732	0.1	4.543823e-07	1.345729e-06	0.1	4.543823e-07	8.974253e-05	0.1	4.543823e-07	0.3515124	0.1	4.543823e-07	0.003087067	0.1	4.543823e-07	0.0006015828	0.1	4.543823e-07	0.0260639	0.1	4.543823e-07	0.0005079185	0.1	4.543823e-07	0.0001129363	0.1	4.543823e-07	4.098514e-07	0.1	4.543823e-07	4.2575e-05	0.1	4.543823e-07	6.520885e-10	0.1
4.854502e-07	0.551389	0.1	4.854502e-07	0.03685663	0.1	4.854502e-07	1.341206e-06	0.1	4.854502e-07	9.572994e-05	0.1	4.854502e-07	0.350081	0.1	4.854502e-07	0.003081968	0.1	4.854502e-07	0.0005997651	0.1	4.854502e-07	0.0279855	0.1	4.854502e-07	0.0005063836	0.1	4.854502e-07	0.000112595	0.1	4.854502e-07	4.432982e-07	0.1	4.854502e-07	4.244633e-05	0.1	4.854502e-07	6.50118e-10	0.1
5.215747e-07	0.5487833	0.1	5.215747e-07	0.03668245	0.1	5.215747e-07	1.335978e-06	0.1	5.215747e-07	0.0001026426	0.1	5.215747e-07	0.3484266	0.1	5.215747e-07	0.003073484	0.1	5.215747e-07	0.000597663	0.1	5.215747e-07	0.03020782	0.1	5.215747e-07	0.0005046084	0.1	5.215747e-07	0.0001122002	0.1	5.215747e-07	4.829214e-07	0.1	5.215747e-07	4.229752e-05	0.1	5.215747e-07	6.478391e-10	0.1
5.589634e-07	0.5461045	0.1	5.589634e-07	0.03650339	0.1	5.589634e-07	1.330602e-06	0.1	5.589634e-07	0.0001097419	0.1	5.589634e-07	0.3467258	0.1	5.589634e-07	0.003062737	0.1	5.589634e-07	0.0005955006	0.1	5.589634e-07	0.0324935	0.1	5.589634e-07	0.0005027824	0.1	5.589634e-07	0.0001117942	0.1	5.589634e-07	5.247421e-07	0.1	5.589634e-07	4.214445e-05	0.1	5.589634e-07	6.454949e-10	0.1
5.963521e-07	0.5434442	0.1	5.963521e-07	0.03632557	0.1	5.963521e-07	1.325262e-06	0.1	5.963521e-07	0.0001167853	0.1	5.963521e-07	0.3450368	0.1	5.963521e-07	0.003050678	0.1	5.963521e-07	0.000593352	0.1	5.963521e-07	0.03476404	0.1	5.963521e-07	0.000500968	0.1	5.963521e-07	0.0001113907	0.1	5.963521e-07	5.67367e-07	0.1	5.963521e-07	4.199236e-05	0.1	5.963521e-07	6.431657e-10	0.1
6.401801e-07	0.5403495	0.1	6.401801e-07	0.03611871	0.1	6.401801e-07	1.319048e-06	0.1	6.401801e-07	0.0001249713	0.1	6.401801e-07	0.3430719	0.1	6.401801e-07	0.003035489	0.1	6.401801e-07	0.0005908512	0.1	6.401801e-07	0.03740597	0.1	6.401801e-07	0.000498856	0.1	6.401801e-07	0.0001109211	0.1	6.401801e-07	6.183283e-07	0.1	6.401801e-07	4.181534e-05	0.1	6.401801e-07	6.404547e-10	0.1
6.85618e-07	0.5371681	0.1	6.85618e-07	0.03590606	0.1	6.85618e-07	1.31266e-06	0.1	6.85618e-07	0.0001333786	0.1	6.85618e-07	0.341052	0.1	6.85618e-07	0.00301903	0.1	6.85618e-07	0.0005882788	0.1	6.85618e-07	0.04012233	0.1	6.85618e-07	0.0004966836	0.1	6.85618e-07	0.000110438	0.1	6.85618e-07	6.7226e-07	0.1	6.85618e-07	4.163325e-05	0.1	6.85618e-07	6.376661e-10	0.1
7.347232e-07	0.5337607	0.1	7.347232e-07	0.03567829	0.1	7.347232e-07	1.305816e-06	0.1	7.347232e-07	0.0001423747	0.1	7.347232e-07	0.3388886	0.1	7.347232e-07	0.003000809	0.1	7.347232e-07	0.0005855219	0.1	7.347232e-07	0.04303201	0.1	7.347232e-07	0.0004943555	0.1	7.347232e-07	0.0001099204	0.1	7.347232e-07	7.317561e-07	0.1	7.347232e-07	4.143811e-05	0.1	7.347232e-07	6.346776e-10	0.1
7.893292e-07	0.5300086	0.1	7.893292e-07	0.03542749	0.1	7.893292e-07	1.298279e-06	0.1	7.893292e-07	0.0001522705	0.1	7.893292e-07	0.3365064	0.1	7.893292e-07	0.00298032	0.1	7.893292e-07	0.0005824843	0.1	7.893292e-07	0.04623618	0.1	7.893292e-07	0.0004917902	0.1	7.893292e-07	0.00010935	0.1	7.893292e-07	7.99334e-07	0.1	7.893292e-07	4.122309e-05	0.1	7.893292e-07	6.313847e-10	0.1
8.484864e-07	0.5259874	0.1	8.484864e-07	0.0351587	0.1	8.484864e-07	1.290199e-06	0.1	8.484864e-07	0.0001628648	0.1	8.484864e-07	0.3339533	0.1	8.484864e-07	0.002958077	0.1	8.484864e-07	0.0005792265	0.1	8.484864e-07	0.04967034	0.1	8.484864e-07	0.000489039	0.1	8.484864e-07	0.0001087382	0.1	8.484864e-07	8.741466e-07	0.1	8.484864e-07	4.099248e-05	0.1	8.484864e-07	6.278532e-10	0.1
9.144703e-07	0.5215548	0.1	9.144703e-07	0.03486241	0.1	9.144703e-07	1.28129e-06	0.1	9.144703e-07	0.000174529	0.1	9.144703e-07	0.331139	0.1	9.144703e-07	0.002933374	0.1	9.144703e-07	0.0005756327	0.1	9.144703e-07	0.05345593	0.1	9.144703e-07	0.000486004	0.1	9.144703e-07	0.0001080634	0.1	9.144703e-07	9.594457e-07	0.1	9.144703e-07	4.07381e-05	0.1	9.144703e-07	6.239573e-10	0.1
9.887535e-07	0.51663	0.1	9.887535e-07	0.03453322	0.1	9.887535e-07	1.27139e-06	0.1	9.887535e-07	0.0001874714	0.1	9.887535e-07	0.3280122	0.1	9.887535e-07	0.002905813	0.1	9.887535e-07	0.0005716364	0.1	9.887535e-07	0.05766191	0.1	9.887535e-07	0.0004826291	0.1	9.887535e-07	0.000107313	0.1	9.887535e-07	1.057651e-06	0.1	9.887535e-07	4.045522e-05	0.1	9.887535e-07	6.196252e-10	0.1
1.071779e-06	0.5112059	0.1	1.071779e-06	0.03417066	0.1	1.071779e-06	1.260483e-06	0.1	1.071779e-06	0.0002017049	0.1	1.071779e-06	0.3245685	0.1	1.071779e-06	0.002875393	0.1	1.071779e-06	0.0005672306	0.1	1.071779e-06	0.06229436	0.1	1.071779e-06	0.0004789084	0.1	1.071779e-06	0.0001064857	0.1	1.071779e-06	1.169911e-06	0.1	1.071779e-06	4.014336e-05	0.1	1.071779e-06	6.148492e-10	0.1
1.167644e-06	0.5050462	0.1	1.167644e-06	0.03375893	0.1	1.167644e-06	1.248093e-06	0.1	1.167644e-06	0.000217842	0.1	1.167644e-06	0.3206576	0.1	1.167644e-06	0.002840815	0.1	1.167644e-06	0.0005622219	0.1	1.167644e-06	0.06755511	0.1	1.167644e-06	0.0004746785	0.1	1.167644e-06	0.0001055451	0.1	1.167644e-06	1.302458e-06	0.1	1.167644e-06	3.978881e-05	0.1	1.167644e-06	6.094195e-10	0.1
1.281767e-06	0.4978539	0.1	1.281767e-06	0.03327817	0.1	1.281767e-06	1.23362e-06	0.1	1.281767e-06	0.0002366477	0.1	1.281767e-06	0.3160912	0.1	1.281767e-06	0.002800424	0.1	1.281767e-06	0.0005563657	0.1	1.281767e-06	0.07369783	0.1	1.281767e-06	0.0004697329	0.1	1.281767e-06	0.0001044455	0.1	1.281767e-06	1.463756e-06	0.1	1.281767e-06	3.937428e-05	0.1	1.281767e-06	6.030712e-10	0.1
1.414893e-06	0.4896512	0.1	1.414893e-06	0.03272987	0.1	1.414893e-06	1.217107e-06	0.1	1.414893e-06	0.0002580461	0.1	1.414893e-06	0.3108832	0.1	1.414893e-06	0.002754356	0.1	1.414893e-06	0.0005496765	0.1	1.414893e-06	0.08070354	0.1	1.414893e-06	0.0004640838	0.1	1.414893e-06	0.0001031894	0.1	1.414893e-06	1.655785e-06	0.1	1.414893e-06	3.890078e-05	0.1	1.414893e-06	5.958199e-10	0.1
1.569678e-06	0.4803588	0.1	1.569678e-06	0.03210874	0.1	1.569678e-06	1.19839e-06	0.1	1.569678e-06	0.0002822227	0.1	1.569678e-06	0.3049834	0.1	1.569678e-06	0.002702172	0.1	1.569678e-06	0.0005420847	0.1	1.569678e-06	0.08863995	0.1	1.569678e-06	0.0004576725	0.1	1.569678e-06	0.0001017638	0.1	1.569678e-06	1.882782e-06	0.1	1.569678e-06	3.83634e-05	0.1	1.569678e-06	5.875901e-10	0.1
1.785243e-06	0.4678378	0.1	1.785243e-06	0.0312718	0.1	1.785243e-06	1.173153e-06	0.1	1.785243e-06	0.000314689	0.1	1.785243e-06	0.2970337	0.1	1.785243e-06	0.002631867	0.1	1.785243e-06	0.0005318308	0.1	1.785243e-06	0.09933394	0.1	1.785243e-06	0.000449013	0.1	1.785243e-06	9.983834e-05	0.1	1.785243e-06	2.202224e-06	0.1	1.785243e-06	3.763758e-05	0.1	1.785243e-06	5.764746e-10	0.1
2.070028e-06	0.4520061	0.1	2.070028e-06	0.03021355	0.1	2.070028e-06	1.141216e-06	0.1	2.070028e-06	0.000355554	0.1	2.070028e-06	0.2869821	0.1	2.070028e-06	0.002542991	0.1	2.070028e-06	0.0005188233	0.1	2.070028e-06	0.1128557	0.1	2.070028e-06	0.0004380279	0.1	2.070028e-06	9.739579e-05	0.1	2.070028e-06	2.622656e-06	0.1	2.070028e-06	3.671683e-05	0.1	2.070028e-06	5.623739e-10	0.1
2.449344e-06	0.432087	0.1	2.449344e-06	0.02888209	0.1	2.449344e-06	1.100987e-06	0.1	2.449344e-06	0.0004066658	0.1	2.449344e-06	0.2743352	0.1	2.449344e-06	0.002431198	0.1	2.449344e-06	0.0005023847	0.1	2.449344e-06	0.1298688	0.1	2.449344e-06	0.0004241453	0.1	2.449344e-06	9.430895e-05	0.1	2.449344e-06	3.163871e-06	0.1	2.449344e-06	3.555322e-05	0.1	2.449344e-06	5.445538e-10	0.1
3.022195e-06	0.4042962	0.1	3.022195e-06	0.02702447	0.1	3.022195e-06	1.044772e-06	0.1	3.022195e-06	0.0004773843	0.1	3.022195e-06	0.2566907	0.1	3.022195e-06	0.002275287	0.1	3.022195e-06	0.0004792997	0.1	3.022195e-06	0.1536057	0.1	3.022195e-06	0.0004046497	0.1	3.022195e-06	8.997405e-05	0.1	3.022195e-06	3.903408e-06	0.1	3.022195e-06	3.391913e-05	0.1	3.022195e-06	5.195288e-10	0.1
3.728168e-06	0.3733877	0.1	3.728168e-06	0.02495844	0.1	3.728168e-06	9.821184e-07	0.1	3.728168e-06	0.0005551573	0.1	3.728168e-06	0.2370666	0.1	3.728168e-06	0.002101974	0.1	3.728168e-06	0.0004533897	0.1	3.728168e-06	0.1800066	0.1	3.728168e-06	0.0003827682	0.1	3.728168e-06	8.510865e-05	0.1	3.728168e-06	4.642826e-06	0.1	3.728168e-06	3.208508e-05	0.1	3.728168e-06	4.914414e-10	0.1
4.097795e-06	0.3585059	0.1	4.097795e-06	0.02396369	0.1	4.097795e-06	9.518963e-07	0.1	4.097795e-06	0.000592234	0.1	4.097795e-06	0.227618	0.1	4.097795e-06	0.002018564	0.1	4.097795e-06	0.0004408139	0.1	4.097795e-06	0.1927185	0.1	4.097795e-06	0.0003721477	0.1	4.097795e-06	8.274715e-05	0.1	4.097795e-06	4.951351e-06	0.1	4.097795e-06	3.119489e-05	0.1	4.097795e-06	4.778087e-10	0.1
4.572357e-06	0.3405722	0.1	4.572357e-06	0.02276495	0.1	4.572357e-06	9.154216e-07	0.1	4.572357e-06	0.0006365509	0.1	4.572357e-06	0.2162318	0.1	4.572357e-06	0.001918081	0.1	4.572357e-06	0.0004255612	0.1	4.572357e-06	0.2080377	0.1	4.572357e-06	0.0003592665	0.1	4.572357e-06	7.988297e-05	0.1	4.572357e-06	5.276181e-06	0.1	4.572357e-06	3.011521e-05	0.1	4.572357e-06	4.612742e-10	0.1
5.116874e-06	0.3214717	0.1	5.116874e-06	0.02148821	0.1	5.116874e-06	8.764991e-07	0.1	5.116874e-06	0.0006832558	0.1	5.116874e-06	0.2041048	0.1	5.116874e-06	0.001811103	0.1	5.116874e-06	0.0004091858	0.1	5.116874e-06	0.2243541	0.1	5.116874e-06	0.000345437	0.1	5.116874e-06	7.680794e-05	0.1	5.116874e-06	5.565732e-06	0.1	5.116874e-06	2.895605e-05	0.1	5.116874e-06	4.435225e-10	0.1
5.737077e-06	0.3014402	0.1	5.737077e-06	0.02014924	0.1	5.737077e-06	8.355832e-07	0.1	5.737077e-06	0.0007315985	0.1	5.737077e-06	0.1913867	0.1	5.737077e-06	0.001698961	0.1	5.737077e-06	0.0003918496	0.1	5.737077e-06	0.2414665	0.1	5.737077e-06	0.0003307961	0.1	5.737077e-06	7.355249e-05	0.1	5.737077e-06	5.811824e-06	0.1	5.737077e-06	2.772888e-05	0.1	5.737077e-06	4.247293e-10	0.1
6.471904e-06	0.2798107	0.1	6.471904e-06	0.01870345	0.1	6.471904e-06	7.91272e-07	0.1	6.471904e-06	0.0007829286	0.1	6.471904e-06	0.1776539	0.1	6.471904e-06	0.001577933	0.1	6.471904e-06	0.0003729171	0.1	6.471904e-06	0.259945	0.1	6.471904e-06	0.000314807	0.1	6.471904e-06	6.999726e-05	0.1	6.471904e-06	6.021252e-06	0.1	6.471904e-06	2.638871e-05	0.1	6.471904e-06	4.042056e-10	0.1
7.398886e-06	0.2553557	0.1	7.398886e-06	0.0170688	0.1	7.398886e-06	7.409742e-07	0.1	7.398886e-06	0.0008396489	0.1	7.398886e-06	0.1621272	0.1	7.398886e-06	0.001441177	0.1	7.398886e-06	0.0003512007	0.1	7.398886e-06	0.2808387	0.1	7.398886e-06	0.0002964667	0.1	7.398886e-06	6.591923e-05	0.1	7.398886e-06	6.202406e-06	0.1	7.398886e-06	2.485147e-05	0.1	7.398886e-06	3.80664e-10	0.1
8.709473e-06	0.2253157	0.1	8.709473e-06	0.01506083	0.1	8.709473e-06	6.788281e-07	0.1	8.709473e-06	0.0009069255	0.1	8.709473e-06	0.1430546	0.1	8.709473e-06	0.00127332	0.1	8.709473e-06	0.0003239791	0.1	8.709473e-06	0.3065064	0.1	8.709473e-06	0.0002734768	0.1	8.709473e-06	6.080735e-05	0.1	8.709473e-06	6.364902e-06	0.1	8.709473e-06	2.292451e-05	0.1	8.709473e-06	3.511544e-10	0.1
1.002006e-05	0.1996471	0.1	1.002006e-05	0.01334506	0.1	1.002006e-05	6.253195e-07	0.1	1.002006e-05	0.0009617185	0.1	1.002006e-05	0.1267575	0.1	1.002006e-05	0.001130014	0.1	1.002006e-05	0.0003001266	0.1	1.002006e-05	0.3284415	0.1	1.002006e-05	0.0002533323	0.1	1.002006e-05	5.632812e-05	0.1	1.002006e-05	6.463948e-06	0.1	1.002006e-05	2.123604e-05	0.1	1.002006e-05	3.252971e-10	0.1
1.16582e-05	0.1724977	0.1	1.16582e-05	0.0115303	0.1	1.16582e-05	5.681841e-07	0.1	1.16582e-05	0.00101609	0.1	1.16582e-05	0.1095201	0.1	1.16582e-05	0.0009785799	0.1	1.16582e-05	0.0002741377	0.1	1.16582e-05	0.3516455	0.1	1.16582e-05	0.000231383	0.1	1.16582e-05	5.144761e-05	0.1	1.16582e-05	6.535177e-06	0.1	1.16582e-05	1.939631e-05	0.1	1.16582e-05	2.971236e-10	0.1
1.329634e-05	0.1497432	0.1	1.329634e-05	0.01000932	0.1	1.329634e-05	5.197282e-07	0.1	1.329634e-05	0.001057881	0.1	1.329634e-05	0.09507306	0.1	1.329634e-05	0.0008517808	0.1	1.329634e-05	0.0002515806	0.1	1.329634e-05	0.3710966	0.1	1.329634e-05	0.000212332	0.1	1.329634e-05	4.721152e-05	0.1	1.329634e-05	6.5694e-06	0.1	1.329634e-05	1.77995e-05	0.1	1.329634e-05	2.726703e-10	0.1
1.493447e-05	0.1305064	0.1	1.493447e-05	0.008723468	0.1	1.493447e-05	4.782195e-07	0.1	1.493447e-05	0.001089602	0.1	1.493447e-05	0.08285946	0.1	1.493447e-05	0.0007446777	0.1	1.493447e-05	0.0002317965	0.1	1.493447e-05	0.3875441	0.1	1.493447e-05	0.0001956227	0.1	1.493447e-05	4.349614e-05	0.1	1.493447e-05	6.57933e-06	0.1	1.493447e-05	1.639897e-05	0.1	1.493447e-05	2.51223e-10	0.1
1.657261e-05	0.114124	0.1	1.657261e-05	0.007628417	0.1	1.657261e-05	4.423496e-07	0.1	1.657261e-05	0.001113163	0.1	1.657261e-05	0.07245817	0.1	1.657261e-05	0.0006535398	0.1	1.657261e-05	0.000214288	0.1	1.657261e-05	0.4015541	0.1	1.657261e-05	0.0001808352	0.1	1.657261e-05	4.020805e-05	0.1	1.657261e-05	6.572591e-06	0.1	1.657261e-05	1.515953e-05	0.1	1.657261e-05	2.322425e-10	0.1
1.821075e-05	0.1000853	0.1	1.821075e-05	0.006690028	0.1	1.821075e-05	4.11112e-07	0.1	1.821075e-05	0.00113004	0.1	1.821075e-05	0.06354492	0.1	1.821075e-05	0.0005754973	0.1	1.821075e-05	0.0001986724	0.1	1.821075e-05	0.4135627	0.1	1.821075e-05	0.0001676464	0.1	1.821075e-05	3.727542e-05	0.1	1.821075e-05	6.554076e-06	0.1	1.821075e-05	1.405407e-05	0.1	1.821075e-05	2.153141e-10	0.1
1.984889e-05	0.08799075	0.1	1.984889e-05	0.005881587	0.1	1.984889e-05	3.837198e-07	0.1	1.984889e-05	0.001141391	0.1	1.984889e-05	0.05586598	0.1	1.984889e-05	0.0005083064	0.1	1.984889e-05	0.0001846508	0.1	1.984889e-05	0.4239111	0.1	1.984889e-05	0.0001558035	0.1	1.984889e-05	3.464208e-05	0.1	1.984889e-05	6.527049e-06	0.1	1.984889e-05	1.306144e-05	0.1	1.984889e-05	2.001135e-10	0.1
2.148703e-05	0.07752303	0.1	2.148703e-05	0.00518189	0.1	2.148703e-05	3.595492e-07	0.1	2.148703e-05	0.001148143	0.1	2.148703e-05	0.04921995	0.1	2.148703e-05	0.0004501879	0.1	2.148703e-05	0.0001719858	0.1	2.148703e-05	0.4328702	0.1	2.148703e-05	0.0001451064	0.1	2.148703e-05	3.22635e-05	0.1	2.148703e-05	6.493758e-06	0.1	2.148703e-05	1.216484e-05	0.1	2.148703e-05	1.863836e-10	0.1
2.312516e-05	0.06842725	0.1	2.312516e-05	0.004573899	0.1	2.312516e-05	3.380996e-07	0.1	2.312516e-05	0.001151044	0.1	2.312516e-05	0.04344497	0.1	2.312516e-05	0.0003997136	0.1	2.312516e-05	0.0001604868	0.1	2.312516e-05	0.4406576	0.1	2.312516e-05	0.0001353941	0.1	2.312516e-05	3.010387e-05	0.1	2.312516e-05	6.455782e-06	0.1	2.312516e-05	1.135077e-05	0.1	2.312516e-05	1.739176e-10	0.1
2.443567e-05	0.06199788	0.1	2.443567e-05	0.004144139	0.1	2.443567e-05	3.226232e-07	0.1	2.443567e-05	0.001151007	0.1	2.443567e-05	0.03936292	0.1	2.443567e-05	0.0003640512	0.1	2.443567e-05	0.0001520219	0.1	2.443567e-05	0.4461639	0.1	2.443567e-05	0.0001282444	0.1	2.443567e-05	2.851406e-05	0.1	2.443567e-05	6.422801e-06	0.1	2.443567e-05	1.07515e-05	0.1	2.443567e-05	1.64741e-10	0.1
2.509093e-05	0.05903429	0.1	2.509093e-05	0.003946043	0.1	2.509093e-05	3.153848e-07	0.1	2.509093e-05	0.001150295	0.1	2.509093e-05	0.03748131	0.1	2.509093e-05	0.0003476171	0.1	2.509093e-05	0.0001480108	0.1	2.509093e-05	0.4487026	0.1	2.509093e-05	0.0001248564	0.1	2.509093e-05	2.776073e-05	0.1	2.509093e-05	6.405601e-06	0.1	2.509093e-05	1.046753e-05	0.1	2.509093e-05	1.603925e-10	0.1
2.550046e-05	0.05726085	0.1	2.550046e-05	0.0038275	0.1	2.550046e-05	3.110178e-07	0.1	2.550046e-05	0.001149634	0.1	2.550046e-05	0.03635534	0.1	2.550046e-05	0.000337784	0.1	2.550046e-05	0.0001455742	0.1	2.550046e-05	0.4502219	0.1	2.550046e-05	0.0001227983	0.1	2.550046e-05	2.730308e-05	0.1	2.550046e-05	6.394639e-06	0.1	2.550046e-05	1.029503e-05	0.1	2.550046e-05	1.57751e-10	0.1
2.591e-05	0.05554528	0.1	2.591e-05	0.003712827	0.1	2.591e-05	3.067662e-07	0.1	2.591e-05	0.001148814	0.1	2.591e-05	0.03526611	0.1	2.591e-05	0.0003282729	0.1	2.591e-05	0.0001431895	0.1	2.591e-05	0.4516919	0.1	2.591e-05	0.0001207841	0.1	2.591e-05	2.685521e-05	0.1	2.591e-05	6.383527e-06	0.1	2.591e-05	1.012621e-05	0.1	2.591e-05	1.551658e-10	0.1
2.634273e-05	0.05379303	0.1	2.634273e-05	0.003595701	0.1	2.634273e-05	3.023946e-07	0.1	2.634273e-05	0.001147784	0.1	2.634273e-05	0.0341536	0.1	2.634273e-05	0.0003185593	0.1	2.634273e-05	0.0001407245	0.1	2.634273e-05	0.4531934	0.1	2.634273e-05	0.0001187021	0.1	2.634273e-05	2.639224e-05	0.1	2.634273e-05	6.371631e-06	0.1	2.634273e-05	9.951692e-06	0.1	2.634273e-05	1.524934e-10	0.1
2.686828e-05	0.05174515	0.1	2.686828e-05	0.003458814	0.1	2.686828e-05	2.972455e-07	0.1	2.686828e-05	0.001146315	0.1	2.686828e-05	0.03285338	0.1	2.686828e-05	0.0003072081	0.1	2.686828e-05	0.0001378038	0.1	2.686828e-05	0.4549484	0.1	2.686828e-05	0.0001162351	0.1	2.686828e-05	2.584368e-05	0.1	2.686828e-05	6.356987e-06	0.1	2.686828e-05	9.744917e-06	0.1	2.686828e-05	1.493271e-10	0.1
2.782609e-05	0.04822631	0.1	2.782609e-05	0.003223603	0.1	2.782609e-05	2.882883e-07	0.1	2.782609e-05	0.001143064	0.1	2.782609e-05	0.03061925	0.1	2.782609e-05	0.0002877067	0.1	2.782609e-05	0.0001326772	0.1	2.782609e-05	0.4579647	0.1	2.782609e-05	0.000111905	0.1	2.782609e-05	2.488082e-05	0.1	2.782609e-05	6.329792e-06	0.1	2.782609e-05	9.381974e-06	0.1	2.782609e-05	1.437694e-10	0.1
2.920601e-05	0.04360185	0.1	2.920601e-05	0.002914489	0.1	2.920601e-05	2.76276e-07	0.1	2.920601e-05	0.001137193	0.1	2.920601e-05	0.02768314	0.1	2.920601e-05	0.0002620838	0.1	2.920601e-05	0.0001257076	0.1	2.920601e-05	0.46193	0.1	2.920601e-05	0.000106018	0.1	2.920601e-05	2.357179e-05	0.1	2.920601e-05	6.289616e-06	0.1	2.920601e-05	8.888544e-06	0.1	2.920601e-05	1.362136e-10	0.1
3.075757e-05	0.03896229	0.1	3.075757e-05	0.002604366	0.1	3.075757e-05	2.638961e-07	0.1	3.075757e-05	0.001129124	0.1	3.075757e-05	0.02473745	0.1	3.075757e-05	0.0002363839	0.1	3.075757e-05	0.0001184068	0.1	3.075757e-05	0.46591	0.1	3.075757e-05	9.985129e-05	0.1	3.075757e-05	2.220054e-05	0.1	3.075757e-05	6.243281e-06	0.1	3.075757e-05	8.371663e-06	0.1	3.075757e-05	1.282988e-10	0.1
3.257357e-05	0.03418931	0.1	3.257357e-05	0.002285324	0.1	3.257357e-05	2.507344e-07	0.1	3.257357e-05	0.001117997	0.1	3.257357e-05	0.02170704	0.1	3.257357e-05	0.0002099516	0.1	3.257357e-05	0.0001105091	0.1	3.257357e-05	0.4700067	0.1	3.257357e-05	9.318034e-05	0.1	3.257357e-05	2.071716e-05	0.1	3.257357e-05	6.187807e-06	0.1	3.257357e-05	7.812516e-06	0.1	3.257357e-05	1.197368e-10	0.1
3.438958e-05	0.03002947	0.1	3.438958e-05	0.002007267	0.1	3.438958e-05	2.388189e-07	0.1	3.438958e-05	0.001105349	0.1	3.438958e-05	0.01906594	0.1	3.438958e-05	0.0001869203	0.1	3.438958e-05	0.0001032362	0.1	3.438958e-05	0.4735794	0.1	3.438958e-05	8.703713e-05	0.1	3.438958e-05	1.935112e-05	0.1	3.438958e-05	6.131292e-06	0.1	3.438958e-05	7.297601e-06	0.1	3.438958e-05	1.118521e-10	0.1
3.620559e-05	0.02639766	0.1	3.620559e-05	0.001764505	0.1	3.620559e-05	2.279842e-07	0.1	3.620559e-05	0.001091443	0.1	3.620559e-05	0.01676007	0.1	3.620559e-05	0.0001668162	0.1	3.620559e-05	9.652229e-05	0.1	3.620559e-05	0.4767008	0.1	3.620559e-05	8.136602e-05	0.1	3.620559e-05	1.809004e-05	0.1	3.620559e-05	6.073979e-06	0.1	3.620559e-05	6.822254e-06	0.1	3.620559e-05	1.045734e-10	0.1
3.802159e-05	0.02322196	0.1	3.802159e-05	0.001552231	0.1	3.802159e-05	2.180911e-07	0.1	3.802159e-05	0.0010765	0.1	3.802159e-05	0.0147438	0.1	3.802159e-05	0.0001492394	0.1	3.802159e-05	9.031093e-05	0.1	3.802159e-05	0.4794323	0.1	3.802159e-05	7.611939e-05	0.1	3.802159e-05	1.692336e-05	0.1	3.802159e-05	6.01606e-06	0.1	3.802159e-05	6.382484e-06	0.1	3.802159e-05	9.783955e-11	0.1
3.91112e-05	0.02150971	0.1	3.91112e-05	0.001437779	0.1	3.91112e-05	2.125572e-07	0.1	3.91112e-05	0.001067118	0.1	3.91112e-05	0.01365668	0.1	3.91112e-05	0.0001397633	0.1	3.91112e-05	8.680488e-05	0.1	3.91112e-05	0.480906	0.1	3.91112e-05	7.315788e-05	0.1	3.91112e-05	1.62648e-05	0.1	3.91112e-05	5.981083e-06	0.1	3.91112e-05	6.13425e-06	0.1	3.91112e-05	9.403854e-11	0.1
3.9656e-05	0.02070321	0.1	3.9656e-05	0.00138387	0.1	3.9656e-05	2.098942e-07	0.1	3.9656e-05	0.001062325	0.1	3.9656e-05	0.01314462	0.1	3.9656e-05	0.0001353	0.1	3.9656e-05	8.511015e-05	0.1	3.9656e-05	0.4816005	0.1	3.9656e-05	7.172637e-05	0.1	3.9656e-05	1.594647e-05	0.1	3.9656e-05	5.963543e-06	0.1	3.9656e-05	6.01426e-06	0.1	3.9656e-05	9.220124e-11	0.1
4.022465e-05	0.01989472	0.1	4.022465e-05	0.001329828	0.1	4.022465e-05	2.071848e-07	0.1	4.022465e-05	0.001057255	0.1	4.022465e-05	0.01263131	0.1	4.022465e-05	0.0001308259	0.1	4.022465e-05	8.33811e-05	0.1	4.022465e-05	0.4822968	0.1	4.022465e-05	7.026586e-05	0.1	4.022465e-05	1.562169e-05	0.1	4.022465e-05	5.945203e-06	0.1	4.022465e-05	5.89184e-06	0.1	4.022465e-05	9.032673e-11	0.1
4.101697e-05	0.01882228	0.1	4.101697e-05	0.001258142	0.1	4.101697e-05	2.03524e-07	0.1	4.101697e-05	0.001050086	0.1	4.101697e-05	0.0119504	0.1	4.101697e-05	0.0001248911	0.1	4.101697e-05	8.103763e-05	0.1	4.101697e-05	0.4832208	0.1	4.101697e-05	6.828637e-05	0.1	4.101697e-05	1.51815e-05	0.1	4.101697e-05	5.919602e-06	0.1	4.101697e-05	5.725917e-06	0.1	4.101697e-05	8.77861e-11	0.1
4.201607e-05	0.01755442	0.1	4.201607e-05	0.001173394	0.1	4.201607e-05	1.990871e-07	0.1	4.201607e-05	0.001040888	0.1	4.201607e-05	0.01114543	0.1	4.201607e-05	0.0001178751	0.1	4.201607e-05	7.818723e-05	0.1	4.201607e-05	0.4843138	0.1	4.201607e-05	6.587867e-05	0.1	4.201607e-05	1.464609e-05	0.1	4.201607e-05	5.88725e-06	0.1	4.201607e-05	5.524101e-06	0.1	4.201607e-05	8.46959e-11	0.1
4.337926e-05	0.01596492	0.1	4.337926e-05	0.001067147	0.1	4.337926e-05	1.93334e-07	0.1	4.337926e-05	0.00102809	0.1	4.337926e-05	0.01013625	0.1	4.337926e-05	0.0001090793	0.1	4.337926e-05	7.447678e-05	0.1	4.337926e-05	0.4856849	0.1	4.337926e-05	6.27445e-05	0.1	4.337926e-05	1.394912e-05	0.1	4.337926e-05	5.843015e-06	0.1	4.337926e-05	5.261389e-06	0.1	4.337926e-05	8.067327e-11	0.1
4.423125e-05	0.01504735	0.1	4.423125e-05	0.001005814	0.1	4.423125e-05	1.89902e-07	0.1	4.423125e-05	0.001019967	0.1	4.423125e-05	0.009553674	0.1	4.423125e-05	0.0001040017	0.1	4.423125e-05	7.225703e-05	0.1	4.423125e-05	0.4864769	0.1	4.423125e-05	6.086951e-05	0.1	4.423125e-05	1.353216e-05	0.1	4.423125e-05	5.815328e-06	0.1	4.423125e-05	5.104223e-06	0.1	4.423125e-05	7.826676e-11	0.1
4.539469e-05	0.01388098	0.1	4.539469e-05	0.0009278495	0.1	4.539469e-05	1.854042e-07	0.1	4.539469e-05	0.001008744	0.1	4.539469e-05	0.008813135	0.1	4.539469e-05	9.754721e-05	0.1	4.539469e-05	6.934262e-05	0.1	4.539469e-05	0.4874844	0.1	4.539469e-05	5.840776e-05	0.1	4.539469e-05	1.298472e-05	0.1	4.539469e-05	5.777485e-06	0.1	4.539469e-05	4.89787e-06	0.1	4.539469e-05	7.510714e-11	0.1
4.669026e-05	0.0126906	0.1	4.669026e-05	0.0008482806	0.1	4.669026e-05	1.806342e-07	0.1	4.669026e-05	0.0009960974	0.1	4.669026e-05	0.008057353	0.1	4.669026e-05	9.095965e-05	0.1	4.669026e-05	6.624785e-05	0.1	4.669026e-05	0.4885134	0.1	4.669026e-05	5.579365e-05	0.1	4.669026e-05	1.240338e-05	0.1	4.669026e-05	5.735321e-06	0.1	4.669026e-05	4.678746e-06	0.1	4.669026e-05	7.175198e-11	0.1
4.820286e-05	0.01143195	0.1	4.820286e-05	0.0007641489	0.1	4.820286e-05	1.753572e-07	0.1	4.820286e-05	0.0009811768	0.1	4.820286e-05	0.007258233	0.1	4.820286e-05	8.399394e-05	0.1	4.820286e-05	6.282348e-05	0.1	4.820286e-05	0.4896026	0.1	4.820286e-05	5.290117e-05	0.1	4.820286e-05	1.176013e-05	0.1	4.820286e-05	5.686092e-06	0.1	4.820286e-05	4.436284e-06	0.1	4.820286e-05	6.803949e-11	0.1
4.95642e-05	0.01040828	0.1	4.95642e-05	0.0006957232	0.1	4.95642e-05	1.708545e-07	0.1	4.95642e-05	0.0009676421	0.1	4.95642e-05	0.006608294	0.1	4.95642e-05	7.832814e-05	0.1	4.95642e-05	5.990485e-05	0.1	4.95642e-05	0.4904894	0.1	4.95642e-05	5.043587e-05	0.1	4.95642e-05	1.121188e-05	0.1	4.95642e-05	5.641812e-06	0.1	4.95642e-05	4.229628e-06	0.1	4.95642e-05	6.487527e-11	0.1
