Batch	m_SP	21	N1a_L	C5H5	T1a	T1b	T1c	T1d	T1e	T1f	T2	T3	T4a	T4b	T4c	T4d	T4e	T4f	T4g	T4h	N7a	N7c	N7b																																							
1.76015e-11	9.738684848499939e-06	0.1	1.76015e-11	1.805972e-07	0.1	1.76015e-11	3.450713e-09	0.1	1.76015e-11	2.564055e-08	0.1	1.76015e-11	4.370714e-08	0.1	1.76015e-11	3.792031e-08	0.1	1.76015e-11	3.020657e-08	0.1	1.76015e-11	2.977201e-08	0.1	1.76015e-11	2.113984e-11	0.1	1.76015e-11	9.376683e-11	0.1	1.76015e-11	2.681236e-12	0.1	1.76015e-11	3.476099e-12	0.1	1.76015e-11	8.424057e-13	0.1	1.76015e-11	1.452771e-13	0.1	1.76015e-11	6.126555e-14	0.1	1.76015e-11	3.081533e-12	0.1	1.76015e-11	5.276199e-14	0.1	1.76015e-11	1.54401e-14	0.1	1.76015e-11	3.198066e-17	0.1	1.76015e-11	4.376164e-16	0.1	1.76015e-11	9.980151e-17	0.1
3.766005e-11	9.449434917558841e-06	0.1	3.766005e-11	3.807857e-07	0.1	3.766005e-11	7.244099e-09	0.1	3.766005e-11	5.368659e-08	0.1	3.766005e-11	9.245006e-08	0.1	3.766005e-11	8.019766e-08	0.1	3.766005e-11	6.379771e-08	0.1	3.766005e-11	6.234544e-08	0.1	3.766005e-11	4.453289e-11	0.1	3.766005e-11	1.97682e-10	0.1	3.766005e-11	5.646293e-12	0.1	3.766005e-11	7.364971e-12	0.1	3.766005e-11	1.779551e-12	0.1	3.766005e-11	3.064933e-13	0.1	3.766005e-11	1.29917e-13	0.1	3.766005e-11	6.501952e-12	0.1	3.766005e-11	1.111265e-13	0.1	3.766005e-11	3.219257e-14	0.1	3.766005e-11	1.440561e-16	0.1	3.766005e-11	1.959315e-15	0.1	3.766005e-11	4.495773e-16	0.1
8.413176e-11	8.811924133080438e-06	0.1	8.413176e-11	8.225386e-07	0.1	8.413176e-11	1.548918e-08	0.1	8.413176e-11	1.141222e-07	0.1	8.413176e-11	2.011315e-07	0.1	8.413176e-11	1.744085e-07	0.1	8.413176e-11	1.383426e-07	0.1	8.413176e-11	1.325701e-07	0.1	8.413176e-11	9.599113e-11	0.1	8.413176e-11	4.268926e-10	0.1	8.413176e-11	1.216269e-11	0.1	8.413176e-11	1.608771e-11	0.1	8.413176e-11	3.861176e-12	0.1	8.413176e-11	6.630123e-13	0.1	8.413176e-11	2.843445e-13	0.1	8.413176e-11	1.406918e-11	0.1	8.413176e-11	2.394768e-13	0.1	8.413176e-11	6.778216e-14	0.1	8.413176e-11	6.926278e-16	0.1	8.413176e-11	9.289906e-15	0.1	8.413176e-11	2.161861e-15	0.1
1.677808e-10	7.77098026024848e-06	0.1	1.677808e-10	1.545711e-06	0.1	1.677808e-10	2.856826e-08	0.1	1.677808e-10	2.084409e-07	0.1	1.677808e-10	3.825108e-07	0.1	1.677808e-10	3.314225e-07	0.1	1.677808e-10	2.617278e-07	0.1	1.677808e-10	2.42276e-07	0.1	1.677808e-10	1.796653e-10	0.1	1.677808e-10	8.017758e-10	0.1	1.677808e-10	2.275022e-11	0.1	1.677808e-10	3.083571e-11	0.1	1.677808e-10	7.316321e-12	0.1	1.677808e-10	1.249523e-12	0.1	1.677808e-10	5.469413e-13	0.1	1.677808e-10	2.652902e-11	0.1	1.677808e-10	4.483513e-13	0.1	1.677808e-10	1.21801e-13	0.1	1.677808e-10	2.577367e-15	0.1	1.677808e-10	3.372453e-14	0.1	1.677808e-10	8.046563e-15	0.1
2.722307e-10	6.64231607991372e-06	0.1	2.722307e-10	2.333191e-06	0.1	2.722307e-10	4.210741e-08	0.1	2.722307e-10	3.039027e-07	0.1	2.722307e-10	5.851784e-07	0.1	2.722307e-10	5.064297e-07	0.1	2.722307e-10	3.982367e-07	0.1	2.722307e-10	3.534987e-07	0.1	2.722307e-10	2.697646e-10	0.1	2.722307e-10	1.20935e-09	0.1	2.722307e-10	3.41654e-11	0.1	2.722307e-10	4.768151e-11	0.1	2.722307e-10	1.116409e-11	0.1	2.722307e-10	1.893865e-12	0.1	2.722307e-10	8.494987e-13	0.1	2.722307e-10	4.023709e-11	0.1	2.722307e-10	6.743045e-13	0.1	2.722307e-10	1.743105e-13	0.1	2.722307e-10	6.251072e-15	0.1	2.722307e-10	7.936491e-14	0.1	2.722307e-10	1.952245e-14	0.1
3.843516e-10	5.612753623202549e-06	0.1	3.843516e-10	3.055732e-06	0.1	3.843516e-10	5.372995e-08	0.1	3.843516e-10	3.838858e-07	0.1	3.843516e-10	7.761332e-07	0.1	3.843516e-10	6.707467e-07	0.1	3.843516e-10	5.257707e-07	0.1	3.843516e-10	4.469076e-07	0.1	3.843516e-10	3.511747e-10	0.1	3.843516e-10	1.582483e-09	0.1	3.843516e-10	4.453915e-11	0.1	3.843516e-10	6.404011e-11	0.1	3.843516e-10	1.480112e-11	0.1	3.843516e-10	2.492817e-12	0.1	3.843516e-10	1.146465e-12	0.1	3.843516e-10	5.30046e-11	0.1	3.843516e-10	8.807791e-13	0.1	3.843516e-10	2.163485e-13	0.1	3.843516e-10	1.142565e-14	0.1	3.843516e-10	1.405733e-13	0.1	3.843516e-10	3.569714e-14	0.1
5.146016e-10	4.61561071591158e-06	0.1	5.146016e-10	3.761025e-06	0.1	5.146016e-10	6.413623e-08	0.1	5.146016e-10	4.537568e-07	0.1	5.146016e-10	9.67315e-07	0.1	5.146016e-10	8.345095e-07	0.1	5.146016e-10	6.527122e-07	0.1	5.146016e-10	5.287804e-07	0.1	5.146016e-10	4.29009e-10	0.1	5.146016e-10	1.945586e-09	0.1	5.146016e-10	5.458747e-11	0.1	5.146016e-10	8.108756e-11	0.1	5.146016e-10	1.849096e-11	0.1	5.146016e-10	3.08841e-12	0.1	5.146016e-10	1.460016e-12	0.1	5.146016e-10	6.573477e-11	0.1	5.146016e-10	1.082519e-12	0.1	5.146016e-10	2.514092e-13	0.1	5.146016e-10	1.855083e-14	0.1	5.146016e-10	2.203294e-13	0.1	5.146016e-10	5.798808e-14	0.1
6.569377e-10	3.72760054543074e-06	0.1	6.569377e-10	4.395925e-06	0.1	6.569377e-10	7.248045e-08	0.1	6.569377e-10	5.084323e-07	0.1	6.569377e-10	1.143417e-06	0.1	6.569377e-10	9.844854e-07	0.1	6.569377e-10	7.693742e-07	0.1	6.569377e-10	5.931701e-07	0.1	6.569377e-10	4.970857e-10	0.1	6.569377e-10	2.271029e-09	0.1	6.569377e-10	6.359699e-11	0.1	6.569377e-10	9.765042e-11	0.1	6.569377e-10	2.198526e-11	0.1	6.569377e-10	3.638917e-12	0.1	6.569377e-10	1.769695e-12	0.1	6.569377e-10	7.754596e-11	0.1	6.569377e-10	1.265849e-12	0.1	6.569377e-10	2.777626e-13	0.1	6.569377e-10	2.718892e-14	0.1	6.569377e-10	3.112174e-13	0.1	6.569377e-10	8.504302e-14	0.1
7.992737e-10	3.010649058872e-06	0.1	7.992737e-10	4.915683e-06	0.1	7.992737e-10	7.83723e-08	0.1	7.992737e-10	5.462335e-07	0.1	7.992737e-10	1.290107e-06	0.1	7.992737e-10	1.108593e-06	0.1	7.992737e-10	8.667722e-07	0.1	7.992737e-10	6.380181e-07	0.1	7.992737e-10	5.507563e-10	0.1	7.992737e-10	2.535923e-09	0.1	7.992737e-10	7.099046e-11	0.1	7.992737e-10	1.123815e-10	0.1	7.992737e-10	2.502815e-11	0.1	7.992737e-10	4.105447e-12	0.1	7.992737e-10	2.050469e-12	0.1	7.992737e-10	8.760497e-11	0.1	7.992737e-10	1.419144e-12	0.1	7.992737e-10	2.957081e-13	0.1	7.992737e-10	3.627554e-14	0.1	7.992737e-10	4.008659e-13	0.1	7.992737e-10	1.135434e-13	0.1
9.416097e-10	2.43176849760201e-06	0.1	9.416097e-10	5.342567e-06	0.1	9.416097e-10	8.239326e-08	0.1	9.416097e-10	5.716484e-07	0.1	9.416097e-10	1.411777e-06	0.1	9.416097e-10	1.210821e-06	0.1	9.416097e-10	9.481182e-07	0.1	9.416097e-10	6.685037e-07	0.1	9.416097e-10	5.928025e-10	0.1	9.416097e-10	2.751921e-09	0.1	9.416097e-10	7.712763e-11	0.1	9.416097e-10	1.255658e-10	0.1	9.416097e-10	2.771133e-11	0.1	9.416097e-10	4.505164e-12	0.1	9.416097e-10	2.307198e-12	0.1	9.416097e-10	9.627531e-11	0.1	9.416097e-10	1.549482e-12	0.1	9.416097e-10	3.082276e-13	0.1	9.416097e-10	4.547785e-14	0.1	9.416097e-10	4.860361e-13	0.1	9.416097e-10	1.424558e-13	0.1
1.089852e-09	1.9470174122802e-06	0.1	1.089852e-09	5.707735e-06	0.1	1.089852e-09	8.508447e-08	0.1	1.089852e-09	5.885632e-07	0.1	1.089852e-09	1.516003e-06	0.1	1.089852e-09	1.29776e-06	0.1	1.089852e-09	1.018627e-06	0.1	1.089852e-09	6.891574e-07	0.1	1.089852e-09	6.266546e-10	0.1	1.089852e-09	2.935011e-09	0.1	1.089852e-09	8.248726e-11	0.1	1.089852e-09	1.379126e-10	0.1	1.089852e-09	3.020269e-11	0.1	1.089852e-09	4.865158e-12	0.1	1.089852e-09	2.55345e-12	0.1	1.089852e-09	1.041403e-10	0.1	1.089852e-09	1.666768e-12	0.1	1.089852e-09	3.177273e-13	0.1	1.089852e-09	5.49301e-14	0.1	1.089852e-09	5.680591e-13	0.1	1.089852e-09	1.722144e-13	0.1
1.261721e-09	1.5047842891653002e-06	0.1	1.261721e-09	6.05062e-06	0.1	1.261721e-09	8.681104e-08	0.1	1.261721e-09	5.995873e-07	0.1	1.261721e-09	1.612909e-06	0.1	1.261721e-09	1.37795e-06	0.1	1.261721e-09	1.085405e-06	0.1	1.261721e-09	7.031079e-07	0.1	1.261721e-09	6.558437e-10	0.1	1.261721e-09	3.104791e-09	0.1	1.261721e-09	8.770224e-11	0.1	1.261721e-09	1.507551e-10	0.1	1.261721e-09	3.278964e-11	0.1	1.261721e-09	5.226413e-12	0.1	1.261721e-09	2.817012e-12	0.1	1.261721e-09	1.121038e-10	0.1	1.261721e-09	1.785404e-12	0.1	1.261721e-09	3.262628e-13	0.1	1.261721e-09	6.548477e-14	0.1	1.261721e-09	6.534893e-13	0.1	1.261721e-09	2.055331e-13	0.1
1.43359e-09	1.163133094686144e-06	0.1	1.43359e-09	6.325942e-06	0.1	1.43359e-09	8.748814e-08	0.1	1.43359e-09	6.043628e-07	0.1	1.43359e-09	1.688737e-06	0.1	1.43359e-09	1.440177e-06	0.1	1.43359e-09	1.139064e-06	0.1	1.43359e-09	7.097609e-07	0.1	1.43359e-09	6.766105e-10	0.1	1.43359e-09	3.238839e-09	0.1	1.43359e-09	9.212231e-11	0.1	1.43359e-09	1.622976e-10	0.1	1.43359e-09	3.512968e-11	0.1	1.43359e-09	5.541475e-12	0.1	1.43359e-09	3.061782e-12	0.1	1.43359e-09	1.191222e-10	0.1	1.43359e-09	1.890808e-12	0.1	1.43359e-09	3.336411e-13	0.1	1.43359e-09	7.543616e-14	0.1	1.43359e-09	7.283719e-13	0.1	1.43359e-09	2.370552e-13	0.1
1.605459e-09	8.99163109011402e-07	0.1	1.605459e-09	6.549089e-06	0.1	1.605459e-09	8.746148e-08	0.1	1.605459e-09	6.050788e-07	0.1	1.605459e-09	1.74752e-06	0.1	1.605459e-09	1.488038e-06	0.1	1.605459e-09	1.182102e-06	0.1	1.605459e-09	7.116489e-07	0.1	1.605459e-09	6.909016e-10	0.1	1.605459e-09	3.345236e-09	0.1	1.605459e-09	9.596533e-11	0.1	1.605459e-09	1.727822e-10	0.1	1.605459e-09	3.728523e-11	0.1	1.605459e-09	5.821691e-12	0.1	1.605459e-09	3.291831e-12	0.1	1.605459e-09	1.25432e-10	0.1	1.605459e-09	1.987186e-12	0.1	1.605459e-09	3.408235e-13	0.1	1.605459e-09	8.468572e-14	0.1	1.605459e-09	7.932544e-13	0.1	1.605459e-09	2.66474e-13	0.1
1.777329e-09	6.95194202075002e-07	0.1	1.777329e-09	6.731928e-06	0.1	1.777329e-09	8.698027e-08	0.1	1.777329e-09	6.032396e-07	0.1	1.777329e-09	1.792573e-06	0.1	1.777329e-09	1.524461e-06	0.1	1.777329e-09	1.216522e-06	0.1	1.777329e-09	7.105133e-07	0.1	1.777329e-09	7.002227e-10	0.1	1.777329e-09	3.430218e-09	0.1	1.777329e-09	9.939208e-11	0.1	1.777329e-09	1.824061e-10	0.1	1.777329e-09	3.930418e-11	0.1	1.777329e-09	6.07571e-12	0.1	1.777329e-09	3.51044e-12	0.1	1.777329e-09	1.312119e-10	0.1	1.777329e-09	2.077618e-12	0.1	1.777329e-09	3.483538e-13	0.1	1.777329e-09	9.319245e-14	0.1	1.777329e-09	8.490765e-13	0.1	1.777329e-09	2.936607e-13	0.1
1.977852e-09	5.150248866307351e-07	0.1	1.977852e-09	6.906397e-06	0.1	1.977852e-09	8.607749e-08	0.1	1.977852e-09	5.992072e-07	0.1	1.977852e-09	1.831366e-06	0.1	1.977852e-09	1.555627e-06	0.1	1.977852e-09	1.247919e-06	0.1	1.977852e-09	7.069238e-07	0.1	1.977852e-09	7.063541e-10	0.1	1.977852e-09	3.508662e-09	0.1	1.977852e-09	1.030198e-10	0.1	1.977852e-09	1.927592e-10	0.1	1.977852e-09	4.15356e-11	0.1	1.977852e-09	6.347684e-12	0.1	1.977852e-09	3.754526e-12	0.1	1.977852e-09	1.37464e-10	0.1	1.977852e-09	2.178569e-12	0.1	1.977852e-09	3.579417e-13	0.1	1.977852e-09	1.021775e-13	0.1	1.977852e-09	9.042204e-13	0.1	1.977852e-09	3.225528e-13	0.1
2.185538e-09	3.7757538676989e-07	0.1	2.185538e-09	7.05402e-06	0.1	2.185538e-09	8.494566e-08	0.1	2.185538e-09	5.939387e-07	0.1	2.185538e-09	1.859381e-06	0.1	2.185538e-09	1.578027e-06	0.1	2.185538e-09	1.272529e-06	0.1	2.185538e-09	7.018532e-07	0.1	2.185538e-09	7.087258e-10	0.1	2.185538e-09	3.57221e-09	0.1	2.185538e-09	1.06491e-10	0.1	2.185538e-09	2.026944e-10	0.1	2.185538e-09	4.374981e-11	0.1	2.185538e-09	6.609537e-12	0.1	2.185538e-09	3.998203e-12	0.1	2.185538e-09	1.435397e-10	0.1	2.185538e-09	2.280466e-12	0.1	2.185538e-09	3.689462e-13	0.1	2.185538e-09	1.104585e-13	0.1	2.185538e-09	9.517911e-13	0.1	2.185538e-09	3.493942e-13	0.1
2.393225e-09	2.76890955219236e-07	0.1	2.393225e-09	7.176852e-06	0.1	2.393225e-09	8.374652e-08	0.1	2.393225e-09	5.882581e-07	0.1	2.393225e-09	1.877963e-06	0.1	2.393225e-09	1.592868e-06	0.1	2.393225e-09	1.290821e-06	0.1	2.393225e-09	6.962193e-07	0.1	2.393225e-09	7.081818e-10	0.1	2.393225e-09	3.622426e-09	0.1	2.393225e-09	1.097718e-10	0.1	2.393225e-09	2.120037e-10	0.1	2.393225e-09	4.590048e-11	0.1	2.393225e-09	6.857451e-12	0.1	2.393225e-09	4.235382e-12	0.1	2.393225e-09	1.493324e-10	0.1	2.393225e-09	2.381509e-12	0.1	2.393225e-09	3.810471e-13	0.1	2.393225e-09	1.177709e-13	0.1	2.393225e-09	9.914482e-13	0.1	2.393225e-09	3.733245e-13	0.1
2.609237e-09	2.0062400516173597e-07	0.1	2.609237e-09	7.285362e-06	0.1	2.609237e-09	8.251477e-08	0.1	2.609237e-09	5.823491e-07	0.1	2.609237e-09	1.889755e-06	0.1	2.609237e-09	1.602338e-06	0.1	2.609237e-09	1.3046e-06	0.1	2.609237e-09	6.902715e-07	0.1	2.609237e-09	7.054249e-10	0.1	2.609237e-09	3.664233e-09	0.1	2.609237e-09	1.130564e-10	0.1	2.609237e-09	2.211711e-10	0.1	2.609237e-09	4.809759e-11	0.1	2.609237e-09	7.105419e-12	0.1	2.609237e-09	4.477494e-12	0.1	2.609237e-09	1.551518e-10	0.1	2.609237e-09	2.487016e-12	0.1	2.609237e-09	3.947017e-13	0.1	2.609237e-09	1.244462e-13	0.1	2.609237e-09	1.026006e-12	0.1	2.609237e-09	3.954219e-13	0.1
2.858546e-09	1.3840698967660101e-07	0.1	2.858546e-09	7.393056e-06	0.1	2.858546e-09	8.117621e-08	0.1	2.858546e-09	5.758335e-07	0.1	2.858546e-09	1.896343e-06	0.1	2.858546e-09	1.607769e-06	0.1	2.858546e-09	1.315367e-06	0.1	2.858546e-09	6.836542e-07	0.1	2.858546e-09	7.003422e-10	0.1	2.858546e-09	3.702899e-09	0.1	2.858546e-09	1.167507e-10	0.1	2.858546e-09	2.312537e-10	0.1	2.858546e-09	5.060947e-11	0.1	2.858546e-09	7.383785e-12	0.1	2.858546e-09	4.753489e-12	0.1	2.858546e-09	1.616963e-10	0.1	2.858546e-09	2.610424e-12	0.1	2.858546e-09	4.116365e-13	0.1	2.858546e-09	1.311103e-13	0.1	2.858546e-09	1.059331e-12	0.1	2.858546e-09	4.178086e-13	0.1
