# T[K]         W1         Pr1         Pr3         Pr2
300	3.6791e-44(1.00)	4.1089e-54(1.00)	8.2285e-63(1.00)	3.6791e-44(1.00)
400	2.5529e-31(1.00)	2.7276e-38(1.00)	1.3754e-43(1.00)	2.5529e-31(1.00)
500	3.1529e-23(1.00)	2.3554e-28(1.00)	6.1377e-32(1.00)	3.1529e-23(1.00)
600	1.5228e-17(1.00)	1.2369e-21(1.00)	4.2322e-24(1.00)	1.5229e-17(1.00)
700	2.1875e-13(1.00)	1.0324e-16(1.00)	1.8309e-18(1.00)	2.1885e-13(1.00)
800	3.1742e-10(1.00)	6.1439e-13(1.00)	3.1929e-14(1.00)	3.1806e-10(1.00)
900	9.7351e-08(1.00)	5.9385e-10(1.00)	6.3765e-11(1.00)	9.8008e-08(1.00)
1000	9.8289e-06(1.00)	1.5231e-07(1.00)	2.7328e-08(1.00)	1.0008e-05(1.00)
1100	4.3706e-04(1.00)	1.4458e-05(1.00)	3.8195e-06(1.00)	4.5534e-04(1.00)
1200	1.0296e-02(1.00)	6.3806e-04(1.00)	2.2911e-04(1.00)	1.1163e-02(1.00)
1300	1.4859e-01(1.00)	1.5445e-02(1.00)	7.1302e-03(1.00)	1.7116e-01(1.00)
1400	1.4274e+00(1.00)	2.3325e-01(1.00)	1.3335e-01(1.00)	1.7940e+00(1.00)
1500	9.8365e+00(1.00)	2.3963e+00(1.00)	1.6395e+00(1.00)	1.3872e+01(1.00)
1600	5.1757e+01(1.00)	1.8000e+01(1.00)	1.4612e+01(1.00)	8.4368e+01(1.00)
1700	2.1621e+02(1.00)	1.0519e+02(1.00)	9.8719e+01(1.00)	4.2012e+02(1.00)
1800	7.4804e+02(1.00)	4.9460e+02(1.00)	5.3405e+02(1.00)	1.7767e+03(1.00)
1900	2.1932e+03(1.00)	1.9545e+03(1.00)	2.3987e+03(1.00)	6.5464e+03(1.00)
2000	5.6180e+03(1.00)	6.6209e+03(1.00)	9.1693e+03(1.00)	2.1408e+04(1.00)
2100	1.2798e+04(1.00)	1.9776e+04(1.00)	3.0673e+04(1.00)	6.3247e+04(1.00)
2200	2.6263e+04(1.00)	5.3316e+04(1.00)	9.1525e+04(1.00)	1.7110e+05(1.00)
2300	4.9467e+04(1.00)	1.3132e+05(1.00)	2.4783e+05(1.00)	4.2861e+05(1.00)
2400	8.6694e+04(1.00)	2.9721e+05(1.00)	6.1318e+05(1.00)	9.9707e+05(1.00)
2500	1.4219e+05(1.00)	6.3196e+05(1.00)	1.4120e+06(1.00)	2.1862e+06(1.00)
