Batch	m_SP	13	W6	W1	W2	W3	W4	W5	R	P1	P2	P3	P4	P5	P6																							
3.888607e-10	0.9883552	0.1	3.888607e-10	3.854644e-110	0.1	3.888607e-10	1.109161e-10	0.1	3.888607e-10	9.289565e-07	0.1	3.888607e-10	3.854644e-110	0.1	3.888607e-10	1.256512e-06	0.1	3.888607e-10	2.754608e-09	0.1	3.888607e-10	0.005820501	0.1	3.888607e-10	8.133735e-07	0.1	3.888607e-10	3.122052e-09	0.1	3.888607e-10	3.021303e-10	0.1	3.888607e-10	7.350322e-10	0.1	3.888607e-10	2.607497e-15	0.1
9.530043e-10	0.9718188	0.1	9.530043e-10	9.328543e-110	0.1	9.530043e-10	2.707449e-10	0.1	9.530043e-10	2.248096e-06	0.1	9.530043e-10	9.328543e-110	0.1	9.530043e-10	3.040497e-06	0.1	9.530043e-10	6.702138e-09	0.1	9.530043e-10	0.01408599	0.1	9.530043e-10	1.968565e-06	0.1	9.530043e-10	7.595831e-09	0.1	9.530043e-10	7.444838e-10	0.1	9.530043e-10	1.788234e-09	0.1	9.530043e-10	6.348789e-15	0.1
2.081292e-09	0.9399604	0.1	2.081292e-09	1.987475e-109	0.1	2.081292e-09	5.86386e-10	0.1	2.081292e-09	4.789366e-06	0.1	2.081292e-09	1.987475e-109	0.1	2.081292e-09	6.476287e-06	0.1	2.081292e-09	1.443381e-08	0.1	2.081292e-09	0.03000995	0.1	2.081292e-09	4.194547e-06	0.1	2.081292e-09	1.63572e-08	0.1	2.081292e-09	1.643066e-09	0.1	2.081292e-09	3.850644e-09	0.1	2.081292e-09	1.372919e-14	0.1
3.714214e-09	0.8965281	0.1	3.714214e-09	3.425402e-109	0.1	3.714214e-09	1.033198e-09	0.1	3.714214e-09	8.253554e-06	0.1	3.714214e-09	3.425402e-109	0.1	3.714214e-09	1.115772e-05	0.1	3.714214e-09	2.527166e-08	0.1	3.714214e-09	0.05171895	0.1	3.714214e-09	7.229926e-06	0.1	3.714214e-09	2.863639e-08	0.1	3.714214e-09	2.974714e-09	0.1	3.714214e-09	6.741073e-09	0.1	3.714214e-09	2.432558e-14	0.1
6.045279e-09	0.8394705	0.1	6.045279e-09	5.314989e-109	0.1	6.045279e-09	1.649364e-09	0.1	6.045279e-09	1.280391e-05	0.1	6.045279e-09	5.314989e-109	0.1	6.045279e-09	1.730308e-05	0.1	6.045279e-09	4.011637e-08	0.1	6.045279e-09	0.08023835	0.1	6.045279e-09	1.121812e-05	0.1	6.045279e-09	4.545202e-08	0.1	6.045279e-09	4.935103e-09	0.1	6.045279e-09	1.07001e-08	0.1	6.045279e-09	3.970504e-14	0.1
9.663364e-09	0.7608525	0.1	9.663364e-09	7.92054e-109	0.1	9.663364e-09	2.553024e-09	0.1	9.663364e-09	1.907241e-05	0.1	9.663364e-09	7.92054e-109	0.1	9.663364e-09	2.576131e-05	0.1	9.663364e-09	6.197056e-08	0.1	9.663364e-09	0.1195345	0.1	9.663364e-09	1.671205e-05	0.1	9.663364e-09	7.020188e-08	0.1	9.663364e-09	8.103104e-09	0.1	9.663364e-09	1.653156e-08	0.1	9.663364e-09	6.536134e-14	0.1
1.463999e-08	0.6688971	0.1	1.463999e-08	1.097342e-108	0.1	1.463999e-08	3.69024e-09	0.1	1.463999e-08	2.640193e-05	0.1	1.463999e-08	1.097342e-108	0.1	1.463999e-08	3.563983e-05	0.1	1.463999e-08	9.028447e-08	0.1	1.463999e-08	0.1654971	0.1	1.463999e-08	2.312927e-05	0.1	1.463999e-08	1.022561e-07	0.1	1.463999e-08	1.26795e-08	0.1	1.463999e-08	2.409891e-08	0.1	1.463999e-08	1.06724e-13	0.1
2.148792e-08	0.5659605	0.1	2.148792e-08	1.440387e-108	0.1	2.148792e-08	5.063709e-09	0.1	2.148792e-08	3.460258e-05	0.1	2.148792e-08	1.440387e-108	0.1	2.148792e-08	4.667816e-05	0.1	2.148792e-08	1.271137e-07	0.1	2.148792e-08	0.2169485	0.1	2.148792e-08	3.02839e-05	0.1	2.148792e-08	1.43918e-07	0.1	2.148792e-08	1.933103e-08	0.1	2.148792e-08	3.397445e-08	0.1	2.148792e-08	1.794709e-13	0.1
2.880366e-08	0.4784195	0.1	2.880366e-08	1.734144e-108	0.1	2.880366e-08	6.310882e-09	0.1	2.880366e-08	4.157177e-05	0.1	2.880366e-08	1.734144e-108	0.1	2.880366e-08	5.60489e-05	0.1	2.880366e-08	1.649744e-07	0.1	2.880366e-08	0.2607047	0.1	2.880366e-08	3.6317e-05	0.1	2.880366e-08	1.866693e-07	0.1	2.880366e-08	2.682266e-08	0.1	2.880366e-08	4.417181e-08	0.1	2.880366e-08	2.810981e-13	0.1
3.611941e-08	0.4079456	0.1	3.611941e-08	1.97303e-108	0.1	3.611941e-08	7.363112e-09	0.1	3.611941e-08	4.717744e-05	0.1	3.611941e-08	1.97303e-108	0.1	3.611941e-08	6.358261e-05	0.1	3.611941e-08	2.022157e-07	0.1	3.611941e-08	0.2959302	0.1	3.611941e-08	4.110865e-05	0.1	3.611941e-08	2.285868e-07	0.1	3.611941e-08	3.46575e-08	0.1	3.611941e-08	5.42441e-08	0.1	3.611941e-08	4.089826e-13	0.1
4.343516e-08	0.3503122	0.1	4.343516e-08	2.17102e-108	0.1	4.343516e-08	8.251865e-09	0.1	4.343516e-08	5.175718e-05	0.1	4.343516e-08	2.17102e-108	0.1	4.343516e-08	6.973873e-05	0.1	4.343516e-08	2.394123e-07	0.1	4.343516e-08	0.3247376	0.1	4.343516e-08	4.495371e-05	0.1	4.343516e-08	2.702582e-07	0.1	4.343516e-08	4.279519e-08	0.1	4.343516e-08	6.433483e-08	0.1	4.343516e-08	5.629593e-13	0.1
5.075091e-08	0.3025704	0.1	5.075091e-08	2.337818e-108	0.1	5.075091e-08	9.004615e-09	0.1	5.075091e-08	5.554651e-05	0.1	5.075091e-08	2.337818e-108	0.1	5.075091e-08	7.483694e-05	0.1	5.075091e-08	2.769142e-07	0.1	5.075091e-08	0.3486008	0.1	5.075091e-08	4.806e-05	0.1	5.075091e-08	3.120148e-07	0.1	5.075091e-08	5.120555e-08	0.1	5.075091e-08	7.452495e-08	0.1	5.075091e-08	7.418479e-13	0.1
5.806666e-08	0.2626	0.1	5.806666e-08	2.480364e-108	0.1	5.806666e-08	9.644457e-09	0.1	5.806666e-08	5.871478e-05	0.1	5.806666e-08	2.480364e-108	0.1	5.806666e-08	7.91064e-05	0.1	5.806666e-08	3.149302e-07	0.1	5.806666e-08	0.3685797	0.1	5.806666e-08	5.05787e-05	0.1	5.806666e-08	3.540292e-07	0.1	5.806666e-08	5.986488e-08	0.1	5.806666e-08	8.48566e-08	0.1	5.806666e-08	9.4391e-13	0.1
6.655902e-08	0.2239029	0.1	6.655902e-08	2.622076e-108	0.1	6.655902e-08	1.027059e-08	0.1	6.655902e-08	6.177701e-05	0.1	6.655902e-08	2.622076e-108	0.1	6.655902e-08	8.324337e-05	0.1	6.655902e-08	3.598573e-07	0.1	6.655902e-08	0.3879222	0.1	6.655902e-08	5.291332e-05	0.1	6.655902e-08	4.03218e-07	0.1	6.655902e-08	7.020385e-08	0.1	6.655902e-08	9.704994e-08	0.1	6.655902e-08	1.204855e-12	0.1
7.534553e-08	0.1907617	0.1	7.534553e-08	2.747683e-108	0.1	7.534553e-08	1.081072e-08	0.1	7.534553e-08	6.4394e-05	0.1	7.534553e-08	2.747683e-108	0.1	7.534553e-08	8.679182e-05	0.1	7.534553e-08	4.073253e-07	0.1	7.534553e-08	0.4044877	0.1	7.534553e-08	5.479554e-05	0.1	7.534553e-08	4.545912e-07	0.1	7.534553e-08	8.119997e-08	0.1	7.534553e-08	1.098932e-07	0.1	7.534553e-08	1.501282e-12	0.1
8.413204e-08	0.1631798	0.1	8.413204e-08	2.85658e-108	0.1	8.413204e-08	1.1262e-08	0.1	8.413204e-08	6.656648e-05	0.1	8.413204e-08	2.85658e-108	0.1	8.413204e-08	8.975132e-05	0.1	8.413204e-08	4.558139e-07	0.1	8.413204e-08	0.4182745	0.1	8.413204e-08	5.62439e-05	0.1	8.413204e-08	5.063948e-07	0.1	8.413204e-08	9.247671e-08	0.1	8.413204e-08	1.229523e-07	0.1	8.413204e-08	1.82096e-12	0.1
9.291856e-08	0.1400549	0.1	9.291856e-08	2.952269e-108	0.1	9.291856e-08	1.164092e-08	0.1	9.291856e-08	6.838248e-05	0.1	9.291856e-08	2.952269e-108	0.1	9.291856e-08	9.223905e-05	0.1	9.291856e-08	5.052963e-07	0.1	9.291856e-08	0.4298336	0.1	9.291856e-08	5.73421e-05	0.1	9.291856e-08	5.585305e-07	0.1	9.291856e-08	1.040132e-07	0.1	9.291856e-08	1.362014e-07	0.1	9.291856e-08	2.160361e-12	0.1
1.017051e-07	0.1205466	0.1	1.017051e-07	3.03739e-108	0.1	1.017051e-07	1.196049e-08	0.1	1.017051e-07	6.990914e-05	0.1	1.017051e-07	3.03739e-108	0.1	1.017051e-07	9.434388e-05	0.1	1.017051e-07	5.55718e-07	0.1	1.017051e-07	0.439585	0.1	1.017051e-07	5.815508e-05	0.1	1.017051e-07	6.10882e-07	0.1	1.017051e-07	1.157907e-07	0.1	1.017051e-07	1.496094e-07	0.1	1.017051e-07	2.516199e-12	0.1
1.104916e-07	0.1040035	0.1	1.104916e-07	3.113972e-108	0.1	1.104916e-07	1.223102e-08	0.1	1.104916e-07	7.119852e-05	0.1	1.104916e-07	3.113972e-108	0.1	1.104916e-07	9.613442e-05	0.1	1.104916e-07	6.070091e-07	0.1	1.104916e-07	0.4478543	0.1	1.104916e-07	5.873411e-05	0.1	1.104916e-07	6.633279e-07	0.1	1.104916e-07	1.277921e-07	0.1	1.104916e-07	1.631438e-07	0.1	1.104916e-07	2.885461e-12	0.1
1.192781e-07	0.08991282	0.1	1.192781e-07	3.183591e-108	0.1	1.192781e-07	1.246079e-08	0.1	1.192781e-07	7.229158e-05	0.1	1.192781e-07	3.183591e-108	0.1	1.192781e-07	9.76644e-05	0.1	1.192781e-07	6.590919e-07	0.1	1.192781e-07	0.4548978	0.1	1.192781e-07	5.912021e-05	0.1	1.192781e-07	7.157497e-07	0.1	1.192781e-07	1.400015e-07	0.1	1.192781e-07	1.767723e-07	0.1	1.192781e-07	3.265427e-12	0.1
1.280646e-07	0.07786581	0.1	1.280646e-07	3.247493e-108	0.1	1.280646e-07	1.265648e-08	0.1	1.280646e-07	7.322099e-05	0.1	1.280646e-07	3.247493e-108	0.1	1.280646e-07	9.897648e-05	0.1	1.280646e-07	7.118862e-07	0.1	1.280646e-07	0.4609198	0.1	1.280646e-07	5.934659e-05	0.1	1.280646e-07	7.680362e-07	0.1	1.280646e-07	1.524041e-07	0.1	1.280646e-07	1.904642e-07	0.1	1.280646e-07	3.653662e-12	0.1
1.368511e-07	0.06753293	0.1	1.368511e-07	3.306669e-108	0.1	1.368511e-07	1.28235e-08	0.1	1.368511e-07	7.40131e-05	0.1	1.368511e-07	3.306669e-108	0.1	1.368511e-07	0.0001001049	0.1	1.368511e-07	7.653122e-07	0.1	1.368511e-07	0.4660851	0.1	1.368511e-07	5.94404e-05	0.1	1.368511e-07	8.20086e-07	0.1	1.368511e-07	1.64986e-07	0.1	1.368511e-07	2.041908e-07	0.1	1.368511e-07	4.04801e-12	0.1
1.456376e-07	0.05864584	0.1	1.456376e-07	3.361916e-108	0.1	1.456376e-07	1.296631e-08	0.1	1.456376e-07	7.468934e-05	0.1	1.456376e-07	3.361916e-108	0.1	1.456376e-07	0.0001010776	0.1	1.456376e-07	8.192927e-07	0.1	1.456376e-07	0.4705277	0.1	1.456376e-07	5.942403e-05	0.1	1.456376e-07	8.718087e-07	0.1	1.456376e-07	1.777339e-07	0.1	1.456376e-07	2.179258e-07	0.1	1.456376e-07	4.44657e-12	0.1
1.544242e-07	0.05098413	0.1	1.544242e-07	3.413881e-108	0.1	1.544242e-07	1.308856e-08	0.1	1.544242e-07	7.526736e-05	0.1	1.544242e-07	3.413881e-108	0.1	1.544242e-07	0.0001019173	0.1	1.544242e-07	8.737542e-07	0.1	1.544242e-07	0.4743578	0.1	1.544242e-07	5.931608e-05	0.1	1.544242e-07	9.231249e-07	0.1	1.544242e-07	1.906356e-07	0.1	1.544242e-07	2.316457e-07	0.1	1.544242e-07	4.847682e-12	0.1
1.632107e-07	0.04436533	0.1	1.632107e-07	3.463093e-108	0.1	1.632107e-07	1.31933e-08	0.1	1.632107e-07	7.576175e-05	0.1	1.632107e-07	3.463093e-108	0.1	1.632107e-07	0.0001026429	0.1	1.632107e-07	9.286277e-07	0.1	1.632107e-07	0.4776666	0.1	1.632107e-07	5.913207e-05	0.1	1.632107e-07	9.73966e-07	0.1	1.632107e-07	2.036793e-07	0.1	1.632107e-07	2.453295e-07	0.1	1.632107e-07	5.249901e-12	0.1
1.719972e-07	0.03863739	0.1	1.719972e-07	3.509989e-108	0.1	1.719972e-07	1.328307e-08	0.1	1.719972e-07	7.618466e-05	0.1	1.719972e-07	3.509989e-108	0.1	1.719972e-07	0.00010327	0.1	1.719972e-07	9.83849e-07	0.1	1.719972e-07	0.4805302	0.1	1.719972e-07	5.888504e-05	0.1	1.719972e-07	1.024274e-06	0.1	1.719972e-07	2.168539e-07	0.1	1.719972e-07	2.589586e-07	0.1	1.719972e-07	5.651979e-12	0.1
1.807837e-07	0.03367284	0.1	1.807837e-07	3.554929e-108	0.1	1.807837e-07	1.336e-08	0.1	1.807837e-07	7.654631e-05	0.1	1.807837e-07	3.554929e-108	0.1	1.807837e-07	0.0001038118	0.1	1.807837e-07	1.039359e-06	0.1	1.807837e-07	0.4830122	0.1	1.807837e-07	5.858596e-05	0.1	1.807837e-07	1.073999e-06	0.1	1.807837e-07	2.301491e-07	0.1	1.807837e-07	2.725168e-07	0.1	1.807837e-07	6.052844e-12	0.1
1.895702e-07	0.02936425	0.1	1.895702e-07	3.598212e-108	0.1	1.895702e-07	1.34259e-08	0.1	1.895702e-07	7.68553e-05	0.1	1.895702e-07	3.598212e-108	0.1	1.895702e-07	0.0001042795	0.1	1.895702e-07	1.095103e-06	0.1	1.895702e-07	0.4851663	0.1	1.895702e-07	5.824411e-05	0.1	1.895702e-07	1.123102e-06	0.1	1.895702e-07	2.435549e-07	0.1	1.895702e-07	2.859901e-07	0.1	1.895702e-07	6.451582e-12	0.1
1.983567e-07	0.02562065	0.1	1.983567e-07	3.640089e-108	0.1	1.983567e-07	1.348228e-08	0.1	1.983567e-07	7.71189e-05	0.1	1.983567e-07	3.640089e-108	0.1	1.983567e-07	0.0001046823	0.1	1.983567e-07	1.151031e-06	0.1	1.983567e-07	0.487038	0.1	1.983567e-07	5.786735e-05	0.1	1.983567e-07	1.171549e-06	0.1	1.983567e-07	2.570622e-07	0.1	1.983567e-07	2.993665e-07	0.1	1.983567e-07	6.847417e-12	0.1
2.071432e-07	0.0223647	0.1	2.071432e-07	3.680771e-108	0.1	2.071432e-07	1.353045e-08	0.1	2.071432e-07	7.734331e-05	0.1	2.071432e-07	3.680771e-108	0.1	2.071432e-07	0.0001050284	0.1	2.071432e-07	1.207098e-06	0.1	2.071432e-07	0.488666	0.1	2.071432e-07	5.746237e-05	0.1	2.071432e-07	1.219314e-06	0.1	2.071432e-07	2.706622e-07	0.1	2.071432e-07	3.126355e-07	0.1	2.071432e-07	7.239697e-12	0.1
2.159298e-07	0.01953044	0.1	2.159298e-07	3.720434e-108	0.1	2.159298e-07	1.357151e-08	0.1	2.159298e-07	7.753383e-05	0.1	2.159298e-07	3.720434e-108	0.1	2.159298e-07	0.0001053246	0.1	2.159298e-07	1.263263e-06	0.1	2.159298e-07	0.4900832	0.1	2.159298e-07	5.703483e-05	0.1	2.159298e-07	1.266379e-06	0.1	2.159298e-07	2.843468e-07	0.1	2.159298e-07	3.257887e-07	0.1	2.159298e-07	7.627876e-12	0.1
2.247163e-07	0.01706138	0.1	2.247163e-07	3.759229e-108	0.1	2.247163e-07	1.360641e-08	0.1	2.247163e-07	7.769497e-05	0.1	2.247163e-07	3.759229e-108	0.1	2.247163e-07	0.0001055767	0.1	2.247163e-07	1.319489e-06	0.1	2.247163e-07	0.4913178	0.1	2.247163e-07	5.658958e-05	0.1	2.247163e-07	1.312729e-06	0.1	2.247163e-07	2.981084e-07	0.1	2.247163e-07	3.388188e-07	0.1	2.247163e-07	8.011507e-12	0.1
2.335028e-07	0.01490905	0.1	2.335028e-07	3.797281e-108	0.1	2.335028e-07	1.363598e-08	0.1	2.335028e-07	7.783064e-05	0.1	2.335028e-07	3.797281e-108	0.1	2.335028e-07	0.00010579	0.1	2.335028e-07	1.375743e-06	0.1	2.335028e-07	0.4923941	0.1	2.335028e-07	5.613072e-05	0.1	2.335028e-07	1.358353e-06	0.1	2.335028e-07	3.119399e-07	0.1	2.335028e-07	3.517198e-07	0.1	2.335028e-07	8.390223e-12	0.1
2.422893e-07	0.01303174	0.1	2.422893e-07	3.834698e-108	0.1	2.422893e-07	1.36609e-08	0.1	2.422893e-07	7.794416e-05	0.1	2.422893e-07	3.834698e-108	0.1	2.422893e-07	0.0001059687	0.1	2.422893e-07	1.431993e-06	0.1	2.422893e-07	0.493333	0.1	2.422893e-07	5.566175e-05	0.1	2.422893e-07	1.403246e-06	0.1	2.422893e-07	3.258346e-07	0.1	2.422893e-07	3.64487e-07	0.1	2.422893e-07	8.763731e-12	0.1
2.510758e-07	0.0113935	0.1	2.510758e-07	3.871573e-108	0.1	2.510758e-07	1.368179e-08	0.1	2.510758e-07	7.803844e-05	0.1	2.510758e-07	3.871573e-108	0.1	2.510758e-07	0.0001061167	0.1	2.510758e-07	1.488214e-06	0.1	2.510758e-07	0.4941523	0.1	2.510758e-07	5.518566e-05	0.1	2.510758e-07	1.447406e-06	0.1	2.510758e-07	3.397864e-07	0.1	2.510758e-07	3.771167e-07	0.1	2.510758e-07	9.131801e-12	0.1
