Batch	m_SP	13	W1	W2	W3	W4	W5	W6	R	P1	P2	P3	P4	P5	P6																							
1.058099e-09	0.9860484	0.1	1.058099e-09	7.393739e-14	0.1	1.058099e-09	5.413354e-18	0.1	1.058099e-09	0.01249292	0.1	1.058099e-09	0.001458706	0.1	1.058099e-09	3.649786e-10	0.1	1.058099e-09	2.608426e-12	0.1	1.058099e-09	4.165053e-11	0.1	1.058099e-09	6.857626e-11	0.1	1.058099e-09	2.839821e-12	0.1	1.058099e-09	1.262129e-19	0.1	1.058099e-09	4.512181e-13	0.1	1.058099e-09	1.956304e-21	0.1
2.307135e-09	0.9698337	0.1	2.307135e-09	1.600783e-13	0.1	2.307135e-09	2.571045e-17	0.1	2.307135e-09	0.02698947	0.1	2.307135e-09	0.003176848	0.1	2.307135e-09	7.902605e-10	0.1	2.307135e-09	5.647657e-12	0.1	2.307135e-09	9.017967e-11	0.1	2.307135e-09	1.484782e-10	0.1	2.307135e-09	6.148669e-12	0.1	2.307135e-09	2.73268e-19	0.1	2.307135e-09	9.769656e-13	0.1	2.307135e-09	4.235669e-21	0.1
4.097421e-09	0.9470645	0.1	4.097421e-09	2.814365e-13	0.1	4.097421e-09	8.097306e-17	0.1	4.097421e-09	0.04730319	0.1	4.097421e-09	0.005632347	0.1	4.097421e-09	1.389528e-09	0.1	4.097421e-09	9.929945e-12	0.1	4.097421e-09	1.585567e-10	0.1	4.097421e-09	2.6106e-10	0.1	4.097421e-09	1.081086e-11	0.1	4.097421e-09	4.804633e-19	0.1	4.097421e-09	1.717758e-12	0.1	4.097421e-09	7.44723e-21	0.1
6.647718e-09	0.9155653	0.1	6.647718e-09	4.501264e-13	0.1	6.647718e-09	2.126903e-16	0.1	6.647718e-09	0.07531905	0.1	6.647718e-09	0.009115624	0.1	6.647718e-09	2.222755e-09	0.1	6.647718e-09	1.588345e-11	0.1	6.647718e-09	2.536174e-10	0.1	6.647718e-09	4.175772e-10	0.1	6.647718e-09	1.729255e-11	0.1	6.647718e-09	7.685076e-19	0.1	6.647718e-09	2.747679e-12	0.1	6.647718e-09	1.191199e-20	0.1
1.060238e-08	0.8688164	0.1	1.060238e-08	7.023337e-13	0.1	1.060238e-08	5.392492e-16	0.1	1.060238e-08	0.1167007	0.1	1.060238e-08	0.0144829	0.1	1.060238e-08	3.469042e-09	0.1	1.060238e-08	2.478694e-11	0.1	1.060238e-08	3.957776e-10	0.1	1.060238e-08	6.516467e-10	0.1	1.060238e-08	2.698598e-11	0.1	1.060238e-08	1.199252e-18	0.1	1.060238e-08	4.287986e-12	0.1	1.060238e-08	1.858872e-20	0.1
1.603888e-08	0.8084921	0.1	1.603888e-08	1.031412e-12	0.1	1.603888e-08	1.228526e-15	0.1	1.603888e-08	0.1697146	0.1	1.603888e-08	0.02179334	0.1	1.603888e-08	5.096217e-09	0.1	1.603888e-08	3.64089e-11	0.1	1.603888e-08	5.813363e-10	0.1	1.603888e-08	9.57179e-10	0.1	1.603888e-08	3.963918e-11	0.1	1.603888e-08	1.761461e-18	0.1	1.603888e-08	6.298703e-12	0.1	1.603888e-08	2.730336e-20	0.1
2.353253e-08	0.732276	0.1	2.353253e-08	1.453991e-12	0.1	2.353253e-08	2.628442e-15	0.1	2.353253e-08	0.2359836	0.1	2.353253e-08	0.03174033	0.1	2.353253e-08	7.187586e-09	0.1	2.353253e-08	5.134184e-11	0.1	2.353253e-08	8.197458e-10	0.1	2.353253e-08	1.349745e-09	0.1	2.353253e-08	5.589733e-11	0.1	2.353253e-08	2.483743e-18	0.1	2.353253e-08	8.882463e-12	0.1	2.353253e-08	3.849948e-20	0.1
3.154046e-08	0.6589156	0.1	3.154046e-08	1.869399e-12	0.1	3.154046e-08	4.69083e-15	0.1	3.154046e-08	0.2988812	0.1	3.154046e-08	0.04220317	0.1	3.154046e-08	9.24574e-09	0.1	3.154046e-08	6.603249e-11	0.1	3.154046e-08	1.054269e-09	0.1	3.154046e-08	1.735928e-09	0.1	3.154046e-08	7.189191e-11	0.1	3.154046e-08	3.194184e-18	0.1	3.154046e-08	1.142456e-11	0.1	3.154046e-08	4.951241e-20	0.1
3.95484e-08	0.5930701	0.1	3.95484e-08	2.251188e-12	0.1	3.95484e-08	7.327144e-15	0.1	3.95484e-08	0.3544365	0.1	3.95484e-08	0.05249331	0.1	3.95484e-08	1.113957e-08	0.1	3.95484e-08	7.954558e-11	0.1	3.95484e-08	1.269975e-09	0.1	3.95484e-08	2.091141e-09	0.1	3.95484e-08	8.660465e-11	0.1	3.95484e-08	3.847558e-18	0.1	3.95484e-08	1.376317e-11	0.1	3.95484e-08	5.964104e-20	0.1
4.755633e-08	0.5339681	0.1	4.755633e-08	2.602808e-12	0.1	4.755633e-08	1.052611e-14	0.1	4.755633e-08	0.4034211	0.1	4.755633e-08	0.06261076	0.1	4.755633e-08	1.288587e-08	0.1	4.755633e-08	9.200203e-11	0.1	4.755633e-08	1.468794e-09	0.1	4.755633e-08	2.418564e-09	0.1	4.755633e-08	1.001672e-10	0.1	4.755633e-08	4.449724e-18	0.1	4.755633e-08	1.591918e-11	0.1	4.755633e-08	6.897619e-20	0.1
5.556427e-08	0.4809175	0.1	5.556427e-08	2.927355e-12	0.1	5.556427e-08	1.427669e-14	0.1	5.556427e-08	0.4465266	0.1	5.556427e-08	0.07255586	0.1	5.556427e-08	1.449973e-08	0.1	5.556427e-08	1.035103e-10	0.1	5.556427e-08	1.652459e-09	0.1	5.556427e-08	2.721048e-09	0.1	5.556427e-08	1.126976e-10	0.1	5.556427e-08	5.005942e-18	0.1	5.556427e-08	1.791134e-11	0.1	5.556427e-08	7.759934e-20	0.1
6.486968e-08	0.4260541	0.1	6.486968e-08	3.274141e-12	0.1	6.486968e-08	1.931357e-14	0.1	6.486968e-08	0.4900492	0.1	6.486968e-08	0.08389672	0.1	6.486968e-08	1.622652e-08	0.1	6.486968e-08	1.158206e-10	0.1	6.486968e-08	1.848896e-09	0.1	6.486968e-08	3.044591e-09	0.1	6.486968e-08	1.261015e-10	0.1	6.486968e-08	5.600782e-18	0.1	6.486968e-08	2.004264e-11	0.1	6.486968e-08	8.682165e-20	0.1
7.449947e-08	0.3760785	0.1	7.449947e-08	3.602589e-12	0.1	7.449947e-08	2.527723e-14	0.1	7.449947e-08	0.5285311	0.1	7.449947e-08	0.09539041	0.1	7.449947e-08	1.786446e-08	0.1	7.449947e-08	1.274946e-10	0.1	7.449947e-08	2.03515e-09	0.1	7.449947e-08	3.351387e-09	0.1	7.449947e-08	1.38813e-10	0.1	7.449947e-08	6.16473e-18	0.1	7.449947e-08	2.206414e-11	0.1	7.449947e-08	9.556544e-20	0.1
8.412925e-08	0.3321843	0.1	8.412925e-08	3.903825e-12	0.1	8.412925e-08	3.198722e-14	0.1	8.412925e-08	0.5611761	0.1	8.412925e-08	0.1066396	0.1	8.412925e-08	1.936902e-08	0.1	8.412925e-08	1.382159e-10	0.1	8.412925e-08	2.206172e-09	0.1	8.412925e-08	3.633121e-09	0.1	8.412925e-08	1.504875e-10	0.1	8.412925e-08	6.68251e-18	0.1	8.412925e-08	2.392103e-11	0.1	8.412925e-08	1.035939e-19	0.1
9.375903e-08	0.2936292	0.1	9.375903e-08	4.181169e-12	0.1	9.375903e-08	3.942604e-14	0.1	9.375903e-08	0.5887241	0.1	9.375903e-08	0.1176467	0.1	9.375903e-08	2.075637e-08	0.1	9.375903e-08	1.481009e-10	0.1	9.375903e-08	2.363821e-09	0.1	9.375903e-08	3.892853e-09	0.1	9.375903e-08	1.612516e-10	0.1	9.375903e-08	7.159763e-18	0.1	9.375903e-08	2.56334e-11	0.1	9.375903e-08	1.109943e-19	0.1
1.033888e-07	0.2597614	0.1	1.033888e-07	4.437536e-12	0.1	1.033888e-07	4.75766e-14	0.1	1.033888e-07	0.6118239	0.1	1.033888e-07	0.1284147	0.1	1.033888e-07	2.20407e-08	0.1	1.033888e-07	1.572517e-10	0.1	1.033888e-07	2.509728e-09	0.1	1.033888e-07	4.133268e-09	0.1	1.033888e-07	1.712166e-10	0.1	1.033888e-07	7.601441e-18	0.1	1.033888e-07	2.721893e-11	0.1	1.033888e-07	1.178435e-19	0.1
1.130186e-07	0.2300089	0.1	1.130186e-07	4.675485e-12	0.1	1.130186e-07	5.642224e-14	0.1	1.130186e-07	0.6310445	0.1	1.130186e-07	0.1389466	0.1	1.130186e-07	2.32345e-08	0.1	1.130186e-07	1.657581e-10	0.1	1.130186e-07	2.645326e-09	0.1	1.130186e-07	4.356725e-09	0.1	1.130186e-07	1.804801e-10	0.1	1.130186e-07	8.011888e-18	0.1	1.130186e-07	2.86931e-11	0.1	1.130186e-07	1.242088e-19	0.1
1.226484e-07	0.2038693	0.1	1.226484e-07	4.897262e-12	0.1	1.226484e-07	6.594668e-14	0.1	1.226484e-07	0.6468848	0.1	1.226484e-07	0.1492458	0.1	1.226484e-07	2.434871e-08	0.1	1.226484e-07	1.736986e-10	0.1	1.226484e-07	2.771873e-09	0.1	1.226484e-07	4.565292e-09	0.1	1.226484e-07	1.891277e-10	0.1	1.226484e-07	8.39492e-18	0.1	1.226484e-07	3.006952e-11	0.1	1.226484e-07	1.301492e-19	0.1
1.322782e-07	0.1809019	0.1	1.322782e-07	5.104838e-12	0.1	1.322782e-07	7.613405e-14	0.1	1.322782e-07	0.659782	0.1	1.322782e-07	0.159316	0.1	1.322782e-07	2.539295e-08	0.1	1.322782e-07	1.811425e-10	0.1	1.322782e-07	2.890471e-09	0.1	1.322782e-07	4.760788e-09	0.1	1.322782e-07	1.972348e-10	0.1	1.322782e-07	8.753886e-18	0.1	1.322782e-07	3.136013e-11	0.1	1.322782e-07	1.357168e-19	0.1
1.41908e-07	0.1607196	0.1	1.41908e-07	5.299946e-12	0.1	1.41908e-07	8.696886e-14	0.1	1.41908e-07	0.6701196	0.1	1.41908e-07	0.1691608	0.1	1.41908e-07	2.637565e-08	0.1	1.41908e-07	1.881504e-10	0.1	1.41908e-07	3.00209e-09	0.1	1.41908e-07	4.944806e-09	0.1	1.41908e-07	2.048673e-10	0.1	1.41908e-07	9.091726e-18	0.1	1.41908e-07	3.257543e-11	0.1	1.41908e-07	1.409571e-19	0.1
1.515377e-07	0.1429825	0.1	1.515377e-07	5.484103e-12	0.1	1.515377e-07	9.843599e-14	0.1	1.515377e-07	0.6782335	0.1	1.515377e-07	0.178784	0.1	1.515377e-07	2.730424e-08	0.1	1.515377e-07	1.947755e-10	0.1	1.515377e-07	3.107581e-09	0.1	1.515377e-07	5.118748e-09	0.1	1.515377e-07	2.120832e-10	0.1	1.515377e-07	9.411021e-18	0.1	1.515377e-07	3.37246e-11	0.1	1.515377e-07	1.4591e-19	0.1
1.611675e-07	0.1273925	0.1	1.611675e-07	5.658645e-12	0.1	1.611675e-07	1.105207e-13	0.1	1.611675e-07	0.6844179	0.1	1.611675e-07	0.1881895	0.1	1.611675e-07	2.818522e-08	0.1	1.611675e-07	2.010645e-10	0.1	1.611675e-07	3.20769e-09	0.1	1.611675e-07	5.283842e-09	0.1	1.611675e-07	2.189334e-10	0.1	1.611675e-07	9.714036e-18	0.1	1.611675e-07	3.481573e-11	0.1	1.611675e-07	1.506106e-19	0.1
1.707973e-07	0.1136877	0.1	1.707973e-07	5.824743e-12	0.1	1.707973e-07	1.232085e-13	0.1	1.707973e-07	0.6889308	0.1	1.707973e-07	0.1973814	0.1	1.707973e-07	2.902431e-08	0.1	1.707973e-07	2.070586e-10	0.1	1.707973e-07	3.303074e-09	0.1	1.707973e-07	5.441167e-09	0.1	1.707973e-07	2.254625e-10	0.1	1.707973e-07	1.000276e-17	0.1	1.707973e-07	3.585591e-11	0.1	1.707973e-07	1.550898e-19	0.1
1.804271e-07	0.1016383	0.1	1.804271e-07	5.983424e-12	0.1	1.804271e-07	1.364855e-13	0.1	1.804271e-07	0.6919979	0.1	1.804271e-07	0.2063637	0.1	1.804271e-07	2.982653e-08	0.1	1.804271e-07	2.127937e-10	0.1	1.804271e-07	3.394307e-09	0.1	1.804271e-07	5.591671e-09	0.1	1.804271e-07	2.317098e-10	0.1	1.804271e-07	1.027894e-17	0.1	1.804271e-07	3.685137e-11	0.1	1.804271e-07	1.593747e-19	0.1
1.900569e-07	0.09104243	0.1	1.900569e-07	6.135591e-12	0.1	1.900569e-07	1.503378e-13	0.1	1.900569e-07	0.6938171	0.1	1.900569e-07	0.2151404	0.1	1.900569e-07	3.05963e-08	0.1	1.900569e-07	2.183014e-10	0.1	1.900569e-07	3.481894e-09	0.1	1.900569e-07	5.736185e-09	0.1	1.900569e-07	2.377097e-10	0.1	1.900569e-07	1.05441e-17	0.1	1.900569e-07	3.780757e-11	0.1	1.900569e-07	1.634889e-19	0.1
1.996867e-07	0.08172298	0.1	1.996867e-07	6.282036e-12	0.1	1.996867e-07	1.647521e-13	0.1	1.996867e-07	0.6945613	0.1	1.996867e-07	0.2237157	0.1	1.996867e-07	3.133748e-08	0.1	1.996867e-07	2.236096e-10	0.1	1.996867e-07	3.56628e-09	0.1	1.996867e-07	5.87544e-09	0.1	1.996867e-07	2.434924e-10	0.1	1.996867e-07	1.07996e-17	0.1	1.996867e-07	3.87293e-11	0.1	1.996867e-07	1.674533e-19	0.1
2.093164e-07	0.07352444	0.1	2.093164e-07	6.423456e-12	0.1	2.093164e-07	1.797153e-13	0.1	2.093164e-07	0.694382	0.1	2.093164e-07	0.2320935	0.1	2.093164e-07	3.205348e-08	0.1	2.093164e-07	2.287425e-10	0.1	2.093164e-07	3.647854e-09	0.1	2.093164e-07	6.010076e-09	0.1	2.093164e-07	2.490844e-10	0.1	2.093164e-07	1.104661e-17	0.1	2.093164e-07	3.962078e-11	0.1	2.093164e-07	1.712863e-19	0.1
2.189462e-07	0.06631028	0.1	2.189462e-07	6.56046e-12	0.1	2.189462e-07	1.952146e-13	0.1	2.189462e-07	0.6934117	0.1	2.189462e-07	0.2402779	0.1	2.189462e-07	3.274729e-08	0.1	2.189462e-07	2.337216e-10	0.1	2.189462e-07	3.726958e-09	0.1	2.189462e-07	6.140656e-09	0.1	2.189462e-07	2.545091e-10	0.1	2.189462e-07	1.128617e-17	0.1	2.189462e-07	4.048571e-11	0.1	2.189462e-07	1.750038e-19	0.1
2.28576e-07	0.05996064	0.1	2.28576e-07	6.693585e-12	0.1	2.28576e-07	2.112376e-13	0.1	2.28576e-07	0.6917662	0.1	2.28576e-07	0.2482731	0.1	2.28576e-07	3.342153e-08	0.1	2.28576e-07	2.385657e-10	0.1	2.28576e-07	3.803891e-09	0.1	2.28576e-07	6.267673e-09	0.1	2.28576e-07	2.597868e-10	0.1	2.28576e-07	1.151919e-17	0.1	2.28576e-07	4.132732e-11	0.1	2.28576e-07	1.786199e-19	0.1
2.382058e-07	0.0543703	0.1	2.382058e-07	6.823301e-12	0.1	2.382058e-07	2.277721e-13	0.1	2.382058e-07	0.6895467	0.1	2.382058e-07	0.2560829	0.1	2.382058e-07	3.407851e-08	0.1	2.382058e-07	2.432911e-10	0.1	2.382058e-07	3.878918e-09	0.1	2.382058e-07	6.391562e-09	0.1	2.382058e-07	2.649355e-10	0.1	2.382058e-07	1.174646e-17	0.1	2.382058e-07	4.214847e-11	0.1	2.382058e-07	1.821472e-19	0.1
2.478356e-07	0.04944689	0.1	2.478356e-07	6.950022e-12	0.1	2.478356e-07	2.448062e-13	0.1	2.478356e-07	0.6868417	0.1	2.478356e-07	0.2637114	0.1	2.478356e-07	3.472026e-08	0.1	2.478356e-07	2.479125e-10	0.1	2.478356e-07	3.95227e-09	0.1	2.478356e-07	6.512703e-09	0.1	2.478356e-07	2.699709e-10	0.1	2.478356e-07	1.19687e-17	0.1	2.478356e-07	4.295166e-11	0.1	2.478356e-07	1.855963e-19	0.1
2.574654e-07	0.04510931	0.1	2.574654e-07	7.07411e-12	0.1	2.574654e-07	2.623284e-13	0.1	2.574654e-07	0.6837282	0.1	2.574654e-07	0.2711625	0.1	2.574654e-07	3.534856e-08	0.1	2.574654e-07	2.524425e-10	0.1	2.574654e-07	4.02415e-09	0.1	2.574654e-07	6.631431e-09	0.1	2.574654e-07	2.74907e-10	0.1	2.574654e-07	1.218651e-17	0.1	2.574654e-07	4.373908e-11	0.1	2.574654e-07	1.889769e-19	0.1
2.670951e-07	0.04128634	0.1	2.670951e-07	7.195884e-12	0.1	2.670951e-07	2.803272e-13	0.1	2.670951e-07	0.6802736	0.1	2.670951e-07	0.27844	0.1	2.670951e-07	3.596497e-08	0.1	2.670951e-07	2.568922e-10	0.1	2.670951e-07	4.094736e-09	0.1	2.670951e-07	6.748038e-09	0.1	2.670951e-07	2.797557e-10	0.1	2.670951e-07	1.240044e-17	0.1	2.670951e-07	4.451266e-11	0.1	2.670951e-07	1.922974e-19	0.1
2.767249e-07	0.0379155	0.1	2.767249e-07	7.315624e-12	0.1	2.767249e-07	2.987917e-13	0.1	2.767249e-07	0.6765367	0.1	2.767249e-07	0.2855478	0.1	2.767249e-07	3.657087e-08	0.1	2.767249e-07	2.612715e-10	0.1	2.767249e-07	4.164185e-09	0.1	2.767249e-07	6.862782e-09	0.1	2.767249e-07	2.845278e-10	0.1	2.767249e-07	1.261096e-17	0.1	2.767249e-07	4.52741e-11	0.1	2.767249e-07	1.95565e-19	0.1
2.863547e-07	0.03494188	0.1	2.863547e-07	7.433575e-12	0.1	2.863547e-07	3.177111e-13	0.1	2.863547e-07	0.6725684	0.1	2.863547e-07	0.2924896	0.1	2.863547e-07	3.716748e-08	0.1	2.863547e-07	2.655889e-10	0.1	2.863547e-07	4.232634e-09	0.1	2.863547e-07	6.97589e-09	0.1	2.863547e-07	2.892326e-10	0.1	2.863547e-07	1.281848e-17	0.1	2.863547e-07	4.602486e-11	0.1	2.863547e-07	1.987862e-19	0.1
2.979111e-07	0.03183031	0.1	2.979111e-07	7.573064e-12	0.1	2.979111e-07	3.410012e-13	0.1	2.979111e-07	0.6675632	0.1	2.979111e-07	0.3006064	0.1	2.979111e-07	3.787265e-08	0.1	2.979111e-07	2.706989e-10	0.1	2.979111e-07	4.313628e-09	0.1	2.979111e-07	7.109744e-09	0.1	2.979111e-07	2.948014e-10	0.1	2.979111e-07	1.306409e-17	0.1	2.979111e-07	4.691358e-11	0.1	2.979111e-07	2.025987e-19	0.1
3.094674e-07	0.02914948	0.1	3.094674e-07	7.710609e-12	0.1	3.094674e-07	3.649135e-13	0.1	3.094674e-07	0.6623547	0.1	3.094674e-07	0.3084958	0.1	3.094674e-07	3.856755e-08	0.1	3.094674e-07	2.75742e-10	0.1	3.094674e-07	4.393536e-09	0.1	3.094674e-07	7.241824e-09	0.1	3.094674e-07	3.002974e-10	0.1	3.094674e-07	1.330645e-17	0.1	3.094674e-07	4.779076e-11	0.1	3.094674e-07	2.063609e-19	0.1
3.210238e-07	0.0268376	0.1	3.210238e-07	7.846487e-12	0.1	3.210238e-07	3.894307e-13	0.1	3.210238e-07	0.6569984	0.1	3.210238e-07	0.3161639	0.1	3.210238e-07	3.925356e-08	0.1	3.210238e-07	2.807278e-10	0.1	3.210238e-07	4.472514e-09	0.1	3.210238e-07	7.372383e-09	0.1	3.210238e-07	3.05731e-10	0.1	3.210238e-07	1.354604e-17	0.1	3.210238e-07	4.865807e-11	0.1	3.210238e-07	2.100803e-19	0.1
3.325802e-07	0.02484181	0.1	3.325802e-07	7.980934e-12	0.1	3.325802e-07	4.145361e-13	0.1	3.325802e-07	0.6515413	0.1	3.325802e-07	0.3236168	0.1	3.325802e-07	3.993184e-08	0.1	3.325802e-07	2.856646e-10	0.1	3.325802e-07	4.550694e-09	0.1	3.325802e-07	7.501641e-09	0.1	3.325802e-07	3.111114e-10	0.1	3.325802e-07	1.378327e-17	0.1	3.325802e-07	4.951694e-11	0.1	3.325802e-07	2.137629e-19	0.1
3.441366e-07	0.02311687	0.1	3.441366e-07	8.114152e-12	0.1	3.441366e-07	4.402134e-13	0.1	3.441366e-07	0.6460226	0.1	3.441366e-07	0.3308604	0.1	3.441366e-07	4.06034e-08	0.1	3.441366e-07	2.905594e-10	0.1	3.441366e-07	4.62819e-09	0.1	3.441366e-07	7.629783e-09	0.1	3.441366e-07	3.164462e-10	0.1	3.441366e-07	1.401846e-17	0.1	3.441366e-07	5.03686e-11	0.1	3.441366e-07	2.174142e-19	0.1
3.556929e-07	0.02162408	0.1	3.556929e-07	8.246315e-12	0.1	3.556929e-07	4.664469e-13	0.1	3.556929e-07	0.6404754	0.1	3.556929e-07	0.3379004	0.1	3.556929e-07	4.126911e-08	0.1	3.556929e-07	2.954183e-10	0.1	3.556929e-07	4.705099e-09	0.1	3.556929e-07	7.756969e-09	0.1	3.556929e-07	3.21742e-10	0.1	3.556929e-07	1.425192e-17	0.1	3.556929e-07	5.121409e-11	0.1	3.556929e-07	2.210386e-19	0.1
3.672493e-07	0.02033033	0.1	3.672493e-07	8.377572e-12	0.1	3.672493e-07	4.932211e-13	0.1	3.672493e-07	0.6349272	0.1	3.672493e-07	0.3447424	0.1	3.672493e-07	4.192972e-08	0.1	3.672493e-07	3.002465e-10	0.1	3.672493e-07	4.781503e-09	0.1	3.672493e-07	7.883335e-09	0.1	3.672493e-07	3.270045e-10	0.1	3.672493e-07	1.44839e-17	0.1	3.672493e-07	5.20543e-11	0.1	3.672493e-07	2.246401e-19	0.1
3.788057e-07	0.01920729	0.1	3.788057e-07	8.508048e-12	0.1	3.788057e-07	5.205211e-13	0.1	3.788057e-07	0.6294008	0.1	3.788057e-07	0.3513919	0.1	3.788057e-07	4.258585e-08	0.1	3.788057e-07	3.050484e-10	0.1	3.788057e-07	4.857474e-09	0.1	3.788057e-07	8.008997e-09	0.1	3.788057e-07	3.322384e-10	0.1	3.788057e-07	1.471461e-17	0.1	3.788057e-07	5.288999e-11	0.1	3.788057e-07	2.282219e-19	0.1
3.90362e-07	0.01823072	0.1	3.90362e-07	8.637852e-12	0.1	3.90362e-07	5.483324e-13	0.1	3.90362e-07	0.623915	0.1	3.90362e-07	0.3578542	0.1	3.90362e-07	4.323806e-08	0.1	3.90362e-07	3.098278e-10	0.1	3.90362e-07	4.933073e-09	0.1	3.90362e-07	8.134057e-09	0.1	3.90362e-07	3.374478e-10	0.1	3.90362e-07	1.494424e-17	0.1	3.90362e-07	5.372183e-11	0.1	3.90362e-07	2.317869e-19	0.1
4.019184e-07	0.01737987	0.1	4.019184e-07	8.767078e-12	0.1	4.019184e-07	5.766409e-13	0.1	4.019184e-07	0.6184856	0.1	4.019184e-07	0.3641345	0.1	4.019184e-07	4.388681e-08	0.1	4.019184e-07	3.14588e-10	0.1	4.019184e-07	5.008351e-09	0.1	4.019184e-07	8.258599e-09	0.1	4.019184e-07	3.426364e-10	0.1	4.019184e-07	1.517294e-17	0.1	4.019184e-07	5.455037e-11	0.1	4.019184e-07	2.353376e-19	0.1
4.148672e-07	0.01655401	0.1	4.148672e-07	8.911284e-12	0.1	4.148672e-07	6.089341e-13	0.1	4.148672e-07	0.6124844	0.1	4.148672e-07	0.3709615	0.1	4.148672e-07	4.461015e-08	0.1	4.148672e-07	3.199022e-10	0.1	4.148672e-07	5.092375e-09	0.1	4.148672e-07	8.397622e-09	0.1	4.148672e-07	3.48429e-10	0.1	4.148672e-07	1.542825e-17	0.1	4.148672e-07	5.547541e-11	0.1	4.148672e-07	2.393016e-19	0.1
4.287443e-07	0.01579547	0.1	4.287443e-07	9.06524e-12	0.1	4.287443e-07	6.441951e-13	0.1	4.287443e-07	0.6061652	0.1	4.287443e-07	0.3780393	0.1	4.287443e-07	4.538164e-08	0.1	4.287443e-07	3.255781e-10	0.1	4.287443e-07	5.182098e-09	0.1	4.287443e-07	8.54609e-09	0.1	4.287443e-07	3.54616e-10	0.1	4.287443e-07	1.570094e-17	0.1	4.287443e-07	5.646347e-11	0.1	4.287443e-07	2.435354e-19	0.1
4.426214e-07	0.01514658	0.1	4.426214e-07	9.218683e-12	0.1	4.426214e-07	6.801095e-13	0.1	4.426214e-07	0.5999752	0.1	4.426214e-07	0.3848781	0.1	4.426214e-07	4.614981e-08	0.1	4.426214e-07	3.312374e-10	0.1	4.426214e-07	5.27154e-09	0.1	4.426214e-07	8.694106e-09	0.1	4.426214e-07	3.60785e-10	0.1	4.426214e-07	1.597284e-17	0.1	4.426214e-07	5.74487e-11	0.1	4.426214e-07	2.477569e-19	0.1
4.564984e-07	0.01458926	0.1	4.564984e-07	9.371692e-12	0.1	4.564984e-07	7.166559e-13	0.1	4.564984e-07	0.5939246	0.1	4.564984e-07	0.391486	0.1	4.564984e-07	4.691509e-08	0.1	4.564984e-07	3.36883e-10	0.1	4.564984e-07	5.360746e-09	0.1	4.564984e-07	8.841746e-09	0.1	4.564984e-07	3.66939e-10	0.1	4.564984e-07	1.624407e-17	0.1	4.564984e-07	5.843158e-11	0.1	4.564984e-07	2.519681e-19	0.1
4.703755e-07	0.0141085	0.1	4.703755e-07	9.524337e-12	0.1	4.703755e-07	7.538136e-13	0.1	4.703755e-07	0.5880206	0.1	4.703755e-07	0.3978708	0.1	4.703755e-07	4.767782e-08	0.1	4.703755e-07	3.42517e-10	0.1	4.703755e-07	5.449754e-09	0.1	4.703755e-07	8.98907e-09	0.1	4.703755e-07	3.730807e-10	0.1	4.703755e-07	1.651475e-17	0.1	4.703755e-07	5.941251e-11	0.1	4.703755e-07	2.561709e-19	0.1
4.842526e-07	0.01369182	0.1	4.842526e-07	9.676672e-12	0.1	4.842526e-07	7.915624e-13	0.1	4.842526e-07	0.5822682	0.1	4.842526e-07	0.4040399	0.1	4.842526e-07	4.843832e-08	0.1	4.842526e-07	3.481416e-10	0.1	4.842526e-07	5.538595e-09	0.1	4.842526e-07	9.13613e-09	0.1	4.842526e-07	3.79212e-10	0.1	4.842526e-07	1.678498e-17	0.1	4.842526e-07	6.039184e-11	0.1	4.842526e-07	2.603666e-19	0.1
4.981297e-07	0.01332887	0.1	4.981297e-07	9.828745e-12	0.1	4.981297e-07	8.29883e-13	0.1	4.981297e-07	0.5766705	0.1	4.981297e-07	0.4100006	0.1	4.981297e-07	4.919683e-08	0.1	4.981297e-07	3.537582e-10	0.1	4.981297e-07	5.627296e-09	0.1	4.981297e-07	9.282969e-09	0.1	4.981297e-07	3.853348e-10	0.1	4.981297e-07	1.705484e-17	0.1	4.981297e-07	6.136983e-11	0.1	4.981297e-07	2.645565e-19	0.1
5.142486e-07	0.01296343	0.1	5.142486e-07	1.000511e-11	0.1	5.142486e-07	8.750874e-13	0.1	5.142486e-07	0.5703647	0.1	5.142486e-07	0.4166718	0.1	5.142486e-07	5.007567e-08	0.1	5.142486e-07	3.60274e-10	0.1	5.142486e-07	5.730179e-09	0.1	5.142486e-07	9.453299e-09	0.1	5.142486e-07	3.924379e-10	0.1	5.142486e-07	1.736789e-17	0.1	5.142486e-07	6.250443e-11	0.1	5.142486e-07	2.694172e-19	0.1
5.30928e-07	0.01263769	0.1	5.30928e-07	1.018733e-11	0.1	5.30928e-07	9.22619e-13	0.1	5.30928e-07	0.564062	0.1	5.30928e-07	0.4233002	0.1	5.30928e-07	5.098285e-08	0.1	5.30928e-07	3.670089e-10	0.1	5.30928e-07	5.8365e-09	0.1	5.30928e-07	9.629336e-09	0.1	5.30928e-07	3.997799e-10	0.1	5.30928e-07	1.769148e-17	0.1	5.30928e-07	6.367723e-11	0.1	5.30928e-07	2.744415e-19	0.1
5.476075e-07	0.01235553	0.1	5.476075e-07	1.036933e-11	0.1	5.476075e-07	9.708891e-13	0.1	5.476075e-07	0.5579841	0.1	5.476075e-07	0.4296603	0.1	5.476075e-07	5.188803e-08	0.1	5.476075e-07	3.737375e-10	0.1	5.476075e-07	5.942704e-09	0.1	5.476075e-07	9.805192e-09	0.1	5.476075e-07	4.071152e-10	0.1	5.476075e-07	1.801478e-17	0.1	5.476075e-07	6.4849e-11	0.1	5.476075e-07	2.794613e-19	0.1
5.642869e-07	0.01210903	0.1	5.642869e-07	1.055114e-11	0.1	5.642869e-07	1.019869e-12	0.1	5.642869e-07	0.5521281	0.1	5.642869e-07	0.4357628	0.1	5.642869e-07	5.279143e-08	0.1	5.642869e-07	3.804612e-10	0.1	5.642869e-07	6.048812e-09	0.1	5.642869e-07	9.980902e-09	0.1	5.642869e-07	4.144451e-10	0.1	5.642869e-07	1.833784e-17	0.1	5.642869e-07	6.601995e-11	0.1	5.642869e-07	2.844775e-19	0.1
5.809663e-07	0.01189186	0.1	5.809663e-07	1.073279e-11	0.1	5.809663e-07	1.069531e-12	0.1	5.809663e-07	0.5464898	0.1	5.809663e-07	0.4416183	0.1	5.809663e-07	5.369322e-08	0.1	5.809663e-07	3.871809e-10	0.1	5.809663e-07	6.15484e-09	0.1	5.809663e-07	1.015649e-08	0.1	5.809663e-07	4.217708e-10	0.1	5.809663e-07	1.866072e-17	0.1	5.809663e-07	6.719025e-11	0.1	5.809663e-07	2.894908e-19	0.1
5.990262e-07	0.01168391	0.1	5.990262e-07	1.092932e-11	0.1	5.990262e-07	1.124041e-12	0.1	5.990262e-07	0.5406247	0.1	5.990262e-07	0.4476913	0.1	5.990262e-07	5.466801e-08	0.1	5.990262e-07	3.944532e-10	0.1	5.990262e-07	6.269569e-09	0.1	5.990262e-07	1.03465e-08	0.1	5.990262e-07	4.296989e-10	0.1	5.990262e-07	1.901015e-17	0.1	5.990262e-07	6.845682e-11	0.1	5.990262e-07	2.949164e-19	0.1
6.191569e-07	0.01147933	0.1	6.191569e-07	1.114821e-11	0.1	6.191569e-07	1.185668e-12	0.1	6.191569e-07	0.5343727	0.1	6.191569e-07	0.4541478	0.1	6.191569e-07	5.575276e-08	0.1	6.191569e-07	4.025557e-10	0.1	6.191569e-07	6.397375e-09	0.1	6.191569e-07	1.055818e-08	0.1	6.191569e-07	4.385323e-10	0.1	6.191569e-07	1.939949e-17	0.1	6.191569e-07	6.986806e-11	0.1	6.191569e-07	3.009617e-19	0.1
6.392875e-07	0.01129809	0.1	6.392875e-07	1.136696e-11	0.1	6.392875e-07	1.248166e-12	0.1	6.392875e-07	0.5284117	0.1	6.392875e-07	0.4602901	0.1	6.392875e-07	5.683576e-08	0.1	6.392875e-07	4.106554e-10	0.1	6.392875e-07	6.525115e-09	0.1	6.392875e-07	1.076977e-08	0.1	6.392875e-07	4.473625e-10	0.1	6.392875e-07	1.97887e-17	0.1	6.392875e-07	7.127884e-11	0.1	6.392875e-07	3.07005e-19	0.1
6.594182e-07	0.01113586	0.1	6.594182e-07	1.158557e-11	0.1	6.594182e-07	1.311496e-12	0.1	6.594182e-07	0.5227306	0.1	6.594182e-07	0.4661334	0.1	6.594182e-07	5.791719e-08	0.1	6.594182e-07	4.187528e-10	0.1	6.594182e-07	6.652799e-09	0.1	6.594182e-07	1.098127e-08	0.1	6.594182e-07	4.561904e-10	0.1	6.594182e-07	2.017782e-17	0.1	6.594182e-07	7.268927e-11	0.1	6.594182e-07	3.130468e-19	0.1
6.795489e-07	0.01098928	0.1	6.795489e-07	1.180407e-11	0.1	6.795489e-07	1.375618e-12	0.1	6.795489e-07	0.5173183	0.1	6.795489e-07	0.4716923	0.1	6.795489e-07	5.899716e-08	0.1	6.795489e-07	4.268485e-10	0.1	6.795489e-07	6.780437e-09	0.1	6.795489e-07	1.119271e-08	0.1	6.795489e-07	4.650164e-10	0.1	6.795489e-07	2.056685e-17	0.1	6.795489e-07	7.409943e-11	0.1	6.795489e-07	3.190874e-19	0.1
7.038616e-07	0.01082944	0.1	7.038616e-07	1.206783e-11	0.1	7.038616e-07	1.454066e-12	0.1	7.038616e-07	0.5111239	0.1	7.038616e-07	0.4780465	0.1	7.038616e-07	6.02997e-08	0.1	7.038616e-07	4.366242e-10	0.1	7.038616e-07	6.934539e-09	0.1	7.038616e-07	1.144801e-08	0.1	7.038616e-07	4.75674e-10	0.1	7.038616e-07	2.103664e-17	0.1	7.038616e-07	7.580229e-11	0.1	7.038616e-07	3.263817e-19	0.1
7.281744e-07	0.01068514	0.1	7.281744e-07	1.233146e-11	0.1	7.281744e-07	1.533555e-12	0.1	7.281744e-07	0.5052857	0.1	7.281744e-07	0.4840291	0.1	7.281744e-07	6.160046e-08	0.1	7.281744e-07	4.463983e-10	0.1	7.281744e-07	7.088593e-09	0.1	7.281744e-07	1.170323e-08	0.1	7.281744e-07	4.8633e-10	0.1	7.281744e-07	2.150636e-17	0.1	7.281744e-07	7.750493e-11	0.1	7.281744e-07	3.336751e-19	0.1
7.524871e-07	0.01055372	0.1	7.524871e-07	1.259497e-11	0.1	7.524871e-07	1.614027e-12	0.1	7.524871e-07	0.4997845	0.1	7.524871e-07	0.4896617	0.1	7.524871e-07	6.289956e-08	0.1	7.524871e-07	4.561713e-10	0.1	7.524871e-07	7.242607e-09	0.1	7.524871e-07	1.195841e-08	0.1	7.524871e-07	4.969847e-10	0.1	7.524871e-07	2.197604e-17	0.1	7.524871e-07	7.920742e-11	0.1	7.524871e-07	3.409677e-19	0.1
7.787997e-07	0.01042372	0.1	7.787997e-07	1.288003e-11	0.1	7.787997e-07	1.702164e-12	0.1	7.787997e-07	0.4941892	0.1	7.787997e-07	0.4953869	0.1	7.787997e-07	6.430381e-08	0.1	7.787997e-07	4.667471e-10	0.1	7.787997e-07	7.40925e-09	0.1	7.787997e-07	1.223452e-08	0.1	7.787997e-07	5.085147e-10	0.1	7.787997e-07	2.248432e-17	0.1	7.787997e-07	8.104981e-11	0.1	7.787997e-07	3.488596e-19	0.1
8.081121e-07	0.01029158	0.1	8.081121e-07	1.319745e-11	0.1	8.081121e-07	1.801552e-12	0.1	8.081121e-07	0.4883681	0.1	8.081121e-07	0.5013402	0.1	8.081121e-07	6.58662e-08	0.1	8.081121e-07	4.785277e-10	0.1	8.081121e-07	7.59485e-09	0.1	8.081121e-07	1.254205e-08	0.1	8.081121e-07	5.213581e-10	0.1	8.081121e-07	2.305051e-17	0.1	8.081121e-07	8.310213e-11	0.1	8.081121e-07	3.576508e-19	0.1
8.374245e-07	0.0101709	0.1	8.374245e-07	1.351472e-11	0.1	8.374245e-07	1.902127e-12	0.1	8.374245e-07	0.4829528	0.1	8.374245e-07	0.5068762	0.1	8.374245e-07	6.742672e-08	0.1	8.374245e-07	4.903075e-10	0.1	8.374245e-07	7.780412e-09	0.1	8.374245e-07	1.284953e-08	0.1	8.374245e-07	5.342007e-10	0.1	8.374245e-07	2.361668e-17	0.1	8.374245e-07	8.515436e-11	0.1	8.374245e-07	3.664415e-19	0.1
8.691786e-07	0.01005132	0.1	8.691786e-07	1.385828e-11	0.1	8.691786e-07	2.01233e-12	0.1	8.691786e-07	0.4775122	0.1	8.691786e-07	0.5124364	0.1	8.691786e-07	6.911527e-08	0.1	8.691786e-07	5.030679e-10	0.1	8.691786e-07	7.981394e-09	0.1	8.691786e-07	1.318257e-08	0.1	8.691786e-07	5.481121e-10	0.1	8.691786e-07	2.423e-17	0.1	8.691786e-07	8.737746e-11	0.1	8.691786e-07	3.759642e-19	0.1
